,ppid,radius,direction,startingpos,trialn,timestamp,trialtype_signed,World_x,World_z,WorldYaw,SWV,SWA,YawRate_seconds,TurnAngle_frames,Distance_frames,dt,BendVisible
2,1000_radii_1,-1,R,0,0,28.7355607,0,0,0,0,0,0,0,0,0,0.051301734,FALSE
3,1000_radii_1,-1,R,0,0,28.7766374,0,0,0,0,0,0,0,0,0,0.041153073,FALSE
4,1000_radii_1,-1,R,0,0,28.77818713,0,0,0,0,0,0,0,0,0,0.001574777,FALSE
5,1000_radii_1,-1,R,0,0,28.90234756,0,0,0,0,0,0,0,0,0,0.124127225,FALSE
6,1000_radii_1,-1,R,0,0,28.90375239,0,0,0,0,0,0,0,0,0,0.001439546,FALSE
7,1000_radii_1,-1,R,0,0,28.90471621,0,0,0,0,0,0,0,0,0,0.000964426,FALSE
8,1000_radii_1,-1,R,0,0,28.91844789,0,0,0,0,0,0,0,0,0,0.013726847,FALSE
9,1000_radii_1,-1,R,0,0,28.93665818,0,0,0,0,0,0,0,0,0,0.018206976,FALSE
10,1000_radii_1,-1,R,0,0,28.95408094,0,0,0,0,0,0,0,0,0,0.017416419,FALSE
11,1000_radii_1,-1,R,0,0,28.96930921,0,0,0,0,0,0,0,0,0,0.015237027,FALSE
12,1000_radii_1,-1,R,0,0,28.98598307,0,0,0,0,0,0,0,0,0,0.016673252,FALSE
13,1000_radii_1,-1,R,0,0,29.00313386,0,0,0,0,0,0,0,0,0,0.01715139,FALSE
14,1000_radii_1,-1,R,0,0,29.01930633,0,0,0,0,0,0,0,0,0,0.016171569,FALSE
15,1000_radii_1,-1,R,0,0,29.03594668,0,0,0,0,0,0,0,0,0,0.016639746,FALSE
16,1000_radii_1,-1,R,0,0,29.05265948,0,0,0,0,0,0,0,0,0,0.016713399,FALSE
17,1000_radii_1,-1,R,0,0,29.06925545,0,0,0,0,0,0,0,0,0,0.016594468,FALSE
18,1000_radii_1,-1,R,0,0,29.08593474,0,0,0,0,0,0,0,0,0,0.016681402,FALSE
19,1000_radii_1,-1,R,0,0,29.10262852,0,0,0,0,0,0,0,0,0,0.01669408,FALSE
20,1000_radii_1,-1,R,0,0,29.11926646,0,0,0,0,0,0,0,0,0,0.016636124,FALSE
21,1000_radii_1,-1,R,0,0,29.13595631,0,0,0,0,0,0,0,0,0,0.016691363,FALSE
22,1000_radii_1,-1,R,0,0,29.15264526,0,0,0,0,0,0,0,0,0,0.016688043,FALSE
23,1000_radii_1,-1,R,0,0,29.16929829,0,0,0,0,0,0,0,0,0,0.01665182,FALSE
24,1000_radii_1,-1,R,0,0,29.18592475,0,0,0,0,0,0,0,0,0,0.016630389,FALSE
25,1000_radii_1,-1,R,0,0,29.20259287,0,0,0,0,0,0,0,0,0,0.016665706,FALSE
26,1000_radii_1,-1,R,0,0,29.21926099,0,0,0,0,0,0,0,0,0,0.016668121,FALSE
27,1000_radii_1,-1,R,0,0,29.23596141,0,0,0,0,0,0,0,0,0,0.016701023,FALSE
28,1000_radii_1,-1,R,0,0,29.25261323,0,0,0,0,0,0,0,0,0,0.016653028,FALSE
29,1000_radii_1,-1,R,0,0,29.26930369,0,0,0,0,0,0,0,0,0,0.016692269,FALSE
30,1000_radii_1,-1,R,0,0,29.28590993,0,0,0,0,0,0,0,0,0,0.01660624,FALSE
31,1000_radii_1,-1,R,0,0,29.30286602,0,0,0,0,0,0,0,0,0,0.016938281,FALSE
32,1000_radii_1,-1,R,0,0,29.31944811,0,0,0,0,0,0,0,0,0,0.016586016,FALSE
33,1000_radii_1,-1,R,0,0,29.33599368,0,0,0,0,0,0,0,0,0,0.016550095,FALSE
34,1000_radii_1,-1,R,0,0,29.3528731,0,0,0,0,0,0,0,0,0,0.016852856,FALSE
35,1000_radii_1,-1,R,0,0,29.36954062,0,0,0,0,0,0,0,0,0,0.016663895,FALSE
36,1000_radii_1,-1,R,0,0,29.3861218,0,0,0,0,0,0,0,0,0,0.016602014,FALSE
37,1000_radii_1,-1,R,0,0,29.4029164,0,0,0,0,0,0,0,0,0,0.016783127,FALSE
38,1000_radii_1,-1,R,0,0,29.4194191,0,0,0,0,0,0,0,0,0,0.016514175,FALSE
39,1000_radii_1,-1,R,0,0,29.43600844,0,0,0,0,0,0,0,0,0,0.016601713,FALSE
40,1000_radii_1,-1,R,0,0,29.45278342,0,0,0,0,0,0,0,0,0,0.016749923,FALSE
41,1000_radii_1,-1,R,0,0,29.46941924,0,0,0,0,0,0,0,0,0,0.016643972,FALSE
42,1000_radii_1,-1,R,0,0,29.48625731,0,0,0,0,0,0,0,0,0,0.0168275,FALSE
43,1000_radii_1,-1,R,0,0,29.52619602,0,0,0,0,0,0,0,0,0,0.039942636,FALSE
44,1000_radii_1,-1,R,0,0,29.52761504,0,0,0,0,0,0,0,0,0,0.001445583,FALSE
45,1000_radii_1,-1,R,0,0,29.53614666,0,0,0,0,0,0,0,0,0,0.008505665,FALSE
46,1000_radii_1,-1,R,0,0,29.55308192,0,0,0,0,0,0,0,0,0,0.01676894,FALSE
47,1000_radii_1,-1,R,0,0,29.56952426,0,0,0,0,0,0,0,0,0,0.016610164,FALSE
48,1000_radii_1,-1,R,0,0,29.58623041,0,0,0,0,0,0,0,0,0,0.016707664,FALSE
49,1000_radii_1,-1,R,0,0,29.6028928,0,0,0,0,0,0,0,0,0,0.016659367,FALSE
50,1000_radii_1,-1,R,0,0,29.61945346,0,0,0,0,0,0,0,0,0,0.01656217,FALSE
51,1000_radii_1,-1,R,0,0,29.63612248,0,0,0,0,0,0,0,0,0,0.016669932,FALSE
52,1000_radii_1,-1,R,0,0,29.65269431,0,0,0.13253358,0,0,0,0,0,0.132533579,0.016566697,FALSE
53,1000_radii_1,-1,R,0,0,29.66943427,0,0,0.266460538,0,0,0,0,0,0.133926941,0.016740868,FALSE
54,1000_radii_1,-1,R,0,0,29.68607734,0,0,0.399614751,0,0,0,0,0,0.133154193,0.016644274,FALSE
55,1000_radii_1,-1,R,0,0,29.70260268,0,0,0.531969666,0,0,0,0,0,0.132354881,0.01654436,TRUE
56,1000_radii_1,-1,R,0,0,29.71941237,0,0,0.666343331,0,0,0,0,0,0.134373686,0.016796711,TRUE
57,1000_radii_1,-1,R,0,0,29.73592745,0,0,0.79856056,0,0,0,0,0,0.132217235,0.016527154,TRUE
58,1000_radii_1,-1,R,0,0,29.75259195,0,0,0.931813776,0,0,0,0,0,0.133253201,0.01665665,TRUE
59,1000_radii_1,-1,R,0,0,29.76921902,0,0,1.064946175,0,0,0,0,0,0.133132459,0.016641557,TRUE
60,1000_radii_1,-1,R,0,0,29.78615821,0,0,1.20041132,0,0,0,0,0,0.135465193,0.016933149,TRUE
61,1000_radii_1,-1,R,0,0,29.80269925,0,0,1.33257544,0,0,0,0,0,0.132164109,0.016520514,TRUE
62,1000_radii_1,-1,R,0,0,29.81934171,0,0,1.465787649,0,0,0,0,0,0.133212149,0.016651519,TRUE
63,1000_radii_1,-1,R,0,0,29.83605511,0,0,1.59957695,0,0,0,0,0,0.133789295,0.016723662,TRUE
64,1000_radii_1,-1,R,0,0,29.85269184,0,0,1.732646585,0,0,0,0,0,0.133069673,0.016633709,TRUE
65,1000_radii_1,-1,R,0,0,29.86921114,0,0,1.864863873,0,0,0,0,0,0.132217235,0.016527154,TRUE
66,1000_radii_1,-1,R,0,0,29.88589828,0,0,1.998377919,0,0,0,0,0,0.133514003,0.01668925,TRUE
67,1000_radii_1,-1,R,0,0,29.90252927,0,0,2.131416321,0,0,0,0,0,0.13303828,0.016629785,TRUE
68,1000_radii_1,-1,R,0,0,29.91922788,0,0,2.264995575,0,0,0,0,0,0.133579204,0.016697401,TRUE
69,1000_radii_1,-1,R,0,0,29.93594098,0,0,2.398714781,0,0,0,0,0,0.133719265,0.016714908,TRUE
70,1000_radii_1,-1,R,0,0,29.95256563,0,0,2.531704664,0,0,0,0,0,0.132989984,0.016623748,TRUE
71,1000_radii_1,-1,R,0,0,29.96931072,0,0,2.665675163,0,0,0,0,0,0.133970408,0.016746301,TRUE
72,1000_radii_1,-1,R,0,0,29.98600329,0,0,2.799194098,0,0,0,0,0,0.133518833,0.016689854,TRUE
73,1000_radii_1,-1,R,0,0,30.00263278,0,0,2.932186604,0,0,0,0,0,0.132992398,0.01662405,TRUE
74,1000_radii_1,-1,R,0,0,30.019367,0,0,3.065961361,0,0,0,0,0,0.133774806,0.016721851,TRUE
75,1000_radii_1,-1,R,0,0,30.03599226,0,0,3.199084282,0,0,0,0,0,0.1331228,0.01664035,TRUE
76,1000_radii_1,-1,R,0,0,30.05262054,0,0,3.332141876,0,0,0,0,0,0.133057599,0.0166322,TRUE
77,1000_radii_1,-1,R,0,0,30.06936201,0,0,3.466059208,0,0,0,0,0,0.133917282,0.01673966,TRUE
78,1000_radii_1,-1,R,0,0,30.0858955,0,0,3.598334312,0,0,0,0,0,0.132275191,0.016534399,TRUE
79,1000_radii_1,-1,R,0,0,30.10258143,0,0,3.731841087,0,0,0,0,0,0.133506759,0.016688345,TRUE
80,1000_radii_1,-1,R,0,0,30.11923476,0,0,3.865060568,0,0,0,0,0,0.133219393,0.016652424,TRUE
81,1000_radii_1,-1,R,0,0,30.13599253,0,0,3.999091387,0,0,0,0,0,0.134030779,0.016753847,TRUE
82,1000_radii_1,-1,R,0,0,30.15261839,0,0,4.132086277,0,0,0,0,0,0.132994813,0.016624352,TRUE
83,1000_radii_1,-1,R,0,0,30.16924939,0,0,4.265139103,0,0,0,0,0,0.133052769,0.016631596,TRUE
84,1000_radii_1,-1,R,0,0,30.18615477,0,0,4.400316715,0,0,0,0,0,0.135177827,0.016897228,TRUE
85,1000_radii_1,-1,R,0,0,30.20252314,0,0,4.531357765,0,0,0,0,0,0.131041209,0.016380151,TRUE
86,1000_radii_1,-1,R,0,0,30.21917406,0,0,4.664560318,0,0,0,0,0,0.133202489,0.016650311,TRUE
87,1000_radii_1,-1,R,0,0,30.2358461,0,0,4.797944069,0,0,0,0,0,0.133383602,0.01667295,TRUE
88,1000_radii_1,-1,R,0,0,30.25251483,0,0,4.931301117,0,0,0,0,0,0.133357039,0.01666963,TRUE
89,1000_radii_1,-1,R,0,0,30.26918325,0,0,5.064655781,0,0,0,0,0,0.133354624,0.016669328,TRUE
90,1000_radii_1,-1,R,0,0,30.28586616,0,0,5.198116779,0,0,0,0,0,0.133460877,0.01668261,TRUE
91,1000_radii_1,-1,R,0,0,30.30246787,0,0,5.330935478,0,0,0,0,0,0.13281853,0.016602316,TRUE
92,1000_radii_1,-1,R,0,0,30.31918339,0,0,5.464664459,0,0,0,0,0,0.133728924,0.016716116,TRUE
93,1000_radii_1,-1,R,0,0,30.33590644,0,0,5.598456383,0,0,0,0,0,0.13379171,0.016723964,TRUE
94,1000_radii_1,-1,R,0,0,30.35249578,0,0,5.731105804,0,0,0,0,0,0.132649491,0.016581186,TRUE
95,1000_radii_1,-1,R,0,0,30.36921009,0,0,5.864859104,0,0,0,0,0,0.133753073,0.016719134,TRUE
96,1000_radii_1,-1,R,0,0,30.3859259,0,0,5.99860239,0,0,0,0,0,0.133743413,0.016717927,TRUE
97,1000_radii_1,-1,R,0,0,30.40258044,0,0,6.131793022,0,0,0,0,0,0.133190415,0.016648802,TRUE
98,1000_radii_1,-1,R,0,0,30.41924041,0,0,6.265111446,0,0,0,0,0,0.133318402,0.0166648,TRUE
99,1000_radii_1,-1,R,0,0,30.43593147,0,0,6.398632526,0,0,0,0,0,0.133521248,0.016690156,TRUE
100,1000_radii_1,-1,R,0,0,30.45246889,0,0,6.530965805,0,0,0,0,0,0.132333147,0.016541643,TRUE
101,1000_radii_1,-1,R,0,0,30.46918983,0,0,6.664716244,0,0,0,0,0,0.133750658,0.016718832,TRUE
102,1000_radii_1,-1,R,0,0,30.48591772,0,0,6.798512936,0,0,0,0,0,0.13379654,0.016724567,TRUE
103,1000_radii_1,-1,R,0,0,30.50255354,0,0,6.931621075,0,0,0,0,0,0.133108311,0.016638539,TRUE
104,1000_radii_1,-1,R,0,0,30.51917216,0,0,7.064565182,0,0,0,0,0,0.132944102,0.016618013,TRUE
105,1000_radii_1,-1,R,0,0,30.53587831,0,0,7.198204994,0,0,0,0,0,0.133639575,0.016704947,TRUE
106,1000_radii_1,-1,R,0,0,30.55265299,0,0,7.332376003,0,0,0,0,0,0.13417084,0.016771355,TRUE
107,1000_radii_1,-1,R,0,0,30.56923115,0,0,7.465042591,0,0,0,0,0,0.132666395,0.016583299,TRUE
108,1000_radii_1,-1,R,0,0,30.58594003,0,0,7.598711014,0,0,0,0,0,0.133668553,0.016708569,TRUE
109,1000_radii_1,-1,R,0,0,30.6034639,0,0,7.738882542,0,0,0,0,0,0.140171713,0.017521464,TRUE
110,1000_radii_1,-1,R,0,0,30.62014833,0,0,7.872377396,0,0,0,0,0,0.133494685,0.016686836,TRUE
111,1000_radii_1,-1,R,0,0,30.63668906,0,0,8.00470829,0,0,0,0,0,0.132330733,0.016541342,TRUE
112,1000_radii_1,-1,R,0,0,30.6533928,0,0,8.138336182,0,0,0,0,0,0.133627501,0.016703438,TRUE
113,1000_radii_1,-1,R,0,0,30.67013518,0,0,8.272258759,0,0,0,0,0,0.133922111,0.016740264,TRUE
114,1000_radii_1,-1,R,0,0,30.68666626,0,0,8.404529572,0,0,0,0,0,0.132270362,0.016533795,TRUE
115,1000_radii_1,-1,R,0,0,30.70332472,0,0,8.537795067,0,0,0,0,0,0.133265275,0.016658159,TRUE
116,1000_radii_1,-1,R,0,0,30.72008581,0,0,8.671897888,0,0,0,0,0,0.134103224,0.016762903,TRUE
117,1000_radii_1,-1,R,0,0,30.73671258,0,0,8.804924011,0,0,0,0,0,0.133026206,0.016628276,TRUE
118,1000_radii_1,-1,R,0,0,30.75334085,0,0,8.937904358,0,0,0,0,0,0.132980324,0.016622541,TRUE
119,1000_radii_1,-1,R,0,0,30.77012549,0,0,9.072191238,0,0,0,0,0,0.134286752,0.016785844,TRUE
120,1000_radii_1,-1,R,0,0,30.78685157,0,0,9.205780029,0,0,0,0,0,0.133588863,0.016698608,TRUE
121,1000_radii_1,-1,R,0,0,30.80358308,0,0,9.339562416,0,0,0,0,0,0.133782051,0.016722756,TRUE
122,1000_radii_1,-1,R,0,0,30.8203816,0,0,9.473959923,0,0,0,0,0,0.134397834,0.016799729,TRUE
123,1000_radii_1,-1,R,0,0,30.8369975,0,0,9.606860161,0,0,0,0,0,0.132900635,0.016612579,TRUE
124,1000_radii_1,-1,R,0,0,30.85369097,0,0,9.740439415,0,0,0,0,0,0.133579204,0.016697401,TRUE
125,1000_radii_1,-1,R,0,0,30.87030929,0,0,9.87338829,0,0,0,0,0,0.132948931,0.016618616,TRUE
126,1000_radii_1,-1,R,0,0,30.88703627,0,0,10.00719166,0,0,0,0,0,0.133803784,0.016725473,TRUE
127,1000_radii_1,-1,R,0,0,30.90369262,0,0,10.14041805,0,0,0,0,0,0.133226638,0.01665333,TRUE
128,1000_radii_1,-1,R,0,0,30.9204836,0,0,10.27463722,0,0,0,0,0,0.134219136,0.016777392,TRUE
129,1000_radii_1,-1,R,0,0,30.93710795,0,0,10.4077549,0,0,0,0,0,0.13311797,0.016639746,TRUE
130,1000_radii_1,-1,R,0,0,30.95361276,0,0,10.53983212,0,0,0,0,0,0.132077175,0.016509647,TRUE
131,1000_radii_1,-1,R,0,0,30.97032254,0,0,10.67353249,0,0,0,0,0,0.133699946,0.016712493,TRUE
132,1000_radii_1,-1,R,0,0,30.98689377,0,0,10.80610943,0,0,0,0,0,0.132577046,0.016572131,TRUE
133,1000_radii_1,-1,R,0,0,31.00356762,0,0,10.9394474,0,0,0,0,0,0.13333772,0.016667215,TRUE
134,1000_radii_1,-1,R,0,0,31.02059857,0,0,11.07472706,0,0,0,0,0,0.13527925,0.016909906,TRUE
135,1000_radii_1,-1,R,0,0,31.03684832,0,0,11.205616,0,0,0,0,0,0.130889074,0.016361134,TRUE
136,1000_radii_1,-1,R,0,0,31.05361605,0,0,11.33987331,0,0,0,0,0,0.134257774,0.016782222,TRUE
137,1000_radii_1,-1,R,0,0,31.06999379,0,0,11.47114849,0,0,0,0,0,0.131275448,0.016409431,TRUE
138,1000_radii_1,-1,R,0,0,31.0866106,0,0,11.60408306,0,0,0,0,0,0.132934442,0.016616805,TRUE
139,1000_radii_1,-1,R,0,0,31.10331917,0,0,11.7377491,0,0,0,0,0,0.133666138,0.016708267,TRUE
140,1000_radii_1,-1,R,0,0,31.11999906,0,0,11.87120533,0,0,0,0,0,0.133456047,0.016682006,TRUE
141,1000_radii_1,-1,R,0,0,31.13707861,0,0,12.0066824,0,0,0,0,0,0.135477267,0.016934658,TRUE
142,1000_radii_1,-1,R,0,0,31.15336186,0,0,12.13805676,0,0,0,0,0,0.131374457,0.016421807,TRUE
143,1000_radii_1,-1,R,0,0,31.17007707,0,0,12.2717638,0,0,0,0,0,0.133707191,0.016713399,TRUE
144,1000_radii_1,-1,R,0,0,31.18676029,0,0,12.40529251,0,0,0,0,0,0.133528493,0.016691062,TRUE
145,1000_radii_1,-1,R,0,0,31.20342539,0,0,12.53860569,0,0,0,0,0,0.133313572,0.016664196,TRUE
146,1000_radii_1,-1,R,0,0,31.22000718,0,0,12.67126942,0,0,0,0,0,0.13266398,0.016582998,TRUE
147,1000_radii_1,-1,R,0,0,31.23674503,0,0,12.80517006,0,0,0,0,0,0.133900378,0.016737547,TRUE
148,1000_radii_1,-1,R,0,0,31.25337572,0,0,12.93821812,0,0,0,0,0,0.13304794,0.016630992,TRUE
149,1000_radii_1,-1,R,0,0,31.27009878,0,0,13.07200527,0,0,0,0,0,0.13378688,0.01672336,TRUE
150,1000_radii_1,-1,R,0,0,31.28682485,0,0,13.20549297,0,0,0,0,0,0.13348744,0.01668593,TRUE
151,1000_radii_1,-1,R,0,0,31.30336197,0,0,13.33810139,0,0,0,0,0,0.132608439,0.016576055,TRUE
152,1000_radii_1,-1,R,0,0,31.32006329,0,0,13.47171688,0,0,0,0,0,0.133615427,0.016701928,TRUE
153,1000_radii_1,-1,R,0,0,31.33668704,0,0,13.60470676,0,0,0,0,0,0.132989984,0.016623748,TRUE
154,1000_radii_1,-1,R,0,0,31.35346232,0,0,13.73883629,0,0,0,0,0,0.134129787,0.016766223,TRUE
155,1000_radii_1,-1,R,0,0,31.36999189,0,0,13.87114525,0,0,0,0,0,0.132308999,0.016538625,TRUE
156,1000_radii_1,-1,R,0,0,31.38665337,0,0,14.00443459,0,0,0,0,0,0.133289424,0.016661178,TRUE
157,1000_radii_1,-1,R,0,0,31.40332813,0,0,14.13782501,0,0,0,0,0,0.133390847,0.016673856,TRUE
158,1000_radii_1,-1,R,0,0,31.42008228,0,0,14.27183437,0,0,0,0,0,0.134009045,0.016751131,TRUE
159,1000_radii_1,-1,R,0,0,31.43679477,0,0,14.40551281,0,0,0,0,0,0.133678213,0.016709777,TRUE
160,1000_radii_1,-1,R,0,0,31.45341399,0,0,14.53850746,0,0,0,0,0,0.132994813,0.016624352,TRUE
161,1000_radii_1,-1,R,0,0,31.46998914,0,0,14.6711235,0,0,0,0,0,0.132615684,0.01657696,TRUE
162,1000_radii_1,-1,R,0,0,31.48670465,0,0,14.80484962,0,0,0,0,0,0.133726509,0.016715814,TRUE
163,1000_radii_1,-1,R,0,0,31.50328795,0,0,14.93750858,0,0,0,0,0,0.132659151,0.016582394,TRUE
164,1000_radii_1,-1,R,0,0,31.52002278,0,0,15.07138252,0,0,0,0,0,0.133873814,0.016734227,TRUE
165,1000_radii_1,-1,R,0,0,31.53662872,0,0,15.20423985,0,0,0,0,0,0.132857167,0.016607146,TRUE
166,1000_radii_1,-1,R,0,0,31.55333669,0,0,15.33790398,0,0,0,0,0,0.133663723,0.016707965,TRUE
167,1000_radii_1,-1,R,0,0,31.57004858,0,0,15.47160435,0,0,0,0,0,0.133699946,0.016712493,TRUE
168,1000_radii_1,-1,R,0,0,31.58668923,0,0,15.60473156,0,0,0,0,0,0.133127629,0.016640954,TRUE
169,1000_radii_1,-1,R,0,0,31.60343221,0,0,15.73866844,0,0,0,0,0,0.1339366,0.016742075,TRUE
170,1000_radii_1,-1,R,0,0,31.62002698,0,0,15.87143135,0,0,0,0,0,0.132762989,0.016595374,TRUE
171,1000_radii_1,-1,R,0,0,31.63685267,0,0,16.00585175,0,0,0,0,0,0.134419568,0.016802446,TRUE
172,1000_radii_1,-1,R,0,0,31.65337922,0,0,16.13823318,0,0,0,0,0,0.132381444,0.016547681,TRUE
173,1000_radii_1,-1,R,0,0,31.67000961,0,0,16.27128983,0,0,0,0,0,0.133057599,0.0166322,TRUE
174,1000_radii_1,-1,R,0,0,31.68674866,0,0,16.40519905,0,0,0,0,0,0.133910037,0.016738755,TRUE
175,1000_radii_1,-1,R,0,0,31.70341739,0,0,16.53855324,0,0,0,0,0,0.133354624,0.016669328,TRUE
176,1000_radii_1,-1,R,0,0,31.72006981,0,0,16.671772,0,0,0,0,0,0.133219393,0.016652424,TRUE
177,1000_radii_1,-1,R,0,0,31.73667847,0,0,16.80463791,0,0,0,0,0,0.132866827,0.016608353,TRUE
178,1000_radii_1,-1,R,0,0,31.75338885,0,0,16.9383049,0,0,0,0,0,0.133666138,0.016708267,TRUE
179,1000_radii_1,-1,R,0,0,31.77002859,0,0,17.07144165,0,0,0,0,0,0.133137289,0.016642161,TRUE
180,1000_radii_1,-1,R,0,0,31.78667408,0,0,17.2046032,0,0,0,0,0,0.133161437,0.01664518,TRUE
181,1000_radii_1,-1,R,0,0,31.80328334,0,0,17.33746338,0,0,0,0,0,0.132859582,0.016607448,TRUE
182,1000_radii_1,-1,R,0,0,31.81996625,0,0,17.47093201,0,0,0,0,0,0.133468122,0.016683515,TRUE
183,1000_radii_1,-1,R,0,0,31.83664161,0,0,17.60434151,0,0,0,0,0,0.133410165,0.016676271,TRUE
184,1000_radii_1,-1,R,0,0,31.85333962,0,0,17.73791504,0,0,0,0,0,0.133574374,0.016696797,TRUE
185,1000_radii_1,-1,R,0,0,31.87003279,0,0,17.87146568,0,0,0,0,0,0.133550226,0.016693778,TRUE
186,1000_radii_1,-1,R,0,0,31.88669336,0,0,18.00475693,0,0,0,0,0,0.133291838,0.01666148,TRUE
187,1000_radii_1,-1,R,0,0,31.90332224,0,0,18.13778877,0,0,0,0,0,0.133031036,0.016628879,TRUE
188,1000_radii_1,-1,R,0,0,31.9201265,0,0,18.27222252,0,0,0,0,0,0.134434057,0.016804257,TRUE
189,1000_radii_1,-1,R,0,0,31.93670346,0,0,18.40483856,0,0,0,0,0,0.132615684,0.01657696,TRUE
190,1000_radii_1,-1,R,0,0,31.95334502,0,0,18.53795242,0,0,0,0,0,0.13311314,0.016639143,TRUE
191,1000_radii_1,-1,R,0,0,31.97000559,0,0,18.67126274,0,0,0,0,0,0.133311157,0.016663895,TRUE
192,1000_radii_1,-1,R,0,0,31.98670994,0,0,18.80489349,0,0,0,0,0,0.133629916,0.016703739,TRUE
193,1000_radii_1,-1,R,0,0,32.00327603,0,0,18.9374218,0,0,0,0,0,0.132528749,0.016566094,TRUE
194,1000_radii_1,-1,R,0,0,32.02003048,0,0,19.07145691,0,0,0,0,0,0.134035609,0.016754451,TRUE
195,1000_radii_1,-1,R,0,0,32.0368936,0,0,19.20623398,0,0,0,0,0,0.134776964,0.016847121,TRUE
196,1000_radii_1,-1,R,0,0,32.05331118,0,0,19.33764648,0,0,0,0,0,0.131413094,0.016426637,TRUE
197,1000_radii_1,-1,R,0,0,32.07008314,0,0,19.4717617,0,0,0,0,0,0.134115298,0.016764412,TRUE
198,1000_radii_1,-1,R,0,0,32.08662327,0,0,19.60412598,0,0,0,0,0,0.13236454,0.016545568,TRUE
199,1000_radii_1,-1,R,0,0,32.10357816,0,0,19.73968315,0,0,0,0,0,0.135556957,0.01694462,TRUE
200,1000_radii_1,-1,R,0,0,32.12026861,0,0,19.8730278,0,0,0,0,0,0.133344965,0.016668121,TRUE
201,1000_radii_1,-1,R,0,0,32.13687938,0,0,20.00595665,0,0,0,0,0,0.132929613,0.016616202,TRUE
202,1000_radii_1,-1,R,0,0,32.15352517,0,0,20.13910103,0,0,0,0,0,0.133144533,0.016643067,TRUE
203,1000_radii_1,-1,R,0,0,32.17005081,0,0,20.271492,0,0,0,0,0,0.132391104,0.016548888,TRUE
204,1000_radii_1,-1,R,0,0,32.18688525,0,0,20.40606117,0,0,0,0,0,0.134569288,0.016821161,TRUE
205,1000_radii_1,-1,R,0,0,32.20352832,0,0,20.53915215,0,0,0,0,0,0.133091407,0.016636426,TRUE
206,1000_radii_1,-1,R,0,0,32.22014814,0,0,20.67215729,0,0,0,0,0,0.133004473,0.016625559,TRUE
207,1000_radii_1,-1,R,0,0,32.23666624,0,0,20.80451775,0,0,0,0,0,0.132359711,0.016544964,TRUE
208,1000_radii_1,-1,R,0,0,32.25334161,0,0,20.93793297,0,0,0,0,0,0.133414995,0.016676874,TRUE
209,1000_radii_1,-1,R,0,0,32.26998769,0,0,21.07110405,0,0,0,0,0,0.133171096,0.016646387,TRUE
210,1000_radii_1,-1,R,0,0,32.28664646,0,0,21.20438576,0,0,0,0,0,0.133282179,0.016660272,TRUE
211,1000_radii_1,-1,R,0,0,32.30337616,0,0,21.3382225,0,0,0,0,0,0.133837592,0.016729699,TRUE
212,1000_radii_1,-1,R,0,0,32.31993591,0,0,21.4706974,0,0,0,0,0,0.132475623,0.016559453,TRUE
213,1000_radii_1,-1,R,0,0,32.33663874,0,0,21.60431671,0,0,0,0,0,0.133620256,0.016702532,TRUE
214,1000_radii_1,-1,R,0,0,32.35334762,0,0,21.73797989,0,0,0,0,0,0.133663723,0.016707965,TRUE
215,1000_radii_1,-1,R,0,0,32.36995023,0,0,21.87080574,0,0,0,0,0,0.132825775,0.016603222,TRUE
216,1000_radii_1,-1,R,0,0,32.38661684,0,0,22.00413895,0,0,0,0,0,0.133332891,0.016666611,TRUE
217,1000_radii_1,-1,R,0,0,32.40333628,0,0,22.13788223,0,0,0,0,0,0.133743413,0.016717927,TRUE
218,1000_radii_1,-1,R,0,0,32.42025826,0,0,22.27300644,0,0,0,0,0,0.135124701,0.016890588,TRUE
219,1000_radii_1,-1,R,0,0,32.43692185,0,0,22.40636253,0,0,0,0,0,0.133357039,0.01666963,TRUE
220,1000_radii_1,-1,R,0,0,32.45328057,0,0,22.53743553,0,0,0,0,0,0.131072602,0.016384075,TRUE
221,1000_radii_1,-1,R,0,0,32.47003201,0,0,22.67145157,0,0,0,0,0,0.13401629,0.016752036,TRUE
222,1000_radii_1,-1,R,0,0,32.48660595,0,0,22.80404854,0,0,0,0,0,0.132596365,0.016574546,TRUE
223,1000_radii_1,-1,R,0,0,32.50332086,0,0,22.93776512,0,0,0,0,0,0.13371685,0.016714606,TRUE
224,1000_radii_1,-1,R,0,0,32.51996875,0,0,23.07095146,0,0,0,0,0,0.133185585,0.016648198,TRUE
225,1000_radii_1,-1,R,0,0,32.53659673,0,0,23.20397568,0,0,0,0,0,0.133023791,0.016627974,TRUE
226,1000_radii_1,-1,R,0,0,32.55330379,0,0,23.33763695,0,0,0,0,0,0.133661309,0.016707664,TRUE
227,1000_radii_1,-1,R,0,0,32.56997251,0,0,23.4709816,0,0,0,0,0,0.133344965,0.016668121,TRUE
228,1000_radii_1,-1,R,0,0,32.5867496,0,0,23.60519791,0,0,0,0,0,0.134216721,0.01677709,TRUE
229,1000_radii_1,-1,R,0,0,32.60333773,0,0,23.73790359,0,0,0,0,0,0.132705033,0.016588129,TRUE
230,1000_radii_1,-1,R,0,0,32.61998019,0,0,23.87104607,0,0,0,0,0,0.133142118,0.016642765,TRUE
231,1000_radii_1,-1,R,0,0,32.63664137,0,0,24.0043335,0,0,0,0,0,0.133287009,0.016660876,TRUE
232,1000_radii_1,-1,R,0,0,32.65332036,0,0,24.1377697,0,0,0,0,0,0.133436729,0.016679591,TRUE
233,1000_radii_1,-1,R,0,0,32.66996071,0,0,24.27087784,0,0,0,0,0,0.133108311,0.016638539,TRUE
234,1000_radii_1,-1,R,0,0,32.68667954,0,0,24.4046402,0,0,0,0,0,0.133762732,0.016720341,TRUE
235,1000_radii_1,-1,R,0,0,32.70332713,0,0,24.53782082,0,0,0,0,0,0.133180756,0.016647594,TRUE
236,1000_radii_1,-1,R,0,0,32.71999405,0,0,24.67115784,0,0,0,0,0,0.13333772,0.016667215,TRUE
237,1000_radii_1,-1,R,0,0,32.73662987,0,0,24.80423737,0,0,0,0,0,0.133079333,0.016634917,TRUE
238,1000_radii_1,-1,R,0,0,32.75328622,0,0,24.93747902,0,0,0,0,0,0.133241127,0.016655141,TRUE
239,1000_radii_1,-1,R,0,0,32.76998,0,0,25.07103729,0,0,0,0,0,0.133557471,0.016694684,TRUE
240,1000_radii_1,-1,R,0,0,32.78658744,0,0,25.2039032,0,0,0,0,0,0.132866827,0.016608353,TRUE
241,1000_radii_1,-1,R,0,0,32.80324168,0,0,25.33712959,0,0,0,0,0,0.133226638,0.01665333,TRUE
242,1000_radii_1,-1,R,0,0,32.81990437,0,0,25.47043991,0,0,0,0,0,0.133311157,0.016663895,TRUE
243,1000_radii_1,-1,R,0,0,32.83660297,0,0,25.60402679,0,0,0,0,0,0.133586449,0.016698306,TRUE
244,1000_radii_1,-1,R,0,0,32.85327713,0,0,25.73742485,0,0,0,0,0,0.133398091,0.016674761,TRUE
245,1000_radii_1,-1,R,0,0,32.86992956,0,0,25.8706398,0,0,0,0,0,0.133214564,0.01665182,TRUE
246,1000_radii_1,-1,R,0,0,32.88659345,0,0,26.00395012,0,0,0,0,0,0.133311157,0.016663895,TRUE
247,1000_radii_1,-1,R,0,0,32.90339137,0,0,26.13833046,0,0,0,0,0,0.134380931,0.016797616,TRUE
248,1000_radii_1,-1,R,0,0,32.92005677,0,0,26.27165604,0,0,0,0,0,0.133325646,0.016665706,TRUE
249,1000_radii_1,-1,R,0,0,32.93665215,0,0,26.40441895,0,0,0,0,0,0.132762989,0.016595374,TRUE
250,1000_radii_1,-1,R,0,0,32.95340509,0,0,26.53830528,0,0,0,0,0,0.133885889,0.016735736,TRUE
251,1000_radii_1,-1,R,0,0,32.97007261,0,0,26.6717701,0,0,0,0,0,0.133465707,0.016683213,TRUE
252,1000_radii_1,-1,R,0,0,32.98671929,0,0,26.80495262,0,0,0,0,0,0.133183171,0.016647896,TRUE
253,1000_radii_1,-1,R,0,0,33.00324645,0,0,26.93716049,0,0,0,0,0,0.132207576,0.016525947,TRUE
254,1000_radii_1,-1,R,0,0,33.01997222,0,0,27.07097435,0,0,0,0,0,0.133813443,0.01672668,TRUE
255,1000_radii_1,-1,R,0,0,33.03660201,0,0,27.20397568,0,0,0,0,0,0.133002058,0.016625257,TRUE
256,1000_radii_1,-1,R,0,0,33.05324175,0,0,27.3371315,0,0,0,0,0,0.133156607,0.016644576,TRUE
257,1000_radii_1,-1,R,0,0,33.06994097,0,0,27.47072601,0,0,0,0,0,0.133593693,0.016699212,TRUE
258,1000_radii_1,-1,R,0,0,33.0865792,0,0,27.60383987,0,0,0,0,0,0.13311314,0.016639143,TRUE
259,1000_radii_1,-1,R,0,0,33.10323827,0,0,27.73711014,0,0,0,0,0,0.133270105,0.016658763,TRUE
260,1000_radii_1,-1,R,0,0,33.11999695,0,0,27.87117767,0,0,0,0,0,0.134067002,0.016758375,TRUE
261,1000_radii_1,-1,R,0,0,33.136621,0,0,28.00416946,0,0,0,0,0,0.132992398,0.01662405,TRUE
262,1000_radii_1,-1,R,0,0,33.15331417,0,0,28.1377182,0,0,0,0,0,0.133547811,0.016693476,TRUE
263,1000_radii_1,-1,R,0,0,33.16999527,0,0,28.27116394,0,0,0,0,0,0.133446388,0.016680799,TRUE
264,1000_radii_1,-1,R,0,0,33.18657615,0,0,28.4038105,0,0,0,0,0,0.132647076,0.016580885,TRUE
265,1000_radii_1,-1,R,0,0,33.20327506,0,0,28.53739166,0,0,0,0,0,0.133581619,0.016697702,TRUE
266,1000_radii_1,-1,R,0,0,33.21994892,0,0,28.670784,0,0,0,0,0,0.133393262,0.016674158,TRUE
267,1000_radii_1,-1,R,0,0,33.23657991,0,0,28.80384445,0,0,0,0,0,0.133060014,0.016632502,TRUE
268,1000_radii_1,-1,R,0,0,33.25322358,0,0,28.93699074,0,0,0,0,0,0.133146948,0.016643369,TRUE
269,1000_radii_1,-1,R,0,0,33.27008127,0,0,29.07184029,0,0,0,0,0,0.134849409,0.016856176,TRUE
270,1000_radii_1,-1,R,0,0,33.28853486,0,0,29.2194767,0,0,0,0,0,0.147635979,0.018454497,TRUE
271,1000_radii_1,-1,R,0,0,33.30521385,0,0,29.35291672,0,0,0,0,0,0.133439144,0.016679893,TRUE
272,1000_radii_1,-1,R,0,0,33.32190732,0,0,29.48623466,0,0,0,0,0,0.133318402,0.0166648,TRUE
273,1000_radii_1,-1,R,0,0,33.33852775,0,0,29.61942482,0,0,0,0,0,0.133190415,0.016648802,TRUE
274,1000_radii_1,-1,R,0,0,33.35521036,0,0,29.7528801,0,0,0,0,0,0.133456047,0.016682006,TRUE
275,1000_radii_1,-1,R,0,0,33.37190535,0,0,29.88627815,0,0,0,0,0,0.133398091,0.016674761,TRUE
276,1000_radii_1,-1,R,0,0,33.38854841,0,0,30.01958656,0,0,0,0,0,0.133308742,0.016663593,TRUE
277,1000_radii_1,-1,R,0,0,33.40521533,0,0,30.1529274,0,0,0,0,0,0.133340135,0.016667517,TRUE
278,1000_radii_1,-1,R,0,0,33.4220383,0,0,30.28732681,0,0,0,0,0,0.134400249,0.016800031,TRUE
279,1000_radii_1,-1,R,0,0,33.43858145,0,0,30.41980934,0,0,0,0,0,0.132482867,0.016560358,TRUE
280,1000_radii_1,-1,R,0,0,33.45521184,0,0,30.55288315,0,0,0,0,0,0.133074503,0.016634313,TRUE
281,1000_radii_1,-1,R,0,0,33.47188207,0,0,30.68616486,0,0,0,0,0,0.133282179,0.016660272,TRUE
282,1000_radii_1,-1,R,0,0,33.48855351,0,0,30.8196106,0,0,0,0,0,0.133446388,0.016680799,TRUE
283,1000_radii_1,-1,R,0,0,33.50519809,0,0,30.95277977,0,0,0,0,0,0.133168682,0.016646085,TRUE
284,1000_radii_1,-1,R,0,0,33.52191783,0,0,31.08646965,0,0,0,0,0,0.133690287,0.016711286,TRUE
285,1000_radii_1,-1,R,0,0,33.53858987,0,0,31.21992111,0,0,0,0,0,0.133451218,0.016681402,TRUE
286,1000_radii_1,-1,R,0,0,33.55518525,0,0,31.35268402,0,0,0,0,0,0.132762989,0.016595374,TRUE
287,1000_radii_1,-1,R,0,0,33.57184129,0,0,31.48592758,0,0,0,0,0,0.133243542,0.016655443,TRUE
288,1000_radii_1,-1,R,0,0,33.5885227,0,0,31.61937714,0,0,0,0,0,0.133448803,0.0166811,TRUE
289,1000_radii_1,-1,R,0,0,33.60525541,0,0,31.75324821,0,0,0,0,0,0.1338714,0.016733925,TRUE
290,1000_radii_1,-1,R,0,0,33.6219504,0,0,31.88680077,0,0,0,0,0,0.133552641,0.01669408,TRUE
291,1000_radii_1,-1,R,0,0,33.63863482,0,0,32.02025986,0,0,0,0,0,0.133458462,0.016682308,TRUE
292,1000_radii_1,-1,R,0,0,33.65528875,0,0,32.15348816,0,0,0,0,0,0.133226638,0.01665333,TRUE
293,1000_radii_1,-1,R,0,0,33.67189228,0,0,32.28623962,0,0,0,0,0,0.132753329,0.016594166,TRUE
294,1000_radii_1,-1,R,0,0,33.68853082,0,0,32.41944504,0,0,0,0,0,0.133204904,0.016650613,TRUE
295,1000_radii_1,-1,R,0,0,33.70518565,0,0,32.55264664,0,0,0,0,0,0.133200074,0.016650009,TRUE
296,1000_radii_1,-1,R,0,0,33.72186374,0,0,32.68608856,0,0,0,0,0,0.133441558,0.016680195,TRUE
297,1000_radii_1,-1,R,0,0,33.73852431,0,0,32.81938934,0,0,0,0,0,0.133301498,0.016662687,TRUE
298,1000_radii_1,-1,R,0,0,33.75521899,0,0,32.95293045,0,0,0,0,0,0.133542982,0.016692873,TRUE
299,1000_radii_1,-1,R,0,0,33.77185814,0,0,33.08605194,0,0,0,0,0,0.133120385,0.016640048,TRUE
300,1000_radii_1,-1,R,0,0,33.78853954,0,0,33.21951294,0,0,0,0,0,0.133460877,0.01668261,TRUE
301,1000_radii_1,-1,R,0,0,33.80523845,0,0,33.35310745,0,0,0,0,0,0.133593693,0.016699212,TRUE
302,1000_radii_1,-1,R,0,0,33.82193494,0,0,33.48661041,0,0,0,0,0,0.133501929,0.016687741,TRUE
303,1000_radii_1,-1,R,0,0,33.8385756,0,0,33.61980438,0,0,0,0,0,0.13319283,0.016649104,TRUE
304,1000_radii_1,-1,R,0,0,33.85527149,0,0,33.75336838,0,0,0,0,0,0.133564715,0.016695589,TRUE
305,1000_radii_1,-1,R,0,0,33.87193538,0,0,33.88660049,0,0,0,0,0,0.133233882,0.016654235,TRUE
306,1000_radii_1,-1,R,0,0,33.8885057,0,0,34.01924133,0,0,0,0,0,0.132639832,0.016579979,TRUE
307,1000_radii_1,-1,R,0,0,33.9052188,0,0,34.15294266,0,0,0,0,0,0.133699946,0.016712493,TRUE
308,1000_radii_1,-1,R,0,0,33.92212267,0,0,34.28818893,359.9982249,-0.003,-0.270000002,-0.105000001,-0.001775128,0.135247858,0.016905982,TRUE
309,1000_radii_1,-1,R,0,0,33.9391183,0,-4.21E-06,34.42404938,359.9964417,-0.003,-0.270000002,-0.105000001,-0.001783147,0.135858812,0.016982351,TRUE
310,1000_radii_1,-1,R,0,0,33.95521954,0,-1.22E-05,34.552948,359.99475,-0.003,-0.270000002,-0.105000001,-0.001691771,0.128896832,0.016112104,TRUE
311,1000_radii_1,-1,R,0,0,33.97191513,0,-2.44E-05,34.68622971,359.9930006,-0.003,-0.270000002,-0.105000001,-0.001749329,0.133282179,0.016660272,TRUE
312,1000_radii_1,-1,R,0,0,33.9885588,0,-4.07E-05,34.81967926,359.9912491,-0.003,-0.270000002,-0.105000001,-0.001751516,0.133448803,0.0166811,TRUE
313,1000_radii_1,-1,R,0,0,34.00527038,0,-6.11E-05,34.95336533,359.9894945,-0.003,-0.270000002,-0.105000001,-0.001754622,0.133685457,0.016710682,TRUE
314,1000_radii_1,-1,R,0,0,34.02187542,0,-8.55E-05,35.08620453,359.987751,-0.003,-0.270000002,-0.105000001,-0.001743528,0.132840264,0.016605033,TRUE
315,1000_radii_1,-1,R,0,0,34.0385046,0,-0.000113946,35.2192421,359.9860049,-0.003,-0.270000002,-0.105000001,-0.001746096,0.133035865,0.016629483,TRUE
316,1000_radii_1,-1,R,0,0,34.05522826,0,-0.000146622,35.3530159,359.9842491,-0.003,-0.270000002,-0.105000001,-0.001755794,0.133774806,0.016721851,TRUE
317,1000_radii_1,-1,R,0,0,34.07190815,0,-0.000183301,35.48644257,359.9824978,-0.003,-0.270000002,-0.105000001,-0.00175123,0.133427069,0.016678384,TRUE
318,1000_radii_1,-1,R,0,0,34.08856903,0,-0.000224025,35.61975479,359.9807481,-0.003,-0.270000002,-0.105000001,-0.001749741,0.133313572,0.016664196,TRUE
319,1000_radii_1,-1,R,0,0,34.10522477,0,-0.000268796,35.75299835,359.9789993,-0.003,-0.270000002,-0.105000001,-0.001748821,0.133243542,0.016655443,TRUE
320,1000_radii_1,-1,R,0,0,34.12200277,0,-0.000317996,35.88722992,359.9778248,-0.002,-0.180000009,-0.070000003,-0.001174523,0.134231211,0.016778901,TRUE
321,1000_radii_1,-1,R,0,0,34.13881759,0,-0.000370054,36.02173615,359.9766478,-0.002,-0.180000009,-0.070000003,-0.001176932,0.134506502,0.016813313,TRUE
322,1000_radii_1,-1,R,0,0,34.1551902,0,-0.00042344,36.15272141,359.9755017,-0.002,-0.180000009,-0.070000003,-0.001146125,0.130985668,0.016373208,TRUE
323,1000_radii_1,-1,R,0,0,34.17183749,0,-0.000480384,36.28590012,359.9743364,-0.002,-0.180000009,-0.070000003,-0.001165311,0.133178341,0.016647293,TRUE
324,1000_radii_1,-1,R,0,0,34.18867163,0,-0.000540707,36.42057419,359.9737472,-0.001,-0.090000004,-0.035000002,-0.000589206,0.134675541,0.016834443,TRUE
325,1000_radii_1,-1,R,0,0,34.20558969,0,-0.000602302,36.55500412,359.9731591,-0.001,-0.090000004,-0.035000002,-0.000588128,0.134429227,0.016803653,TRUE
326,1000_radii_1,-1,R,0,0,34.22191037,0,-0.000663854,36.68639374,359.9725842,-0.001,-0.090000004,-0.035000002,-0.000574837,0.13139136,0.01642392,TRUE
327,1000_radii_1,-1,R,0,0,34.23853774,0,-0.000727547,36.81950378,359.9720019,-0.001,-0.090000004,-0.035000002,-0.000582359,0.133110725,0.016638841,TRUE
328,1000_radii_1,-1,R,0,0,34.25514791,0,-0.00079248,36.95238113,359.9714205,-0.001,-0.090000004,-0.035000002,-0.000581345,0.132878901,0.016609863,TRUE
329,1000_radii_1,-1,R,0,0,34.27182086,0,-0.000859012,37.08576584,359.970837,-0.001,-0.090000004,-0.035000002,-0.000583553,0.133383602,0.01667295,TRUE
330,1000_radii_1,-1,R,0,0,34.28854512,0,-0.000927122,37.21957779,359.9714224,0.001,0.090000004,0.035000002,0.000585434,0.133813443,0.01672668,TRUE
331,1000_radii_1,-1,R,0,0,34.30518668,0,-0.000993514,37.35268784,359.9720047,0.001,0.090000004,0.035000002,0.000582359,0.133110725,0.016638841,TRUE
332,1000_radii_1,-1,R,0,0,34.32185178,0,-0.001058656,37.48600769,359.972588,0.001,0.090000004,0.035000002,0.000583279,0.133320816,0.016665102,TRUE
333,1000_radii_1,-1,R,0,0,34.33854798,0,-0.001122561,37.61957932,359.9731724,0.001,0.090000004,0.035000002,0.000584377,0.13357196,0.016696495,TRUE
334,1000_radii_1,-1,R,0,0,34.35520131,0,-0.001184937,37.75279617,359.9737552,0.001,0.090000004,0.035000002,0.000582824,0.133216978,0.016652122,TRUE
335,1000_radii_1,-1,R,0,0,34.37183622,0,-0.001245896,37.88587952,359.9743375,0.001,0.090000004,0.035000002,0.000582233,0.133081747,0.016635218,TRUE
336,1000_radii_1,-1,R,0,0,34.38855717,0,-0.001305811,38.01964951,359.9749227,0.001,0.090000004,0.035000002,0.000585244,0.133769976,0.016721247,TRUE
337,1000_radii_1,-1,R,0,0,34.40518303,0,-0.001364027,38.15266037,359.9755046,0.001,0.090000004,0.035000002,0.000581916,0.133009302,0.016626163,TRUE
338,1000_radii_1,-1,R,0,0,34.42186986,0,-0.001421099,38.2861557,359.9760887,0.001,0.090000004,0.035000002,0.000584039,0.133494685,0.016686836,TRUE
339,1000_radii_1,-1,R,0,0,34.43849542,0,-0.001476606,38.41915894,359.9766706,0.001,0.090000004,0.035000002,0.000581895,0.133004473,0.016625559,TRUE
340,1000_radii_1,-1,R,0,0,34.45519795,0,-0.001530996,38.55273819,359.977255,0.001,0.090000004,0.035000002,0.000584409,0.133579204,0.016697401,TRUE
341,1000_radii_1,-1,R,0,0,34.471822,0,-0.001583799,38.68574905,359.9778369,0.001,0.090000004,0.035000002,0.000581926,0.133011717,0.016626465,TRUE
342,1000_radii_1,-1,R,0,0,34.48850914,0,-0.001635444,38.81926346,359.978421,0.001,0.090000004,0.035000002,0.000584124,0.133514003,0.01668925,TRUE
343,1000_radii_1,-1,R,0,0,34.50521831,0,-0.001685791,38.95294189,359.9790059,0.001,0.090000004,0.035000002,0.000584842,0.133678213,0.016709777,TRUE
344,1000_radii_1,-1,R,0,0,34.52181791,0,-0.001734449,39.08573532,359.9795868,0.001,0.090000004,0.035000002,0.000580975,0.132794382,0.016599298,TRUE
345,1000_radii_1,-1,R,0,0,34.53848302,0,-0.00178195,39.21906281,359.9801701,0.001,0.090000004,0.035000002,0.0005833,0.133325646,0.016665706,TRUE
346,1000_radii_1,-1,R,0,0,34.55516261,0,-0.00182813,39.35249329,359.9807539,0.001,0.090000004,0.035000002,0.000583765,0.133431899,0.016678987,TRUE
347,1000_radii_1,-1,R,0,0,34.57186393,0,-0.001873014,39.4861145,359.9813385,0.001,0.090000004,0.035000002,0.000584589,0.133620256,0.016702532,TRUE
348,1000_radii_1,-1,R,0,0,34.58853024,0,-0.001916439,39.61944199,359.9819218,0.001,0.090000004,0.035000002,0.0005833,0.133325646,0.016665706,TRUE
349,1000_radii_1,-1,R,0,0,34.60514946,0,-0.001958389,39.75239563,359.9825035,0.001,0.090000004,0.035000002,0.000581673,0.132953761,0.01661922,TRUE
350,1000_radii_1,-1,R,0,0,34.6218366,0,-0.001999155,39.88589096,359.9830875,0.001,0.090000004,0.035000002,0.00058405,0.1334971,0.016687137,TRUE
351,1000_radii_1,-1,R,0,0,34.63851408,0,-0.002038537,40.01931,359.9836712,0.001,0.090000004,0.035000002,0.000583701,0.13341741,0.016677176,TRUE
352,1000_radii_1,-1,R,0,0,34.65515775,0,-0.002076483,40.15245819,359.9842537,0.001,0.090000004,0.035000002,0.000582518,0.133146948,0.016643369,TRUE
353,1000_radii_1,-1,R,0,0,34.67181983,0,-0.002113117,40.28575897,359.9848369,0.001,0.090000004,0.035000002,0.000583184,0.133299083,0.016662385,TRUE
354,1000_radii_1,-1,R,0,0,34.6884795,0,-0.002148389,40.41903687,359.98542,0.001,0.090000004,0.035000002,0.000583099,0.133279764,0.016659971,TRUE
355,1000_radii_1,-1,L,0,1,34.70544706,0,-0.002182922,40.55474472,359.9860137,0.001,0.090000004,0.035000002,0.000593717,0.135706677,0.016963335,FALSE
356,1000_radii_1,-1,L,0,1,34.72189241,0,-0.002215045,40.68633652,359.9865894,0.001,0.090000004,0.035000002,0.000575714,0.131591792,0.016448974,FALSE
357,1000_radii_1,-1,L,0,1,34.73850922,0,-0.00224616,40.8192749,359.9871711,0.001,0.090000004,0.035000002,0.000581609,0.132939272,0.016617409,FALSE
358,1000_radii_1,-1,L,0,1,34.75514685,0,-0.002275963,40.95237732,359.9877534,0.001,0.090000004,0.035000002,0.000582328,0.133103481,0.016637935,FALSE
359,1000_radii_1,-1,L,0,1,34.77181014,0,-0.002304452,41.08566284,359.9883365,0.001,0.090000004,0.035000002,0.000583131,0.133287009,0.016660876,FALSE
360,1000_radii_1,-1,L,0,1,34.78846045,0,-0.00233157,41.21887589,359.9889193,0.001,0.090000004,0.035000002,0.000582814,0.133214564,0.01665182,FALSE
361,1000_radii_1,-1,L,0,1,34.80595777,0,-0.002358604,41.35866165,359.9895309,0.001,0.090000004,0.035000002,0.000611561,0.139785339,0.017473167,FALSE
362,1000_radii_1,-1,L,0,1,34.82192559,0,-0.002381966,41.48651886,359.9900903,0.001,0.090000004,0.035000002,0.00055937,0.127856037,0.015982005,FALSE
363,1000_radii_1,-1,L,0,1,34.83845153,0,-0.002404847,41.61881256,359.990669,0.001,0.090000004,0.035000002,0.000578778,0.132292095,0.016536512,FALSE
364,1000_radii_1,-1,L,0,1,34.855209,0,-0.002426679,41.75286865,359.9912555,0.001,0.090000004,0.035000002,0.000586501,0.134057342,0.016757168,FALSE
365,1000_radii_1,-1,L,0,1,34.87183879,0,-0.002446984,41.88591003,359.9918376,0.001,0.090000004,0.035000002,0.000582053,0.133040695,0.016630087,FALSE
366,1000_radii_1,-1,L,0,1,34.88845046,0,-0.002465915,42.01880264,359.992419,0.001,0.090000004,0.035000002,0.000581398,0.132890975,0.016611372,FALSE
367,1000_radii_1,-1,L,0,1,34.90512975,0,-0.00248357,42.15223694,359.9930028,0.001,0.090000004,0.035000002,0.000583775,0.133434314,0.016679289,FALSE
368,1000_radii_1,-1,L,0,1,34.9217858,0,-0.002499844,42.28549194,359.9935857,0.001,0.090000004,0.035000002,0.000582983,0.133253201,0.01665665,FALSE
369,1000_radii_1,-1,L,0,1,34.93843732,0,-0.002514757,42.41870499,359.9941686,0.001,0.090000004,0.035000002,0.000582814,0.133214564,0.01665182,FALSE
370,1000_radii_1,-1,L,0,1,34.95515192,0,-0.002528366,42.55241394,359.9947535,0.001,0.090000004,0.035000002,0.000584969,0.133707191,0.016713399,FALSE
371,1000_radii_1,-1,L,0,1,34.97179831,0,-0.00254056,42.68558884,359.9953362,0.001,0.090000004,0.035000002,0.000582645,0.133175926,0.016646991,FALSE
372,1000_radii_1,-1,L,0,1,34.98849631,0,-0.002551435,42.81917953,359.9959206,0.001,0.090000004,0.035000002,0.000584451,0.133588863,0.016698608,FALSE
373,1000_radii_1,-1,L,0,1,35.00508444,0,-0.002560882,42.95187378,359.9965012,0.001,0.090000004,0.035000002,0.000580532,0.132692958,0.01658662,FALSE
374,1000_radii_1,-1,L,0,1,35.02179965,0,-0.002569049,43.08560562,359.9970862,0.001,0.090000004,0.035000002,0.000585085,0.133733754,0.016716719,FALSE
375,1000_radii_1,-1,L,0,1,35.03844091,0,-0.002575818,43.2187233,359.9976686,0.001,0.090000004,0.035000002,0.000582391,0.13311797,0.016639746,FALSE
376,1000_radii_1,-1,L,0,1,35.05544439,0,-0.002581342,43.35447693,359.9982626,0.001,0.090000004,0.035000002,0.000593928,0.135754974,0.016969372,FALSE
377,1000_radii_1,-1,L,0,1,35.07187133,0,-0.002585333,43.48607635,359.9988383,0.001,0.090000004,0.035000002,0.000575746,0.131599037,0.01644988,FALSE
378,1000_radii_1,-1,L,0,1,35.08848028,0,-0.002588028,43.6190033,359.9994199,0.001,0.090000004,0.035000002,0.000581557,0.132927198,0.0166159,FALSE
379,1000_radii_1,-1,L,0,1,35.10521723,0,-0.002589384,43.75291443,5.72E-06,0.001,0.090000004,0.035000002,0.000585856,0.133910037,0.016738755,FALSE
380,1000_radii_1,-1,L,0,1,35.12179509,0,-0.002589371,43.88553619,0.000585942,0.001,0.090000004,0.035000002,0.000580225,0.132622928,0.016577866,FALSE
381,1000_radii_1,-1,L,0,1,35.13845869,0,-0.002588008,44.01884842,0.001169178,0.001,0.090000004,0.035000002,0.000583236,0.133311157,0.016663895,FALSE
382,1000_radii_1,-1,L,0,1,35.15515669,0,-0.002585281,44.15244293,0.001753651,0.001,0.090000004,0.035000002,0.000584472,0.133593693,0.016699212,FALSE
383,1000_radii_1,-1,L,0,1,35.17188277,0,-0.002581188,44.2861824,0.002338768,0.001,0.090000004,0.035000002,0.000585117,0.133740998,0.016717625,FALSE
384,1000_radii_1,-1,L,0,1,35.18860975,0,-0.002575737,44.41972351,0.002923018,0.001,0.090000004,0.035000002,0.000584251,0.133542982,0.016692873,FALSE
385,1000_radii_1,-1,L,0,1,35.20526942,0,-0.00256893,44.55314255,0.003506719,0.001,0.090000004,0.035000002,0.000583701,0.13341741,0.016677176,FALSE
386,1000_radii_1,-1,L,0,1,35.22183521,0,-0.002560811,44.68580246,0.004087103,0.001,0.090000004,0.035000002,0.000580384,0.132659151,0.016582394,FALSE
387,1000_radii_1,-1,L,0,1,35.23853503,0,-0.002551281,44.81940079,0.004671597,0.001,0.090000004,0.035000002,0.000584494,0.133598523,0.016699815,FALSE
388,1000_radii_1,-1,L,0,1,35.2552602,0,-0.002540397,44.9528923,0.005255626,0.001,0.090000004,0.035000002,0.000584029,0.13349227,0.016686534,FALSE
389,1000_radii_1,-1,L,0,1,35.27180516,0,-0.002528225,45.08558655,0.005836167,0.001,0.090000004,0.035000002,0.000580542,0.132695373,0.016586922,FALSE
390,1000_radii_1,-1,L,0,1,35.28848083,0,-0.002514635,45.21900558,0.00641988,0.001,0.090000004,0.035000002,0.000583712,0.133419825,0.016677478,FALSE
391,1000_radii_1,-1,L,0,1,35.30523649,0,-0.002499614,45.35305786,0.007006359,0.001,0.090000004,0.035000002,0.00058648,0.134052512,0.016756564,FALSE
392,1000_radii_1,-1,L,0,1,35.32183609,0,-0.002483373,45.48587799,0.008168543,0.002,0.180000009,0.070000003,0.001162183,0.132820945,0.016602618,FALSE
393,1000_radii_1,-1,L,0,1,35.33844233,0,-0.002464433,45.61872101,0.009330916,0.002,0.180000009,0.070000003,0.001162373,0.132842678,0.016605335,FALSE
394,1000_radii_1,-1,L,0,1,35.35516538,0,-0.002442645,45.75251007,0.010501573,0.002,0.180000009,0.070000003,0.001170656,0.133789295,0.016723662,FALSE
395,1000_radii_1,-1,L,0,1,35.37185433,0,-0.002418171,45.88603973,0.012254165,0.003,0.270000002,0.105000001,0.001752593,0.133530907,0.016691363,FALSE
396,1000_radii_1,-1,L,0,1,35.38847235,0,-0.002389741,46.01896667,0.013998836,0.003,0.270000002,0.105000001,0.001744669,0.132927198,0.0166159,FALSE
397,1000_radii_1,-1,L,0,1,35.40515858,0,-0.002357126,46.15245438,0.015750859,0.003,0.270000002,0.105000001,0.001752023,0.13348744,0.01668593,FALSE
398,1000_radii_1,-1,L,0,1,35.42185809,0,-0.002320395,46.28606796,0.018089127,0.004,0.360000017,0.140000007,0.00233827,0.133615427,0.016701928,FALSE
399,1000_radii_1,-1,L,0,1,35.43846101,0,-0.002278466,46.41887283,0.02041324,0.004,0.360000017,0.140000007,0.002324113,0.132806456,0.016600807,FALSE
400,1000_radii_1,-1,L,0,1,35.45521184,0,-0.00223072,46.55288696,0.022758484,0.004,0.360000017,0.140000007,0.002345243,0.134013875,0.016751734,FALSE
401,1000_radii_1,-1,L,0,1,35.47192584,0,-0.002177609,46.68659592,0.025683381,0.005,0.44999999,0.174999996,0.002924898,0.133709605,0.016713701,FALSE
402,1000_radii_1,-1,L,0,1,35.48845088,0,-0.002118352,46.81879044,0.028575107,0.005,0.44999999,0.174999996,0.002891724,0.132193087,0.016524136,FALSE
403,1000_radii_1,-1,L,0,1,35.50522103,0,-0.002051441,46.95295334,0.031509936,0.005,0.44999999,0.174999996,0.002934829,0.134163595,0.016770449,FALSE
404,1000_radii_1,-1,L,0,1,35.5218149,0,-0.001978433,47.0857048,0.034413911,0.005,0.44999999,0.174999996,0.002903979,0.132753329,0.016594166,FALSE
405,1000_radii_1,-1,L,0,1,35.53851532,0,-0.001898171,47.21933365,0.037921634,0.006,0.540000005,0.210000002,0.003507722,0.133627501,0.016703438,FALSE
406,1000_radii_1,-1,L,0,1,35.55523173,0,-0.001809673,47.35304642,0.04143158,0.006,0.540000005,0.210000002,0.003509941,0.13371202,0.016714003,FALSE
407,1000_radii_1,-1,L,0,1,35.57184612,0,-0.001713557,47.48596573,0.044920728,0.006,0.540000005,0.210000002,0.003489149,0.132919953,0.016614994,FALSE
408,1000_radii_1,-1,L,0,1,35.58843214,0,-0.001609533,47.61864471,0.048403598,0.006,0.540000005,0.210000002,0.003482873,0.132680884,0.016585111,FALSE
409,1000_radii_1,-1,L,0,1,35.60520561,0,-0.001496179,47.75282288,0.051925771,0.006,0.540000005,0.210000002,0.003522175,0.134178084,0.016772261,FALSE
410,1000_radii_1,-1,L,0,1,35.62186226,0,-0.001375417,47.88607407,0.055423606,0.006,0.540000005,0.210000002,0.003497833,0.133250786,0.016656348,FALSE
411,1000_radii_1,-1,L,0,1,35.63849416,0,-0.001246698,48.01914215,0.058916628,0.006,0.540000005,0.210000002,0.003493016,0.133067258,0.016633407,FALSE
412,1000_radii_1,-1,L,0,1,35.65515986,0,-0.001109638,48.15243149,0.062415469,0.006,0.540000005,0.210000002,0.003498847,0.133289424,0.016661178,FALSE
413,1000_radii_1,-1,L,0,1,35.67180081,0,-0.000964601,48.28557205,0.065910384,0.006,0.540000005,0.210000002,0.003494917,0.133139704,0.016642463,FALSE
414,1000_radii_1,-1,L,0,1,35.68844569,0,-0.000811402,48.41874695,0.069406256,0.006,0.540000005,0.210000002,0.003495868,0.133175926,0.016646991,FALSE
415,1000_radii_1,-1,L,0,1,35.7051437,0,-0.000649574,48.55233765,0.072913021,0.006,0.540000005,0.210000002,0.003506771,0.133591278,0.01669891,FALSE
416,1000_radii_1,-1,L,0,1,35.7217925,0,-0.00048008,48.6855278,0.076409273,0.006,0.540000005,0.210000002,0.003496248,0.133190415,0.016648802,TRUE
417,1000_radii_1,-1,L,0,1,35.73845941,0,-0.000302261,48.81886673,0.079909392,0.006,0.540000005,0.210000002,0.003500115,0.13333772,0.016667215,TRUE
418,1000_radii_1,-1,L,0,1,35.75513025,0,-0.00011625,48.95223999,0.08341039,0.006,0.540000005,0.210000002,0.003501003,0.133371528,0.016671441,TRUE
419,1000_radii_1,-1,L,0,1,35.77180109,0,7.79E-05,49.08559036,0.086910889,0.006,0.540000005,0.210000002,0.003500496,0.133352209,0.016669026,TRUE
420,1000_radii_1,-1,L,0,1,35.7892492,0,0.000289593,49.22516251,0.090574615,0.006,0.540000005,0.210000002,0.003663724,0.139570418,0.017446302,TRUE
421,1000_radii_1,-1,L,0,1,35.80517506,0,0.000491009,49.35257339,0.093919165,0.006,0.540000005,0.210000002,0.003344557,0.127411707,0.015926463,TRUE
422,1000_radii_1,-1,L,0,1,35.82179428,0,0.000708966,49.48553848,0.097409517,0.006,0.540000005,0.210000002,0.003490353,0.132965835,0.016620729,TRUE
423,1000_radii_1,-1,L,0,1,35.83845304,0,0.000935553,49.61881638,0.100908056,0.006,0.540000005,0.210000002,0.00349853,0.133277349,0.016659669,TRUE
424,1000_radii_1,-1,L,0,1,35.8551764,0,0.001171171,49.75260162,0.104419902,0.006,0.540000005,0.210000002,0.003511842,0.133784465,0.016723058,TRUE
425,1000_radii_1,-1,L,0,1,35.87179532,0,0.001413458,49.88554382,0.107909672,0.006,0.540000005,0.210000002,0.003489783,0.132944102,0.016618013,TRUE
426,1000_radii_1,-1,L,0,1,35.88844684,0,0.00166437,50.01876831,0.111406811,0.006,0.540000005,0.210000002,0.003497136,0.133224223,0.016653028,TRUE
427,1000_radii_1,-1,L,0,1,35.90516416,0,0.001924389,50.15249634,0.114917137,0.006,0.540000005,0.210000002,0.003510321,0.133726509,0.016715814,TRUE
428,1000_radii_1,-1,L,0,1,35.92179123,0,0.002191207,50.28552628,0.118409194,0.006,0.540000005,0.210000002,0.003492065,0.133031036,0.016628879,TRUE
429,1000_radii_1,-1,L,0,1,35.93844486,0,0.002466537,50.41875076,0.1219064,0.006,0.540000005,0.210000002,0.003497199,0.133226638,0.01665333,TRUE
430,1000_radii_1,-1,L,0,1,35.95516883,0,0.002751191,50.55253601,0.125418305,0.006,0.540000005,0.210000002,0.003511906,0.13378688,0.01672336,TRUE
431,1000_radii_1,-1,L,0,1,35.97177597,0,0.003041994,50.68538666,0.128905624,0.006,0.540000005,0.210000002,0.003487311,0.132849923,0.01660624,TRUE
432,1000_radii_1,-1,L,0,1,35.98843866,0,0.003341916,50.81869507,0.132404983,0.006,0.540000005,0.210000002,0.003499355,0.133308742,0.016663593,TRUE
433,1000_radii_1,-1,L,0,1,36.00517138,0,0.003651268,50.95256042,0.135918975,0.006,0.540000005,0.210000002,0.003513997,0.13386657,0.016733321,TRUE
434,1000_radii_1,-1,L,0,1,36.02176313,0,0.003966132,51.085289,0.139403105,0.006,0.540000005,0.210000002,0.003484141,0.132729181,0.016591148,TRUE
435,1000_radii_1,-1,L,0,1,36.03845691,0,0.004291066,51.21883774,0.142908797,0.006,0.540000005,0.210000002,0.003505693,0.133550226,0.016693778,TRUE
436,1000_radii_1,-1,L,0,1,36.05519234,0,0.004625019,51.3527298,0.146423444,0.006,0.540000005,0.210000002,0.003514631,0.133890718,0.01673634,TRUE
437,1000_radii_1,-1,L,0,1,36.0717853,0,0.004964248,51.48546982,0.149907887,0.006,0.540000005,0.210000002,0.003484458,0.132741255,0.016592657,TRUE
438,1000_radii_1,-1,L,0,1,36.0885147,0,0.005314393,51.61929703,0.15342088,0.006,0.540000005,0.210000002,0.003512983,0.133827932,0.016728492,TRUE
439,1000_radii_1,-1,L,0,1,36.10517919,0,0.00567138,51.75261307,0.156920493,0.006,0.540000005,0.210000002,0.003499608,0.133318402,0.0166648,TRUE
440,1000_radii_1,-1,L,0,1,36.12182981,0,0.006036198,51.88581848,0.16041711,0.006,0.540000005,0.210000002,0.003496629,0.133204904,0.016650613,TRUE
441,1000_radii_1,-1,L,0,1,36.13844541,0,0.006408368,52.01874542,0.163906455,0.006,0.540000005,0.210000002,0.003489339,0.132927198,0.0166159,TRUE
442,1000_radii_1,-1,L,0,1,36.15515911,0,0.006790837,52.15244293,0.167416021,0.006,0.540000005,0.210000002,0.00350956,0.133697531,0.016712191,TRUE
443,1000_radii_1,-1,L,0,1,36.17178436,0,0.007179477,52.28544998,0.170907453,0.006,0.540000005,0.210000002,0.003491431,0.133006887,0.016625861,TRUE
444,1000_radii_1,-1,L,0,1,36.18849806,0,0.00757834,52.41916656,0.174417511,0.006,0.540000005,0.210000002,0.003510067,0.13371685,0.016714606,TRUE
445,1000_radii_1,-1,L,0,1,36.20518701,0,0.00798477,52.55267715,0.177922204,0.006,0.540000005,0.210000002,0.003504679,0.133511589,0.016688949,TRUE
446,1000_radii_1,-1,L,0,1,36.22179174,0,0.00839723,52.6855011,0.181408793,0.006,0.540000005,0.210000002,0.003486613,0.13282336,0.01660292,TRUE
447,1000_radii_1,-1,L,0,1,36.23851782,0,0.00882093,52.81932068,0.184921592,0.006,0.540000005,0.210000002,0.003512793,0.133820688,0.016727586,TRUE
448,1000_radii_1,-1,L,0,1,36.25512889,0,0.009249818,52.95220566,0.188409865,0.006,0.540000005,0.210000002,0.003488261,0.132886145,0.016610768,TRUE
449,1000_radii_1,-1,L,0,1,36.27176351,0,0.009687415,53.08527756,0.19190307,0.006,0.540000005,0.210000002,0.003493206,0.133074503,0.016634313,TRUE
450,1000_radii_1,-1,L,0,1,36.28861576,0,0.010138359,53.21991348,0.195437282,0.006,0.540000005,0.210000002,0.003534219,0.134636903,0.016829613,TRUE
451,1000_radii_1,-1,L,0,1,36.30512208,0,0.010589362,53.35213089,0.198908046,0.006,0.540000005,0.210000002,0.003470766,0.13221965,0.016527456,TRUE
452,1000_radii_1,-1,L,0,1,36.32188801,0,0.011054746,53.48618317,0.202427,0.006,0.540000005,0.210000002,0.003518942,0.134054927,0.016756866,TRUE
453,1000_radii_1,-1,L,0,1,36.33858993,0,0.011526674,53.61975861,0.205933377,0.006,0.540000005,0.210000002,0.003506391,0.133576789,0.016697099,TRUE
454,1000_radii_1,-1,L,0,1,36.35513701,0,0.012002368,53.75210953,0.209407568,0.006,0.540000005,0.210000002,0.003474189,0.132350051,0.016543756,TRUE
455,1000_radii_1,-1,L,0,1,36.37179004,0,0.012489519,53.88539886,0.21290642,0.006,0.540000005,0.210000002,0.003498847,0.133289424,0.016661178,TRUE
456,1000_radii_1,-1,L,0,1,36.38849921,0,0.012986327,54.01909637,0.216415972,0.006,0.540000005,0.210000002,0.00350956,0.133697531,0.016712191,TRUE
457,1000_radii_1,-1,L,0,1,36.40514831,0,0.01348929,54.15225601,0.219911397,0.006,0.540000005,0.210000002,0.003495424,0.133159022,0.016644878,TRUE
458,1000_radii_1,-1,L,0,1,36.42178112,0,0.014000312,54.28539658,0.223406374,0.006,0.540000005,0.210000002,0.003494981,0.133142118,0.016642765,TRUE
459,1000_radii_1,-1,L,0,1,36.43847007,0,0.01452083,54.41889191,0.226910606,0.006,0.540000005,0.210000002,0.003504236,0.133494685,0.016686836,TRUE
460,1000_radii_1,-1,L,0,1,36.45512038,0,0.015048432,54.55211258,0.23040767,0.006,0.540000005,0.210000002,0.003497072,0.133221808,0.016652726,TRUE
461,1000_radii_1,-1,L,0,1,36.47177129,0,0.015584117,54.68532181,0.233904451,0.006,0.540000005,0.210000002,0.003496756,0.133209734,0.016651217,TRUE
462,1000_radii_1,-1,L,0,1,36.4884536,0,0.016128818,54.81874847,0.237406895,0.006,0.540000005,0.210000002,0.003502461,0.133427069,0.016678384,TRUE
463,1000_radii_1,-1,L,0,1,36.50513742,0,0.016681986,54.95224762,0.24091132,0.006,0.540000005,0.210000002,0.003504426,0.133501929,0.016687741,TRUE
464,1000_radii_1,-1,L,0,1,36.52182093,0,0.017243136,55.0857048,0.244414613,0.006,0.540000005,0.210000002,0.003503285,0.133458462,0.016682308,TRUE
465,1000_radii_1,-1,L,0,1,36.53848453,0,0.017811827,55.21901703,0.247914106,0.006,0.540000005,0.210000002,0.003499481,0.133313572,0.016664196,TRUE
466,1000_radii_1,-1,L,0,1,36.55521785,0,0.018391108,55.35289383,0.251428396,0.006,0.540000005,0.210000002,0.003514314,0.133878644,0.016734831,TRUE
467,1000_radii_1,-1,L,0,1,36.57178937,0,0.018972889,55.48546982,0.254908562,0.006,0.540000005,0.210000002,0.003480147,0.132577046,0.016572131,TRUE
468,1000_radii_1,-1,L,0,1,36.58843516,0,0.019565299,55.61862564,0.258403957,0.006,0.540000005,0.210000002,0.003495361,0.133156607,0.016644576,TRUE
469,1000_radii_1,-1,L,0,1,36.60515157,0,0.020168457,55.7523613,0.261914551,0.006,0.540000005,0.210000002,0.003510638,0.133738583,0.016717323,TRUE
470,1000_radii_1,-1,L,0,1,36.62171193,0,0.020774104,55.88484955,0.265392452,0.006,0.540000005,0.210000002,0.003477865,0.132490112,0.016561264,TRUE
471,1000_radii_1,-1,L,0,1,36.63841869,0,0.021393172,56.01850128,0.268900782,0.006,0.540000005,0.210000002,0.003508356,0.133651649,0.016706456,TRUE
472,1000_radii_1,-1,L,0,1,36.65511609,0,0.022020027,56.15206528,0.272406906,0.006,0.540000005,0.210000002,0.003506137,0.13356713,0.016695891,TRUE
473,1000_radii_1,-1,L,0,1,36.67178844,0,0.022654172,56.28544617,0.275908202,0.006,0.540000005,0.210000002,0.003501256,0.133381187,0.016672648,TRUE
474,1000_radii_1,-1,L,0,1,36.68842245,0,0.023295037,56.41852951,0.27940166,0.006,0.540000005,0.210000002,0.003493459,0.133084162,0.01663552,TRUE
475,1000_radii_1,-1,L,0,1,36.70521493,0,0.023945618,56.55194092,0.282903701,0.006,0.540000005,0.210000002,0.00350208,0.13341258,0.016676573,TRUE
476,1000_radii_1,-1,L,0,1,36.72177378,0,0.024604306,56.68534088,0.286405534,0.006,0.540000005,0.210000002,0.003501827,0.133402921,0.016675365,TRUE
477,1000_radii_1,-1,L,0,1,36.73838485,0,0.025268564,56.81822586,0.289893806,0.006,0.540000005,0.210000002,0.003488261,0.132886145,0.016610768,TRUE
478,1000_radii_1,-1,L,0,1,36.75508074,0,0.025944369,56.95179367,0.293400019,0.006,0.540000005,0.210000002,0.003506201,0.133569545,0.016696193,TRUE
479,1000_radii_1,-1,L,0,1,36.7718026,0,0.026629312,57.0855484,0.29691115,0.006,0.540000005,0.210000002,0.003511145,0.133757902,0.016719738,TRUE
480,1000_radii_1,-1,L,0,1,36.788484,0,0.027320951,57.21901321,0.300414681,0.006,0.540000005,0.210000002,0.003503538,0.133468122,0.016683515,TRUE
481,1000_radii_1,-1,L,0,1,36.80513582,0,0.02801946,57.35223389,0.303911746,0.006,0.540000005,0.210000002,0.003497072,0.133221808,0.016652726,TRUE
482,1000_radii_1,-1,L,0,1,36.82179851,0,0.028726459,57.48552322,0.307410598,0.006,0.540000005,0.210000002,0.003498847,0.133289424,0.016661178,TRUE
483,1000_radii_1,-1,L,0,1,36.83840354,0,0.0294392,57.61836243,0.310897738,0.006,0.540000005,0.210000002,0.00348712,0.132842678,0.016605335,TRUE
484,1000_radii_1,-1,L,0,1,36.85514682,0,0.030166013,57.75230789,0.314413816,0.006,0.540000005,0.210000002,0.003516089,0.13394626,0.016743282,TRUE
485,1000_radii_1,-1,L,0,1,36.8717425,0,0.030894488,57.88505554,0.317898512,0.006,0.540000005,0.210000002,0.003484712,0.132750915,0.016593864,TRUE
486,1000_radii_1,-1,L,0,1,36.88841182,0,0.031634495,58.0184288,0.321399629,0.006,0.540000005,0.210000002,0.003501066,0.133373943,0.016671743,TRUE
487,1000_radii_1,-1,L,0,1,36.90509443,0,0.032383125,58.15188599,0.324902862,0.006,0.540000005,0.210000002,0.003503285,0.133458462,0.016682308,TRUE
488,1000_radii_1,-1,L,0,1,36.92175229,0,0.033138834,58.28515244,0.328401148,0.006,0.540000005,0.210000002,0.003498277,0.13326769,0.016658461,TRUE
489,1000_radii_1,-1,L,0,1,36.93840894,0,0.033902567,58.41839981,0.331898928,0.006,0.540000005,0.210000002,0.00349777,0.133248371,0.016656046,TRUE
490,1000_radii_1,-1,L,0,1,36.95516037,0,0.034678813,58.5524025,0.335416526,0.006,0.540000005,0.210000002,0.003517611,0.134004216,0.016750527,TRUE
491,1000_radii_1,-1,L,0,1,36.97178563,0,0.035457432,58.68540573,0.338907897,0.006,0.540000005,0.210000002,0.003491367,0.133004473,0.016625559,TRUE
492,1000_radii_1,-1,L,0,1,36.98839097,0,0.0362432,58.81824493,0.342395008,0.006,0.540000005,0.210000002,0.00348712,0.132842678,0.016605335,TRUE
493,1000_radii_1,-1,L,0,1,37.00510648,0,0.037041917,58.95190048,0.345903456,0.006,0.540000005,0.210000002,0.003508483,0.133656479,0.01670706,TRUE
494,1000_radii_1,-1,L,0,1,37.02172358,0,0.037844881,59.08490372,0.349394858,0.006,0.540000005,0.210000002,0.003491367,0.133004473,0.016625559,TRUE
495,1000_radii_1,-1,L,0,1,37.03840197,0,0.038658511,59.21832657,0.352897286,0.006,0.540000005,0.210000002,0.003502397,0.133424654,0.016678082,TRUE
496,1000_radii_1,-1,L,0,1,37.05514103,0,0.039483257,59.35223007,0.356412262,0.006,0.540000005,0.210000002,0.003515012,0.133905207,0.016738151,TRUE
497,1000_radii_1,-1,L,0,1,37.07179617,0,0.040312085,59.48546982,0.359909892,0.006,0.540000005,0.210000002,0.00349758,0.133241127,0.016655141,TRUE
498,1000_radii_1,-1,L,0,1,37.08838943,0,0.041146029,59.61822891,0.363394827,0.006,0.540000005,0.210000002,0.003484965,0.132760574,0.016595072,TRUE
499,1000_radii_1,-1,L,0,1,37.1051801,0,0.041997958,59.75254822,0.366920829,0.006,0.540000005,0.210000002,0.003525978,0.134322974,0.016790372,TRUE
500,1000_radii_1,-1,L,0,1,37.12172959,0,0.042845845,59.88494492,0.370396346,0.006,0.540000005,0.210000002,0.00347552,0.132400763,0.016550095,TRUE
501,1000_radii_1,-1,L,0,1,37.1384119,0,0.0437086,60.0184021,0.373899609,0.006,0.540000005,0.210000002,0.003503285,0.133458462,0.016682308,TRUE
502,1000_radii_1,-1,L,0,1,37.15509602,0,0.044579547,60.1518631,0.377403021,0.006,0.540000005,0.210000002,0.003503411,0.133463292,0.016682911,TRUE
503,1000_radii_1,-1,L,0,1,37.17173486,0,0.045456283,60.28496552,0.380897015,0.006,0.540000005,0.210000002,0.003493966,0.133103481,0.016637935,TRUE
504,1000_radii_1,-1,L,0,1,37.18837098,0,0.046341151,60.41806793,0.38439101,0.006,0.540000005,0.210000002,0.00349403,0.133105896,0.016638237,TRUE
505,1000_radii_1,-1,L,0,1,37.20509978,0,0.047238965,60.55189133,0.387903929,0.006,0.540000005,0.210000002,0.00351292,0.133825518,0.01672819,TRUE
506,1000_radii_1,-1,L,0,1,37.22174556,0,0.048140489,60.68505096,0.391399413,0.006,0.540000005,0.210000002,0.003495488,0.133161437,0.01664518,TRUE
507,1000_radii_1,-1,L,0,1,37.23839104,0,0.049050152,60.8182106,0.394894987,0.006,0.540000005,0.210000002,0.003495551,0.133163852,0.016645481,TRUE
508,1000_radii_1,-1,L,0,1,37.2552439,0,0.049979307,60.953022,0.398433805,0.006,0.540000005,0.210000002,0.003538846,0.134813187,0.016851648,TRUE
509,1000_radii_1,-1,L,0,1,37.27174268,0,0.050897174,61.08501053,0.401898623,0.006,0.540000005,0.210000002,0.003464807,0.131992655,0.016499082,TRUE
510,1000_radii_1,-1,L,0,1,37.28839208,0,0.051831543,61.21821594,0.405395329,0.006,0.540000005,0.210000002,0.003496692,0.133207319,0.016650915,TRUE
511,1000_radii_1,-1,L,0,1,37.30518034,0,0.052781817,61.35251999,0.408920854,0.006,0.540000005,0.210000002,0.003525534,0.134306071,0.016788259,TRUE
512,1000_radii_1,-1,L,0,1,37.32173315,0,0.053726859,61.48493195,0.412396789,0.006,0.540000005,0.210000002,0.0034759,0.132415252,0.016551906,TRUE
513,1000_radii_1,-1,L,0,1,37.33844142,0,0.054688938,61.61859512,0.415905505,0.006,0.540000005,0.210000002,0.003508736,0.133666138,0.016708267,TRUE
514,1000_radii_1,-1,L,0,1,37.35511316,0,0.055657096,61.75196838,0.419406652,0.006,0.540000005,0.210000002,0.003501129,0.133376358,0.016672045,TRUE
515,1000_radii_1,-1,L,0,1,37.37170099,0,0.056628492,61.88467026,0.422890157,0.006,0.540000005,0.210000002,0.003483507,0.132705033,0.016588129,TRUE
516,1000_radii_1,-1,L,0,1,37.38837756,0,0.057613194,62.01808167,0.426392257,0.006,0.540000005,0.210000002,0.003502144,0.133414995,0.016676874,TRUE
517,1000_radii_1,-1,L,0,1,37.40516703,0,0.058612756,62.15239334,0.429918051,0.006,0.540000005,0.210000002,0.003525788,0.13431573,0.016789466,TRUE
518,1000_radii_1,-1,L,0,1,37.42175606,0,0.059608188,62.28505325,0.433400482,0.006,0.540000005,0.210000002,0.00348243,0.13266398,0.016582998,TRUE
519,1000_radii_1,-1,L,0,1,37.43845226,0,0.060618535,62.41861725,0.436906695,0.006,0.540000005,0.210000002,0.003506201,0.133569545,0.016696193,TRUE
520,1000_radii_1,-1,L,0,1,37.45524353,0,0.061640035,62.55257416,0.440423161,0.006,0.540000005,0.210000002,0.00351647,0.133960749,0.016745094,TRUE
521,1000_radii_1,-1,L,0,1,37.47175801,0,0.062658139,62.68502045,0.44389993,0.006,0.540000005,0.210000002,0.003476788,0.13244906,0.016556132,TRUE
522,1000_radii_1,-1,L,0,1,37.48846296,0,0.063693188,62.81861496,0.447406918,0.006,0.540000005,0.210000002,0.003506961,0.133598523,0.016699815,TRUE
523,1000_radii_1,-1,L,0,1,37.50517847,0,0.064737603,62.95236206,0.45091787,0.006,0.540000005,0.210000002,0.003510955,0.133750658,0.016718832,TRUE
524,1000_radii_1,-1,L,0,1,37.52186349,0,0.065788217,63.08585358,0.454422176,0.006,0.540000005,0.210000002,0.003504299,0.1334971,0.016687137,TRUE
525,1000_radii_1,-1,L,0,1,37.5384634,0,0.066840596,63.21854019,0.457905322,0.006,0.540000005,0.210000002,0.003483127,0.132690544,0.016586318,TRUE
526,1000_radii_1,-1,L,0,1,37.55507084,0,0.067903377,63.35152054,0.461396098,0.006,0.540000005,0.210000002,0.003490797,0.132982739,0.016622842,TRUE
527,1000_radii_1,-1,L,0,1,37.57175013,0,0.068977915,63.48495483,0.464898795,0.006,0.540000005,0.210000002,0.003502714,0.133436729,0.016679591,TRUE
528,1000_radii_1,-1,L,0,1,37.58842006,0,0.070060261,63.61834335,0.468400419,0.006,0.540000005,0.210000002,0.003501573,0.133393262,0.016674158,TRUE
529,1000_radii_1,-1,L,0,1,37.60506494,0,0.071147613,63.75134659,0.47189185,0.006,0.540000005,0.210000002,0.003491494,0.133009302,0.016626163,TRUE
530,1000_radii_1,-1,L,0,1,37.62171284,0,0.072245836,63.88468552,0.475392133,0.006,0.540000005,0.210000002,0.003500305,0.133344965,0.016668121,TRUE
531,1000_radii_1,-1,L,0,1,37.63839394,0,0.073353067,64.01812744,0.478895217,0.006,0.540000005,0.210000002,0.003503031,0.133448803,0.0166811,TRUE
532,1000_radii_1,-1,L,0,1,37.65512635,0,0.074471891,64.15198517,0.482409,0.006,0.540000005,0.210000002,0.003513807,0.133859325,0.016732416,TRUE
533,1000_radii_1,-1,L,0,1,37.6717655,0,0.075592272,64.28504944,0.485902071,0.006,0.540000005,0.210000002,0.003493079,0.133069673,0.016633709,TRUE
534,1000_radii_1,-1,L,0,1,37.68843151,0,0.076723203,64.41840363,0.489402741,0.006,0.540000005,0.210000002,0.003500622,0.133357039,0.01666963,TRUE
535,1000_radii_1,-1,L,0,1,37.70510566,0,0.077862754,64.55181122,0.492904842,0.006,0.540000005,0.210000002,0.00350208,0.13341258,0.016676573,TRUE
536,1000_radii_1,-1,L,0,1,37.72170073,0,0.079004914,64.68457031,0.496389955,0.006,0.540000005,0.210000002,0.003485155,0.132767818,0.016595977,TRUE
537,1000_radii_1,-1,L,0,1,37.73842651,0,0.080164127,64.818367,0.499902278,0.006,0.540000005,0.210000002,0.003512349,0.133803784,0.016725473,TRUE
538,1000_radii_1,-1,L,0,1,37.75505418,0,0.08132337,64.95122528,0.503390074,0.006,0.540000005,0.210000002,0.003487754,0.132866827,0.016608353,TRUE
539,1000_radii_1,-1,L,0,1,37.77170872,0,0.08249528,65.08460999,0.506891489,0.006,0.540000005,0.210000002,0.003501446,0.133388432,0.016673554,TRUE
540,1000_radii_1,-1,L,0,1,37.78836446,0,0.083674125,65.21785736,0.510389328,0.006,0.540000005,0.210000002,0.003497833,0.133250786,0.016656348,TRUE
541,1000_radii_1,-1,L,0,1,37.80509718,0,0.084865235,65.35157013,0.513899326,0.006,0.540000005,0.210000002,0.003510004,0.133714435,0.016714304,TRUE
542,1000_radii_1,-1,L,0,1,37.82177406,0,0.086063169,65.48513031,0.517405331,0.006,0.540000005,0.210000002,0.00350601,0.1335623,0.016695288,TRUE
543,1000_radii_1,-1,L,0,1,37.83842738,0,0.087266222,65.61834717,0.520902455,0.006,0.540000005,0.210000002,0.003497136,0.133224223,0.016653028,TRUE
544,1000_radii_1,-1,L,0,1,37.85504902,0,0.088474356,65.75122833,0.524390817,0.006,0.540000005,0.210000002,0.003488325,0.13288856,0.01661107,TRUE
545,1000_radii_1,-1,L,0,1,37.87170899,0,0.089694954,65.88459015,0.527891695,0.006,0.540000005,0.210000002,0.003500876,0.133366698,0.016670837,TRUE
546,1000_radii_1,-1,L,0,1,37.88842843,0,0.090927333,66.01834106,0.531402886,0.006,0.540000005,0.210000002,0.003511208,0.133760317,0.01672004,TRUE
547,1000_radii_1,-1,L,0,1,37.90505248,0,0.092159934,66.15123749,0.534891546,0.006,0.540000005,0.210000002,0.003488642,0.132900635,0.016612579,TRUE
548,1000_radii_1,-1,L,0,1,37.92172301,0,0.093405791,66.28468323,0.538394749,0.006,0.540000005,0.210000002,0.003503158,0.133453633,0.016681704,TRUE
549,1000_radii_1,-1,L,0,1,37.93840472,0,0.09465985,66.4181366,0.541898012,0.006,0.540000005,0.210000002,0.003503285,0.133458462,0.016682308,TRUE
550,1000_radii_1,-1,L,0,1,37.95505533,0,0.095918462,66.5512085,0.545391262,0.006,0.540000005,0.210000002,0.003493269,0.133076918,0.016634615,TRUE
551,1000_radii_1,-1,L,0,1,37.97171349,0,0.097188152,66.6845932,0.548892677,0.006,0.540000005,0.210000002,0.003501446,0.133388432,0.016673554,TRUE
552,1000_radii_1,-1,L,0,1,37.98841028,0,0.098467819,66.81816864,0.552399158,0.006,0.540000005,0.210000002,0.003506454,0.133579204,0.016697401,TRUE
553,1000_radii_1,-1,L,0,1,38.00509289,0,0.09975303,66.95146942,0.555898428,0.006,0.540000005,0.210000002,0.003499291,0.133306327,0.016663291,TRUE
554,1000_radii_1,-1,L,0,1,38.02168163,0,0.101042092,67.0843277,0.559386134,0.006,0.540000005,0.210000002,0.003487691,0.132864412,0.016608051,TRUE
555,1000_radii_1,-1,L,0,1,38.03837873,0,0.102346107,67.21788788,0.562892258,0.006,0.540000005,0.210000002,0.003506137,0.13356713,0.016695891,TRUE
556,1000_radii_1,-1,L,0,1,38.05508307,0,0.103656538,67.35127258,0.566393793,0.006,0.540000005,0.210000002,0.003501446,0.133388432,0.016673554,TRUE
557,1000_radii_1,-1,L,0,1,38.07169565,0,0.104972661,67.48440552,0.569888651,0.006,0.540000005,0.210000002,0.003494917,0.133139704,0.016642463,TRUE
558,1000_radii_1,-1,L,0,1,38.08834868,0,0.106297888,67.61763763,0.573386133,0.006,0.540000005,0.210000002,0.003497516,0.133238712,0.016654839,TRUE
559,1000_radii_1,-1,L,0,1,38.10501619,0,0.107632242,67.75096893,0.576886237,0.006,0.540000005,0.210000002,0.003500115,0.13333772,0.016667215,TRUE
560,1000_radii_1,-1,L,0,1,38.12173201,0,0.108978681,67.88468933,0.580396652,0.006,0.540000005,0.210000002,0.003510384,0.133728924,0.016716116,TRUE
561,1000_radii_1,-1,L,0,1,38.13847257,0,0.110335462,68.01862335,0.583326578,0.005,0.44999999,0.174999996,0.002929969,0.13394143,0.016742679,TRUE
562,1000_radii_1,-1,L,0,1,38.15499701,0,0.111681193,68.15080261,0.586218119,0.005,0.44999999,0.174999996,0.002891512,0.132183428,0.016522928,TRUE
563,1000_radii_1,-1,L,0,1,38.17169924,0,0.113048248,68.28440857,0.589140952,0.005,0.44999999,0.174999996,0.002922837,0.133615427,0.016701928,TRUE
564,1000_radii_1,-1,L,0,1,38.18836495,0,0.11441914,68.41772461,0.592057526,0.005,0.44999999,0.174999996,0.002916498,0.133325646,0.016665706,TRUE
565,1000_radii_1,-1,L,0,1,38.20511577,0,0.115802333,68.55157471,0.594399989,0.004,0.360000017,0.140000007,0.002342538,0.133859325,0.016732416,TRUE
566,1000_radii_1,-1,L,0,1,38.22185725,0,0.117193274,68.68564606,0.596159816,0.003,0.270000002,0.105000001,0.001759788,0.134079076,0.016759884,TRUE
567,1000_radii_1,-1,L,0,1,38.23847073,0,0.118576221,68.81855774,0.597322762,0.002,0.180000009,0.070000003,0.001163007,0.132915124,0.01661439,TRUE
568,1000_radii_1,-1,L,0,1,38.25508633,0,0.119959854,68.95127106,0.59790343,0.001,0.090000004,0.035000002,0.000580658,0.132721936,0.016590242,TRUE
569,1000_radii_1,-1,L,0,1,38.27171008,0,0.121349744,69.0844574,0.597320735,-0.001,-0.090000004,-0.035000002,-0.000582719,0.13319283,0.016649104,TRUE
570,1000_radii_1,-1,L,0,1,38.2883791,0,0.122739993,69.21780396,0.595570505,-0.003,-0.270000002,-0.105000001,-0.001750311,0.133357039,0.01666963,TRUE
571,1000_radii_1,-1,L,0,1,38.3050593,0,0.124126144,69.35115051,0.593236685,-0.004,-0.360000017,-0.140000007,-0.002333706,0.133354624,0.016669328,TRUE
572,1000_radii_1,-1,L,0,1,38.32171504,0,0.12550661,69.48447418,0.58973676,-0.006,-0.540000005,-0.210000002,-0.003499925,0.133330476,0.016666309,TRUE
573,1000_radii_1,-1,L,0,1,38.33840309,0,0.12688075,69.61797333,0.585064054,-0.008,-0.720000034,-0.280000013,-0.004672737,0.133506759,0.016688345,TRUE
574,1000_radii_1,-1,L,0,1,38.35510592,0,0.128242821,69.75135803,0.579811871,-0.009,-0.809999965,-0.314999986,-0.005252264,0.133390847,0.016673856,TRUE
575,1000_radii_1,-1,L,0,1,38.37177344,0,0.129594445,69.88491821,0.573968232,-0.01,-0.89999998,-0.349999992,-0.005843562,0.13356713,0.016695891,TRUE
576,1000_radii_1,-1,L,0,1,38.38835251,0,0.130922988,70.01753235,0.568165958,-0.01,-0.89999998,-0.349999992,-0.005802253,0.132622928,0.016577866,TRUE
577,1000_radii_1,-1,L,0,1,38.40500554,0,0.132244021,70.15074158,0.562337637,-0.01,-0.89999998,-0.349999992,-0.005828348,0.133219393,0.016652424,TRUE
578,1000_radii_1,-1,L,0,1,38.42169962,0,0.133554965,70.28430939,0.555909455,-0.011,-0.989999995,-0.384999998,-0.006428151,0.13357196,0.016696495,TRUE
579,1000_radii_1,-1,L,0,1,38.43833061,0,0.134845689,70.41733551,0.54950732,-0.011,-0.989999995,-0.384999998,-0.006402235,0.133033451,0.016629181,TRUE
580,1000_radii_1,-1,L,0,1,38.4550754,0,0.136128843,70.55112457,0.543068469,-0.011,-0.989999995,-0.384999998,-0.006438842,0.133794125,0.016724266,TRUE
581,1000_radii_1,-1,L,0,1,38.47177371,0,0.13739647,70.68486023,0.536632121,-0.011,-0.989999995,-0.384999998,-0.006436286,0.133740998,0.016717625,TRUE
582,1000_radii_1,-1,L,0,1,38.48839595,0,0.138641983,70.81784058,0.530232251,-0.011,-0.989999995,-0.384999998,-0.00639991,0.132985154,0.016623144,TRUE
583,1000_radii_1,-1,L,0,1,38.50507946,0,0.139876813,70.95127106,0.523810685,-0.011,-0.989999995,-0.384999998,-0.006421526,0.133434314,0.016679289,TRUE
584,1000_radii_1,-1,L,0,1,38.52174155,0,0.141095713,71.08459473,0.517394245,-0.011,-0.989999995,-0.384999998,-0.006416413,0.133328061,0.016666008,TRUE
585,1000_radii_1,-1,L,0,1,38.53842657,0,0.142301053,71.21807098,0.510970533,-0.011,-0.989999995,-0.384999998,-0.006423734,0.133480196,0.016685024,TRUE
586,1000_radii_1,-1,L,0,1,38.55503281,0,0.143485785,71.350914,0.504577219,-0.011,-0.989999995,-0.384999998,-0.006393286,0.132847508,0.016605939,TRUE
587,1000_radii_1,-1,L,0,1,38.57170727,0,0.144660071,71.48425293,0.498160034,-0.011,-0.989999995,-0.384999998,-0.006417226,0.133344965,0.016668121,TRUE
588,1000_radii_1,-1,L,0,1,38.58836543,0,0.145818964,71.61753845,0.491745383,-0.011,-0.989999995,-0.384999998,-0.00641467,0.133291838,0.01666148,TRUE
589,1000_radii_1,-1,L,0,1,38.60510992,0,0.146968082,71.7514267,0.485301852,-0.011,-0.989999995,-0.384999998,-0.006443491,0.133890718,0.01673634,TRUE
590,1000_radii_1,-1,L,0,1,38.62178438,0,0.148097843,71.88480377,0.47888279,-0.011,-0.989999995,-0.384999998,-0.006419086,0.133383602,0.01667295,TRUE
591,1000_radii_1,-1,L,0,1,38.63850895,0,0.149213657,72.01830292,0.472458035,-0.011,-0.989999995,-0.384999998,-0.00642478,0.133501929,0.016687741,TRUE
592,1000_radii_1,-1,L,0,1,38.65516258,0,0.150314301,72.15177917,0.466034383,-0.011,-0.989999995,-0.384999998,-0.006423618,0.133477781,0.016684723,TRUE
593,1000_radii_1,-1,L,0,1,38.67176338,0,0.151392728,72.28436279,0.459653646,-0.011,-0.989999995,-0.384999998,-0.006380735,0.132586706,0.016573338,TRUE
594,1000_radii_1,-1,L,0,1,38.68846199,0,0.15246667,72.41822815,0.453211218,-0.011,-0.989999995,-0.384999998,-0.006442445,0.133868985,0.016733623,TRUE
595,1000_radii_1,-1,L,0,1,38.70506099,0,0.153516889,72.55099487,0.446821541,-0.011,-0.989999995,-0.384999998,-0.006389684,0.132772648,0.016596581,TRUE
596,1000_radii_1,-1,L,0,1,38.72169983,0,0.154555485,72.68417358,0.440412194,-0.011,-0.989999995,-0.384999998,-0.006409324,0.133180756,0.016647594,TRUE
597,1000_radii_1,-1,L,0,1,38.73832448,0,0.155577883,72.81718445,0.434010983,-0.011,-0.989999995,-0.384999998,-0.006401189,0.133011717,0.016626465,TRUE
598,1000_radii_1,-1,L,0,1,38.75500377,0,0.156588659,72.95062256,0.427589238,-0.011,-0.989999995,-0.384999998,-0.006421759,0.133439144,0.016679893,TRUE
599,1000_radii_1,-1,L,0,1,38.77173498,0,0.157587603,73.08447266,0.421147376,-0.011,-0.989999995,-0.384999998,-0.006441864,0.133856911,0.016732114,TRUE
600,1000_radii_1,-1,L,0,1,38.78833971,0,0.158564061,73.21731567,0.414754212,-0.011,-0.989999995,-0.384999998,-0.00639317,0.132845093,0.016605637,TRUE
601,1000_radii_1,-1,L,0,1,38.80498399,0,0.159527957,73.3504715,0.408346057,-0.011,-0.989999995,-0.384999998,-0.006408162,0.133156607,0.016644576,TRUE
602,1000_radii_1,-1,L,0,1,38.82163188,0,0.160477147,73.48365021,0.401936591,-0.011,-0.989999995,-0.384999998,-0.00640944,0.133183171,0.016647896,TRUE
603,1000_radii_1,-1,L,0,1,38.83840535,0,0.161418483,73.617836,0.395478845,-0.011,-0.989999995,-0.384999998,-0.006457785,0.134187743,0.016773468,TRUE
604,1000_radii_1,-1,L,0,1,38.8551269,0,0.16233936,73.75125122,0.389058232,-0.011,-0.989999995,-0.384999998,-0.006420597,0.133414995,0.016676874,TRUE
605,1000_radii_1,-1,L,0,1,38.87166643,0,0.163240224,73.88391876,0.382673532,-0.011,-0.989999995,-0.384999998,-0.006384686,0.13266881,0.016583601,TRUE
606,1000_radii_1,-1,L,0,1,38.88832549,0,0.164130375,74.01719666,0.376259446,-0.011,-0.989999995,-0.384999998,-0.006414089,0.133279764,0.016659971,TRUE
607,1000_radii_1,-1,L,0,1,38.90503557,0,0.165008187,74.15086365,0.369826525,-0.011,-0.989999995,-0.384999998,-0.006432915,0.133670968,0.016708871,TRUE
608,1000_radii_1,-1,L,0,1,38.92171275,0,0.1658694,74.2842865,0.363405466,-0.011,-0.989999995,-0.384999998,-0.006421061,0.133424654,0.016678082,TRUE
609,1000_radii_1,-1,L,0,1,38.93831386,0,0.166711807,74.417099,0.357013583,-0.011,-0.989999995,-0.384999998,-0.006391892,0.13281853,0.016602316,TRUE
610,1000_radii_1,-1,L,0,1,38.95496719,0,0.167541906,74.55031586,0.350602388,-0.011,-0.989999995,-0.384999998,-0.006411183,0.133219393,0.016652424,TRUE
611,1000_radii_1,-1,L,0,1,38.97172466,0,0.16836226,74.68437958,0.344150573,-0.011,-0.989999995,-0.384999998,-0.006451858,0.134064587,0.016758073,TRUE
612,1000_radii_1,-1,L,0,1,38.98838855,0,0.169162989,74.81768799,0.337735057,-0.011,-0.989999995,-0.384999998,-0.006415483,0.133308742,0.016663593,TRUE
613,1000_radii_1,-1,L,0,1,39.00498604,0,0.169945657,74.95046234,0.331345141,-0.011,-0.989999995,-0.384999998,-0.006389916,0.132777478,0.016597185,TRUE
614,1000_radii_1,-1,L,0,1,39.02165959,0,0.170717061,75.08385468,0.324925691,-0.011,-0.989999995,-0.384999998,-0.006419434,0.133390847,0.016673856,TRUE
615,1000_radii_1,-1,L,0,1,39.03840227,0,0.171476647,75.21779633,0.318479806,-0.011,-0.989999995,-0.384999998,-0.006445931,0.13394143,0.016742679,TRUE
616,1000_radii_1,-1,L,0,1,39.05504805,0,0.172216833,75.35095978,0.312071264,-0.011,-0.989999995,-0.384999998,-0.00640851,0.133163852,0.016645481,TRUE
617,1000_radii_1,-1,L,0,1,39.07161747,0,0.172938854,75.48352051,0.305691689,-0.011,-0.989999995,-0.384999998,-0.006379573,0.132562557,0.01657032,TRUE
618,1000_radii_1,-1,L,0,1,39.08831457,0,0.173651531,75.61709595,0.299263299,-0.011,-0.989999995,-0.384999998,-0.006428383,0.133576789,0.016697099,TRUE
619,1000_radii_1,-1,L,0,1,39.10502072,0,0.174349591,75.75074005,0.292831421,-0.011,-0.989999995,-0.384999998,-0.006431869,0.133649234,0.016706154,TRUE
620,1000_radii_1,-1,L,0,1,39.12167405,0,0.17503047,75.88395691,0.286420137,-0.011,-0.989999995,-0.384999998,-0.006411299,0.133221808,0.016652726,TRUE
621,1000_radii_1,-1,L,0,1,39.13837175,0,0.175698251,76.01753998,0.279991388,-0.011,-0.989999995,-0.384999998,-0.006428732,0.133584034,0.016698004,TRUE
622,1000_radii_1,-1,L,0,1,39.15500425,0,0.176348507,76.15060425,0.273587644,-0.011,-0.989999995,-0.384999998,-0.006403746,0.133064844,0.016633105,TRUE
623,1000_radii_1,-1,L,0,1,39.17168053,0,0.176985547,76.28401184,0.267167211,-0.011,-0.989999995,-0.384999998,-0.00642048,0.13341258,0.016676573,TRUE
624,1000_radii_1,-1,L,0,1,39.18835559,0,0.177607566,76.4174118,0.260747403,-0.011,-0.989999995,-0.384999998,-0.006419783,0.133398091,0.016674761,TRUE
625,1000_radii_1,-1,L,0,1,39.20509887,0,0.178216606,76.55123901,0.254306793,-0.011,-0.989999995,-0.384999998,-0.006440585,0.133830347,0.016728793,TRUE
626,1000_radii_1,-1,L,0,1,39.22171537,0,0.17880708,76.68427277,0.247904465,-0.011,-0.989999995,-0.384999998,-0.006402351,0.133035865,0.016629483,TRUE
627,1000_radii_1,-1,L,0,1,39.23833097,0,0.179382205,76.81719208,0.24150756,-0.011,-0.989999995,-0.384999998,-0.006396889,0.132922368,0.016615296,TRUE
628,1000_radii_1,-1,L,0,1,39.25498581,0,0.179943874,76.95044708,0.235094771,-0.011,-0.989999995,-0.384999998,-0.00641281,0.133253201,0.01665665,TRUE
629,1000_radii_1,-1,L,0,1,39.27163552,0,0.180490419,77.08364868,0.228684485,-0.011,-0.989999995,-0.384999998,-0.006410254,0.133200074,0.016650009,TRUE
630,1000_radii_1,-1,L,0,1,39.28830485,0,0.181022659,77.21699524,0.222267061,-0.011,-0.989999995,-0.384999998,-0.006417459,0.133349794,0.016668724,TRUE
631,1000_radii_1,-1,L,0,1,39.30497055,0,0.181539863,77.35031891,0.21585086,-0.011,-0.989999995,-0.384999998,-0.00641618,0.133323231,0.016665404,TRUE
632,1000_radii_1,-1,L,0,1,39.32162932,0,0.182041928,77.48358917,0.209437236,-0.011,-0.989999995,-0.384999998,-0.006413624,0.133270105,0.016658763,TRUE
633,1000_radii_1,-1,L,0,1,39.33836777,0,0.182531416,77.61750031,0.202992812,-0.011,-0.989999995,-0.384999998,-0.00644442,0.133910037,0.016738755,TRUE
634,1000_radii_1,-1,L,0,1,39.35504072,0,0.183003977,77.75087738,0.196573868,-0.011,-0.989999995,-0.384999998,-0.00641897,0.133381187,0.016672648,TRUE
635,1000_radii_1,-1,L,0,1,39.37167926,0,0.183460653,77.88398743,0.190167993,-0.011,-0.989999995,-0.384999998,-0.006405837,0.133108311,0.016638539,TRUE
636,1000_radii_1,-1,L,0,1,39.38838209,0,0.183904156,78.01760864,0.183737323,-0.011,-0.989999995,-0.384999998,-0.006430707,0.133625086,0.016703136,TRUE
637,1000_radii_1,-1,L,0,1,39.40499226,0,0.18433024,78.15047455,0.177342966,-0.011,-0.989999995,-0.384999998,-0.006394332,0.132869242,0.016608655,TRUE
638,1000_radii_1,-1,L,0,1,39.42162476,0,0.184742078,78.28353119,0.17093958,-0.011,-0.989999995,-0.384999998,-0.006403397,0.133057599,0.0166322,TRUE
639,1000_radii_1,-1,L,0,1,39.43836683,0,0.185141698,78.41748047,0.164493427,-0.011,-0.989999995,-0.384999998,-0.006446164,0.13394626,0.016743282,TRUE
640,1000_radii_1,-1,L,0,1,39.45506303,0,0.185525075,78.55101776,0.158067003,-0.011,-0.989999995,-0.384999998,-0.006426407,0.133535737,0.016691967,TRUE
641,1000_radii_1,-1,L,0,1,39.47168345,0,0.185891926,78.68399811,0.151667446,-0.011,-0.989999995,-0.384999998,-0.006399562,0.132977909,0.016622239,TRUE
642,1000_radii_1,-1,L,0,1,39.48831928,0,0.186244264,78.81710052,0.145261943,-0.011,-0.989999995,-0.384999998,-0.006405489,0.133101066,0.016637633,TRUE
643,1000_radii_1,-1,L,0,1,39.50493185,0,0.186581224,78.95001221,0.13886565,-0.011,-0.989999995,-0.384999998,-0.006396308,0.132910294,0.016613787,TRUE
644,1000_radii_1,-1,L,0,1,39.52167695,0,0.186905831,79.08394623,0.132420182,-0.011,-0.989999995,-0.384999998,-0.006445466,0.133931771,0.016741471,TRUE
645,1000_radii_1,-1,L,0,1,39.53834718,0,0.187214106,79.21733093,0.12600109,-0.011,-0.989999995,-0.384999998,-0.006419086,0.133383602,0.01667295,TRUE
646,1000_radii_1,-1,L,0,1,39.55502557,0,0.18750754,79.35076141,0.11957968,-0.011,-0.989999995,-0.384999998,-0.00642141,0.133431899,0.016678987,TRUE
647,1000_radii_1,-1,L,0,1,39.57164267,0,0.187784985,79.48369598,0.113182105,-0.011,-0.989999995,-0.384999998,-0.006397586,0.132936857,0.016617107,TRUE
648,1000_radii_1,-1,L,0,1,39.58830627,0,0.188048318,79.61700439,0.106766619,-0.011,-0.989999995,-0.384999998,-0.006415483,0.133308742,0.016663593,TRUE
649,1000_radii_1,-1,L,0,1,39.60495809,0,0.188296542,79.75021362,0.100355893,-0.011,-0.989999995,-0.384999998,-0.006410718,0.133209734,0.016651217,TRUE
650,1000_radii_1,-1,L,0,1,39.62162802,0,0.188530132,79.88357544,0.093937851,-0.011,-0.989999995,-0.384999998,-0.00641804,0.133361869,0.016670234,TRUE
651,1000_radii_1,-1,L,0,1,39.63829403,0,0.188748732,80.01690674,0.08752121,-0.011,-0.989999995,-0.384999998,-0.006416645,0.133332891,0.016666611,TRUE
652,1000_radii_1,-1,L,0,1,39.65495641,0,0.188952357,80.15020752,0.081106074,-0.011,-0.989999995,-0.384999998,-0.006415135,0.133301498,0.016662687,TRUE
653,1000_radii_1,-1,L,0,1,39.67164928,0,0.189141378,80.28373718,0.074679784,-0.011,-0.989999995,-0.384999998,-0.006426291,0.133533322,0.016691665,TRUE
654,1000_radii_1,-1,L,0,1,39.68833552,0,0.189315319,80.41719055,0.068257444,-0.011,-0.989999995,-0.384999998,-0.00642234,0.133451218,0.016681402,TRUE
655,1000_radii_1,-1,L,0,1,39.70496681,0,0.189473867,80.55027771,0.061852776,-0.011,-0.989999995,-0.384999998,-0.006404675,0.133084162,0.01663552,TRUE
656,1000_radii_1,-1,L,0,1,39.72171009,0,0.189618304,80.6840744,0.055413693,-0.011,-0.989999995,-0.384999998,-0.006439075,0.133798954,0.016724869,TRUE
657,1000_radii_1,-1,L,0,1,39.73849745,0,0.189747944,80.81812286,0.048962768,-0.011,-0.989999995,-0.384999998,-0.006450928,0.134045268,0.016755658,TRUE
658,1000_radii_1,-1,L,0,1,39.7549923,0,0.189861014,80.95044708,0.042594813,-0.011,-0.989999995,-0.384999998,-0.006367952,0.132321073,0.016540134,TRUE
659,1000_radii_1,-1,L,0,1,39.77168729,0,0.189960256,81.08393097,0.036170732,-0.011,-0.989999995,-0.384999998,-0.006424083,0.13348744,0.01668593,TRUE
660,1000_radii_1,-1,L,0,1,39.78843208,0,0.190044865,81.21796417,0.030306885,-0.01,-0.89999998,-0.349999992,-0.005863846,0.134030779,0.016753847,TRUE
661,1000_radii_1,-1,L,0,1,39.80504617,0,0.190115154,81.35085297,0.024493113,-0.01,-0.89999998,-0.349999992,-0.005813769,0.132886145,0.016610768,TRUE
662,1000_radii_1,-1,L,0,1,39.82165603,0,0.190171868,81.48352814,0.018688431,-0.01,-0.89999998,-0.349999992,-0.005804683,0.132678469,0.016584809,TRUE
663,1000_radii_1,-1,L,0,1,39.83833019,0,0.190215439,81.61711884,0.012843813,-0.01,-0.89999998,-0.349999992,-0.005844618,0.133591278,0.01669891,TRUE
664,1000_radii_1,-1,L,0,1,39.85496631,0,0.190245271,81.75022888,0.007020113,-0.01,-0.89999998,-0.349999992,-0.0058237,0.13311314,0.016639143,TRUE
665,1000_radii_1,-1,L,0,1,39.87171291,0,0.190261692,81.8842392,0.001743412,-0.009,-0.809999965,-0.314999986,-0.005276701,0.13401146,0.016751433,TRUE
666,1000_radii_1,-1,L,0,1,39.88825667,0,0.190265715,82.01660919,359.9965314,-0.009,-0.809999965,-0.314999986,-0.005212044,0.13236937,0.016546171,TRUE
667,1000_radii_1,-1,L,0,1,39.9050407,0,0.190257594,82.15087891,359.991832,-0.008,-0.720000034,-0.280000013,-0.00469936,0.134267433,0.016783429,TRUE
668,1000_radii_1,-1,L,0,1,39.92160861,0,0.190238699,82.28340912,359.9871934,-0.008,-0.720000034,-0.280000013,-0.004638591,0.132531164,0.016566396,TRUE
669,1000_radii_1,-1,L,0,1,39.93836517,0,0.190208733,82.41746521,359.9825013,-0.008,-0.720000034,-0.280000013,-0.004692092,0.134059757,0.01675747,TRUE
670,1000_radii_1,-1,L,0,1,39.95497866,0,0.190168142,82.55038452,359.9784306,-0.007,-0.630000019,-0.245000008,-0.004070748,0.132922368,0.016615296,TRUE
671,1000_radii_1,-1,L,0,1,39.97157796,0,0.190118149,82.6831665,359.9743641,-0.007,-0.630000019,-0.245000008,-0.004066458,0.132782307,0.016597788,TRUE
672,1000_radii_1,-1,L,0,1,39.98828411,0,0.19005838,82.8167572,359.970273,-0.007,-0.630000019,-0.245000008,-0.004091159,0.133588863,0.016698608,TRUE
673,1000_radii_1,-1,L,0,1,40.00498815,0,0.18998903,82.95043182,359.9661791,-0.007,-0.630000019,-0.245000008,-0.004093895,0.133678213,0.016709777,TRUE
674,1000_radii_1,-1,L,0,1,40.0215959,0,0.189910606,83.08329773,359.96211,-0.007,-0.630000019,-0.245000008,-0.004069047,0.132866827,0.016608353,TRUE
675,1000_radii_1,-1,L,0,1,40.03827006,0,0.189822391,83.21669006,359.9580248,-0.007,-0.630000019,-0.245000008,-0.004085243,0.133395676,0.01667446,TRUE
676,1000_radii_1,-1,L,0,1,40.05501364,0,0.189724252,83.35064697,359.9539224,-0.007,-0.630000019,-0.245000008,-0.0041024,0.133955919,0.01674449,TRUE
677,1000_radii_1,-1,L,0,1,40.07164796,0,0.189617231,83.48371887,359.949847,-0.007,-0.630000019,-0.245000008,-0.004075407,0.133074503,0.016634313,TRUE
678,1000_radii_1,-1,L,0,1,40.08828861,0,0.189500704,83.61683655,359.9457702,-0.007,-0.630000019,-0.245000008,-0.004076812,0.133120385,0.016640048,TRUE
679,1000_radii_1,-1,L,0,1,40.10492624,0,0.189374715,83.74994659,359.9416937,-0.007,-0.630000019,-0.245000008,-0.004076442,0.133108311,0.016638539,TRUE
680,1000_radii_1,-1,L,0,1,40.12162092,0,0.189238802,83.88350677,359.9376035,-0.007,-0.630000019,-0.245000008,-0.004090198,0.133557471,0.016694684,TRUE
681,1000_radii_1,-1,L,0,1,40.13829538,0,0.189093515,84.01691437,359.9341016,-0.006,-0.540000005,-0.210000002,-0.003501953,0.133407751,0.016675969,TRUE
682,1000_radii_1,-1,L,0,1,40.15490283,0,0.188940734,84.14975739,359.9306144,-0.006,-0.540000005,-0.210000002,-0.00348712,0.132842678,0.016605335,TRUE
683,1000_radii_1,-1,L,0,1,40.17168173,0,0.188778147,84.28401184,359.9276776,-0.005,-0.44999999,-0.174999996,-0.002936836,0.134255359,0.01678192,TRUE
684,1000_radii_1,-1,L,0,1,40.18830669,0,0.1886103,84.41699219,359.9247687,-0.005,-0.44999999,-0.174999996,-0.002908892,0.132977909,0.016622239,TRUE
685,1000_radii_1,-1,L,0,1,40.20500439,0,0.188434869,84.55059814,359.9224307,-0.004,-0.360000017,-0.140000007,-0.002338059,0.133603353,0.016700419,TRUE
686,1000_radii_1,-1,L,0,1,40.22161999,0,0.188254923,84.68350983,359.9212677,-0.002,-0.180000009,-0.070000003,-0.001163007,0.132915124,0.01661439,TRUE
687,1000_radii_1,-1,L,0,1,40.23829837,0,0.188071564,84.81694031,359.9206839,-0.001,-0.090000004,-0.035000002,-0.000583765,0.133431899,0.016678987,TRUE
688,1000_radii_1,-1,L,0,1,40.25501569,0,0.187886447,84.95066071,359.9212689,0.001,0.090000004,0.035000002,0.000585043,0.133724094,0.016715512,TRUE
689,1000_radii_1,-1,L,0,1,40.27156277,0,0.187704548,85.08303833,359.9218481,0.001,0.090000004,0.035000002,0.000579137,0.1323742,0.016546775,TRUE
690,1000_radii_1,-1,L,0,1,40.28831632,0,0.187521711,85.21707916,359.9230209,0.002,0.180000009,0.070000003,0.001172875,0.134042853,0.016755357,TRUE
691,1000_radii_1,-1,L,0,1,40.30498534,0,0.187342569,85.35041809,359.9241876,0.002,0.180000009,0.070000003,0.001166684,0.133335305,0.016666913,TRUE
692,1000_radii_1,-1,L,0,1,40.32156955,0,0.187167004,85.48310089,359.9253486,0.002,0.180000009,0.070000003,0.001160958,0.132680884,0.016585111,TRUE
693,1000_radii_1,-1,L,0,1,40.33833668,0,0.186992243,85.61723328,359.9265222,0.002,0.180000009,0.070000003,0.001173657,0.134132202,0.016766525,TRUE
694,1000_radii_1,-1,L,0,1,40.35499091,0,0.186821386,85.75046539,359.927688,0.002,0.180000009,0.070000003,0.001165797,0.133233882,0.016654235,TRUE
695,1000_radii_1,-1,L,0,1,40.37156576,0,0.186654031,85.8830719,359.9288483,0.002,0.180000009,0.070000003,0.001160282,0.132603609,0.016575451,TRUE
696,1000_radii_1,-1,L,0,1,40.38832927,0,0.186487496,86.01717377,359.9300217,0.002,0.180000009,0.070000003,0.001173424,0.134105639,0.016763205,TRUE
697,1000_radii_1,-1,L,0,1,40.40494124,0,0.186325192,86.15005493,359.9311845,0.002,0.180000009,0.070000003,0.001162733,0.132883731,0.016610466,TRUE
698,1000_radii_1,-1,L,0,1,40.42154446,0,0.186165661,86.28288269,359.9323467,0.002,0.180000009,0.070000003,0.001162268,0.132830604,0.016603826,TRUE
699,1000_radii_1,-1,L,0,1,40.43832246,0,0.186007157,86.41712189,359.9335213,0.002,0.180000009,0.070000003,0.001174565,0.13423604,0.016779505,TRUE
700,1000_radii_1,-1,L,0,1,40.45497217,0,0.185852617,86.55031586,359.9346867,0.002,0.180000009,0.070000003,0.001165437,0.13319283,0.016649104,TRUE
701,1000_radii_1,-1,L,0,1,40.47156996,0,0.185701266,86.68308258,359.9358485,0.002,0.180000009,0.070000003,0.00116174,0.132770233,0.016596279,TRUE
702,1000_radii_1,-1,L,0,1,40.48825981,0,0.185551763,86.81661224,359.9370169,0.002,0.180000009,0.070000003,0.001168395,0.133530907,0.016691363,TRUE
703,1000_radii_1,-1,L,0,1,40.50489533,0,0.185405463,86.9496994,359.9381814,0.002,0.180000009,0.070000003,0.001164508,0.133086577,0.016635822,TRUE
704,1000_radii_1,-1,L,0,1,40.52155651,0,0.185261652,87.08299255,359.9393477,0.002,0.180000009,0.070000003,0.001166283,0.133289424,0.016661178,TRUE
705,1000_radii_1,-1,L,0,1,40.53834356,0,0.18511951,87.2172699,359.9405226,0.002,0.180000009,0.070000003,0.001174903,0.134274678,0.016784335,TRUE
706,1000_radii_1,-1,L,0,1,40.55488218,0,0.184982151,87.34959412,359.9416804,0.002,0.180000009,0.070000003,0.001157852,0.132325903,0.016540738,TRUE
707,1000_radii_1,-1,L,0,1,40.57157355,0,0.184846237,87.48312378,359.9428488,0.002,0.180000009,0.070000003,0.001168374,0.133528493,0.016691062,TRUE
708,1000_radii_1,-1,L,0,1,40.58827427,0,0.184712961,87.61673737,359.9440179,0.002,0.180000009,0.070000003,0.001169093,0.133610597,0.016701325,TRUE
709,1000_radii_1,-1,L,0,1,40.60489047,0,0.184583083,87.74966431,359.945181,0.002,0.180000009,0.070000003,0.001163092,0.132924783,0.016615598,TRUE
710,1000_radii_1,-1,L,0,1,40.62155799,0,0.184455499,87.88301086,359.9463478,0.002,0.180000009,0.070000003,0.001166768,0.133344965,0.016668121,TRUE
711,1000_radii_1,-1,L,0,1,40.63822792,0,0.184330627,88.01637268,359.9475146,0.002,0.180000009,0.070000003,0.001166895,0.133359454,0.016669932,TRUE
712,1000_radii_1,-1,L,0,1,40.65488366,0,0.184208572,88.14962006,359.9486805,0.002,0.180000009,0.070000003,0.001165902,0.133245956,0.016655745,TRUE
713,1000_radii_1,-1,L,0,1,40.6715705,0,0.184089005,88.2831192,359.9498486,0.002,0.180000009,0.070000003,0.0011681,0.1334971,0.016687137,TRUE
714,1000_radii_1,-1,L,0,1,40.68828269,0,0.183971971,88.41683197,359.9504336,0.001,0.090000004,0.035000002,0.00058499,0.13371202,0.016714003,TRUE
715,1000_radii_1,-1,L,0,1,40.70490251,0,0.183856964,88.54977417,359.9510152,0.001,0.090000004,0.035000002,0.000581609,0.132939272,0.016617409,TRUE
716,1000_radii_1,-1,L,0,1,40.72157939,0,0.183742896,88.68318939,359.9515989,0.001,0.090000004,0.035000002,0.000583691,0.133414995,0.016676874,TRUE
717,1000_radii_1,-1,L,0,2,40.73833686,0,0.183629647,88.81725311,359.9521855,0.001,0.090000004,0.035000002,0.000586543,0.134067002,0.016758375,FALSE
718,1000_radii_1,-1,L,0,2,40.75495729,0,0.183518678,88.95022583,359.9516037,-0.001,-0.090000004,-0.035000002,-0.000581768,0.132975495,0.016621937,FALSE
719,1000_radii_1,-1,L,0,2,40.77157983,0,0.183406383,89.08317566,359.9510221,-0.001,-0.090000004,-0.035000002,-0.000581641,0.132946516,0.016618315,FALSE
720,1000_radii_1,-1,L,0,2,40.78834213,0,0.183291718,89.21730804,359.9498484,-0.002,-0.180000009,-0.070000003,-0.001173636,0.134129787,0.016766223,FALSE
721,1000_radii_1,-1,L,0,2,40.80575341,0,0.183169842,89.35654449,359.9486301,-0.002,-0.180000009,-0.070000003,-0.001218325,0.139237171,0.017404646,FALSE
722,1000_radii_1,-1,L,0,2,40.82159204,0,0.183056191,89.48329926,359.9469664,-0.003,-0.270000002,-0.105000001,-0.001663689,0.126757285,0.015844661,FALSE
723,1000_radii_1,-1,L,0,2,40.83827042,0,0.18293269,89.61672974,359.9446314,-0.004,-0.360000017,-0.140000007,-0.002335016,0.133429484,0.016678686,FALSE
724,1000_radii_1,-1,L,0,2,40.85491198,0,0.182804137,89.74975586,359.9423034,-0.004,-0.360000017,-0.140000007,-0.002328001,0.133028621,0.016628578,FALSE
725,1000_radii_1,-1,L,0,2,40.87159489,0,0.182669669,89.88329315,359.9399664,-0.004,-0.360000017,-0.140000007,-0.00233696,0.133540567,0.016692571,FALSE
726,1000_radii_1,-1,L,0,2,40.88824762,0,0.18253015,90.01644135,359.9376363,-0.004,-0.360000017,-0.140000007,-0.002330156,0.133151778,0.016643972,FALSE
727,1000_radii_1,-1,L,0,2,40.90488495,0,0.182385266,90.14954376,359.9353069,-0.004,-0.360000017,-0.140000007,-0.002329353,0.133105896,0.016638237,FALSE
728,1000_radii_1,-1,L,0,2,40.92162038,0,0.182234079,90.28343964,359.9329638,-0.004,-0.360000017,-0.140000007,-0.002343172,0.133895548,0.016736943,FALSE
729,1000_radii_1,-1,L,0,2,40.93833318,0,0.182077751,90.41706085,359.9306255,-0.004,-0.360000017,-0.140000007,-0.002338312,0.133617842,0.01670223,FALSE
730,1000_radii_1,-1,L,0,2,40.9549044,0,0.181917191,90.54966736,359.9283048,-0.004,-0.360000017,-0.140000007,-0.002320648,0.132608439,0.016576055,FALSE
731,1000_radii_1,-1,L,0,2,40.97156135,0,0.181750402,90.68295288,359.9259722,-0.004,-0.360000017,-0.140000007,-0.002332565,0.133289424,0.016661178,FALSE
732,1000_radii_1,-1,L,0,2,40.98828592,0,0.181577533,90.81674957,359.9236308,-0.004,-0.360000017,-0.140000007,-0.002341482,0.133798954,0.016724869,FALSE
733,1000_radii_1,-1,L,0,2,41.0048164,0,0.181401208,90.94904327,359.9213156,-0.004,-0.360000017,-0.140000007,-0.002315112,0.132292095,0.016536512,FALSE
734,1000_radii_1,-1,L,0,2,41.0214655,0,0.181218281,91.08224487,359.9189846,-0.004,-0.360000017,-0.140000007,-0.002331086,0.133204904,0.016650613,FALSE
735,1000_radii_1,-1,L,0,2,41.03818614,0,0.181029335,91.21586609,359.9166461,-0.004,-0.360000017,-0.140000007,-0.002338439,0.133625086,0.016703136,FALSE
736,1000_radii_1,-1,L,0,2,41.05489532,0,0.180834621,91.34970856,359.9143039,-0.004,-0.360000017,-0.140000007,-0.0023422,0.133840007,0.016730001,FALSE
737,1000_radii_1,-1,L,0,2,41.07153627,0,0.180635542,91.48281097,359.9119746,-0.004,-0.360000017,-0.140000007,-0.002329311,0.133103481,0.016637935,FALSE
738,1000_radii_1,-1,L,0,2,41.08824303,0,0.180430323,91.61639404,359.9096369,-0.004,-0.360000017,-0.140000007,-0.002337678,0.133581619,0.016697702,FALSE
739,1000_radii_1,-1,L,0,2,41.10487583,0,0.180220336,91.74953461,359.9073069,-0.004,-0.360000017,-0.140000007,-0.002330029,0.133144533,0.016643067,FALSE
740,1000_radii_1,-1,L,0,2,41.12151678,0,0.180004969,91.88265991,359.9049773,-0.004,-0.360000017,-0.140000007,-0.002329649,0.1331228,0.01664035,FALSE
741,1000_radii_1,-1,L,0,2,41.13826158,0,0.179782808,92.01661682,359.902633,-0.004,-0.360000017,-0.140000007,-0.002344229,0.133955919,0.01674449,FALSE
742,1000_radii_1,-1,L,0,2,41.15492124,0,0.17955631,92.14990234,359.9003006,-0.004,-0.360000017,-0.140000007,-0.002332438,0.133282179,0.016660272,FALSE
743,1000_radii_1,-1,L,0,2,41.17159118,0,0.179324254,92.28326416,359.8979668,-0.004,-0.360000017,-0.140000007,-0.002333791,0.133359454,0.016669932,FALSE
744,1000_radii_1,-1,L,0,2,41.1882605,0,0.179086775,92.41661835,359.8956331,-0.004,-0.360000017,-0.140000007,-0.002333664,0.133352209,0.016669026,FALSE
745,1000_radii_1,-1,L,0,2,41.20486493,0,0.178844795,92.54946136,359.8933084,-0.004,-0.360000017,-0.140000007,-0.002324705,0.132840264,0.016605033,FALSE
746,1000_radii_1,-1,L,0,2,41.22153336,0,0.178596497,92.68280792,359.8909749,-0.004,-0.360000017,-0.140000007,-0.002333537,0.133344965,0.016668121,FALSE
747,1000_radii_1,-1,L,0,2,41.23821597,0,0.178342998,92.81603241,359.8886435,-0.004,-0.360000017,-0.140000007,-0.002331382,0.133221808,0.016652726,FALSE
748,1000_radii_1,-1,L,0,2,41.25492152,0,0.178082794,92.94991302,359.8863006,-0.004,-0.360000017,-0.140000007,-0.002342876,0.133878644,0.016734831,FALSE
749,1000_radii_1,-1,L,0,2,41.27151478,0,0.177819356,93.08266449,359.8839775,-0.004,-0.360000017,-0.140000007,-0.002323141,0.132750915,0.016593864,FALSE
750,1000_radii_1,-1,L,0,2,41.28822938,0,0.177548736,93.21630096,359.8816388,-0.004,-0.360000017,-0.140000007,-0.002338693,0.133639575,0.016704947,FALSE
751,1000_radii_1,-1,L,0,2,41.30490988,0,0.177272916,93.349823,359.8793022,-0.004,-0.360000017,-0.140000007,-0.00233658,0.133518833,0.016689854,FALSE
752,1000_radii_1,-1,L,0,2,41.32151159,0,0.176993147,93.4826355,359.876978,-0.004,-0.360000017,-0.140000007,-0.002324198,0.132811286,0.016601411,FALSE
753,1000_radii_1,-1,L,0,2,41.33822922,0,0.176706135,93.61630249,359.8746388,-0.004,-0.360000017,-0.140000007,-0.0023392,0.133668553,0.016708569,FALSE
754,1000_radii_1,-1,L,0,2,41.354891,0,0.176414371,93.74964905,359.8723052,-0.004,-0.360000017,-0.140000007,-0.002333622,0.133349794,0.016668724,FALSE
755,1000_radii_1,-1,L,0,2,41.37155006,0,0.176117301,93.8829422,359.8699726,-0.004,-0.360000017,-0.140000007,-0.002332607,0.133291838,0.01666148,FALSE
756,1000_radii_1,-1,L,0,2,41.38820913,0,0.175815225,94.01605225,359.8676431,-0.004,-0.360000017,-0.140000007,-0.002329438,0.133110725,0.016638841,FALSE
757,1000_radii_1,-1,L,0,2,41.40490351,0,0.175506324,94.14976501,359.8653031,-0.004,-0.360000017,-0.140000007,-0.002340045,0.13371685,0.016714606,FALSE
758,1000_radii_1,-1,L,0,2,41.42152303,0,0.175193742,94.2827301,359.8629763,-0.004,-0.360000017,-0.140000007,-0.00232686,0.13296342,0.016620428,FALSE
759,1000_radii_1,-1,L,0,2,41.43815463,0,0.174875543,94.41577911,359.8606478,-0.004,-0.360000017,-0.140000007,-0.002328424,0.133052769,0.016631596,FALSE
760,1000_radii_1,-1,L,0,2,41.45485112,0,0.174550697,94.54933929,359.8583105,-0.004,-0.360000017,-0.140000007,-0.00233734,0.1335623,0.016695288,FALSE
761,1000_radii_1,-1,L,0,2,41.47151019,0,0.174221113,94.68261719,359.8559781,-0.004,-0.360000017,-0.140000007,-0.002332354,0.133277349,0.016659669,FALSE
762,1000_radii_1,-1,L,0,2,41.48821061,0,0.173885703,94.8160553,359.853643,-0.004,-0.360000017,-0.140000007,-0.002335143,0.133436729,0.016679591,FALSE
763,1000_radii_1,-1,L,0,2,41.50491435,0,0.173543945,94.94984436,359.8513017,-0.004,-0.360000017,-0.140000007,-0.002341313,0.133789295,0.016723662,FALSE
764,1000_radii_1,-1,L,0,2,41.52151908,0,0.173199177,95.08268738,359.8489769,-0.004,-0.360000017,-0.140000007,-0.002324747,0.132842678,0.016605335,FALSE
765,1000_radii_1,-1,L,0,2,41.53825512,0,0.172846258,95.21657562,359.8466338,-0.004,-0.360000017,-0.140000007,-0.002343088,0.133890718,0.01673634,FALSE
766,1000_radii_1,-1,L,0,2,41.55485955,0,0.172490761,95.34938812,359.8443096,-0.004,-0.360000017,-0.140000007,-0.002324198,0.132811286,0.016601411,FALSE
767,1000_radii_1,-1,L,0,2,41.57158381,0,0.172127157,95.48319244,359.841968,-0.004,-0.360000017,-0.140000007,-0.002341651,0.133808614,0.016726077,FALSE
768,1000_radii_1,-1,L,0,2,41.58816379,0,0.171761289,95.6158371,359.8396467,-0.004,-0.360000017,-0.140000007,-0.002321324,0.132647076,0.016580885,FALSE
769,1000_radii_1,-1,L,0,2,41.60481501,0,0.171388462,95.74905396,359.8373154,-0.004,-0.360000017,-0.140000007,-0.002331297,0.133216978,0.016652122,FALSE
770,1000_radii_1,-1,L,0,2,41.62148796,0,0.171009734,95.88243866,359.8349811,-0.004,-0.360000017,-0.140000007,-0.002334213,0.133383602,0.01667295,FALSE
771,1000_radii_1,-1,L,0,2,41.63816544,0,0.170625493,96.01585388,359.8326464,-0.004,-0.360000017,-0.140000007,-0.00233472,0.13341258,0.016676573,FALSE
772,1000_radii_1,-1,L,0,2,41.65488366,0,0.170234829,96.1496048,359.8303058,-0.004,-0.360000017,-0.140000007,-0.002340637,0.133750658,0.016718832,FALSE
773,1000_radii_1,-1,L,0,2,41.67151798,0,0.169840693,96.28268433,359.827977,-0.004,-0.360000017,-0.140000007,-0.002328846,0.133076918,0.016634615,FALSE
774,1000_radii_1,-1,L,0,2,41.68819908,0,0.16944012,96.41610718,359.8256421,-0.004,-0.360000017,-0.140000007,-0.002334847,0.133419825,0.016677478,FALSE
775,1000_radii_1,-1,L,0,2,41.70485422,0,0.169034645,96.54934692,359.8233103,-0.004,-0.360000017,-0.140000007,-0.002331762,0.133243542,0.016655443,FALSE
776,1000_radii_1,-1,L,0,2,41.7214997,0,0.168623954,96.68252563,359.8209798,-0.004,-0.360000017,-0.140000007,-0.002330579,0.133175926,0.016646991,FALSE
777,1000_radii_1,-1,L,0,2,41.73825807,0,0.168205053,96.81659698,359.8186336,-0.004,-0.360000017,-0.140000007,-0.002346215,0.134069416,0.016758677,FALSE
778,1000_radii_1,-1,L,0,2,41.75489752,0,0.167783648,96.94972229,359.8163039,-0.004,-0.360000017,-0.140000007,-0.002329691,0.133125215,0.016640652,TRUE
779,1000_radii_1,-1,L,0,2,41.77151463,0,0.167357489,97.0826416,359.8139778,-0.004,-0.360000017,-0.140000007,-0.002326099,0.132919953,0.016614994,TRUE
780,1000_radii_1,-1,L,0,2,41.78897632,0,0.166903958,97.22232819,359.8115332,-0.004,-0.360000017,-0.140000007,-0.002444553,0.139688745,0.017461093,TRUE
781,1000_radii_1,-1,L,0,2,41.80491697,0,0.166484475,97.34985352,359.8093015,-0.004,-0.360000017,-0.140000007,-0.002231733,0.127527619,0.015940952,TRUE
782,1000_radii_1,-1,L,0,2,41.82150329,0,0.16604282,97.48255157,359.8069793,-0.004,-0.360000017,-0.140000007,-0.002322211,0.132697788,0.016587224,TRUE
783,1000_radii_1,-1,L,0,2,41.83819013,0,0.165593117,97.61604309,359.8046432,-0.004,-0.360000017,-0.140000007,-0.002336073,0.133489855,0.016686232,TRUE
784,1000_radii_1,-1,L,0,2,41.85484134,0,0.165138885,97.74925995,359.8023118,-0.004,-0.360000017,-0.140000007,-0.002331339,0.133219393,0.016652424,TRUE
785,1000_radii_1,-1,L,0,2,41.87155686,0,0.164677486,97.88298798,359.7999716,-0.004,-0.360000017,-0.140000007,-0.002340256,0.133728924,0.016716116,TRUE
786,1000_radii_1,-1,L,0,2,41.8882286,0,0.164212435,98.0161972,359.7976404,-0.004,-0.360000017,-0.140000007,-0.00233117,0.133209734,0.016651217,TRUE
787,1000_radii_1,-1,L,0,2,41.90487348,0,0.163741559,98.14952087,359.7953072,-0.004,-0.360000017,-0.140000007,-0.002333199,0.133325646,0.016665706,TRUE
788,1000_radii_1,-1,L,0,2,41.92152198,0,0.163265735,98.28270721,359.7929764,-0.004,-0.360000017,-0.140000007,-0.002330832,0.133190415,0.016648802,TRUE
789,1000_radii_1,-1,L,0,2,41.93813788,0,0.162785426,98.41563416,359.7906501,-0.004,-0.360000017,-0.140000007,-0.002326268,0.132929613,0.016616202,TRUE
790,1000_radii_1,-1,L,0,2,41.95482169,0,0.162297755,98.54910278,359.7883144,-0.004,-0.360000017,-0.140000007,-0.002335692,0.133468122,0.016683515,TRUE
791,1000_radii_1,-1,L,0,2,41.97149796,0,0.161804855,98.68251038,359.7859797,-0.004,-0.360000017,-0.140000007,-0.002334678,0.133410165,0.016676271,TRUE
792,1000_radii_1,-1,L,0,2,41.98813288,0,0.161307767,98.8155899,359.7836509,-0.004,-0.360000017,-0.140000007,-0.002328846,0.133076918,0.016634615,TRUE
793,1000_radii_1,-1,L,0,2,42.00482183,0,0.160803616,98.94910431,359.7813144,-0.004,-0.360000017,-0.140000007,-0.002336495,0.133514003,0.01668925,TRUE
794,1000_radii_1,-1,L,0,2,42.02150897,0,0.160294101,99.08259583,359.7789783,-0.004,-0.360000017,-0.140000007,-0.002336157,0.133494685,0.016686836,TRUE
795,1000_radii_1,-1,L,0,2,42.03812728,0,0.159781247,99.21554565,359.7766517,-0.004,-0.360000017,-0.140000007,-0.002326606,0.132948931,0.016618616,TRUE
796,1000_radii_1,-1,L,0,2,42.0549258,0,0.159257427,99.34992218,359.7743,-0.004,-0.360000017,-0.140000007,-0.002351582,0.134376101,0.016797013,TRUE
797,1000_radii_1,-1,L,0,2,42.07150306,0,0.158735007,99.48254395,359.7719792,-0.004,-0.360000017,-0.140000007,-0.002320859,0.132620513,0.016577564,TRUE
798,1000_radii_1,-1,L,0,2,42.08824031,0,0.158202693,99.61629486,359.7696385,-0.004,-0.360000017,-0.140000007,-0.002340721,0.133755487,0.016719436,TRUE
799,1000_radii_1,-1,L,0,2,42.10483025,0,0.157668471,99.7491684,359.7673132,-0.004,-0.360000017,-0.140000007,-0.002325254,0.132871656,0.016608957,TRUE
800,1000_radii_1,-1,L,0,2,42.12154184,0,0.157125548,99.88285828,359.7649737,-0.004,-0.360000017,-0.140000007,-0.002339538,0.133687872,0.016710984,TRUE
801,1000_radii_1,-1,L,0,2,42.13823622,0,0.156578347,100.0162582,359.7626392,-0.004,-0.360000017,-0.140000007,-0.002334467,0.133398091,0.016674761,TRUE
802,1000_radii_1,-1,L,0,2,42.15482676,0,0.156027839,100.149147,359.7603137,-0.004,-0.360000017,-0.140000007,-0.002325508,0.132886145,0.016610768,TRUE
803,1000_radii_1,-1,L,0,2,42.17149458,0,0.155470014,100.2824936,359.7579802,-0.004,-0.360000017,-0.140000007,-0.002333579,0.13334738,0.016668422,TRUE
804,1000_radii_1,-1,L,0,2,42.1882928,0,0.154902369,100.4168777,359.7556284,-0.004,-0.360000017,-0.140000007,-0.002351709,0.134383345,0.016797918,TRUE
805,1000_radii_1,-1,L,0,2,42.20483414,0,0.154338002,100.549202,359.7533128,-0.004,-0.360000017,-0.140000007,-0.002315661,0.132323488,0.016540436,TRUE
806,1000_radii_1,-1,L,0,2,42.22149834,0,0.153763995,100.682518,359.7509797,-0.004,-0.360000017,-0.140000007,-0.002333072,0.133318402,0.0166648,TRUE
807,1000_radii_1,-1,L,0,2,42.23819121,0,0.153183594,100.8160629,359.7486427,-0.004,-0.360000017,-0.140000007,-0.002337002,0.133542982,0.016692873,TRUE
808,1000_radii_1,-1,L,0,2,42.25481375,0,0.152600214,100.9490433,359.7463155,-0.004,-0.360000017,-0.140000007,-0.002327156,0.132980324,0.016622541,TRUE
809,1000_radii_1,-1,L,0,2,42.27148761,0,0.152009666,101.0824203,359.7439814,-0.004,-0.360000017,-0.140000007,-0.002334129,0.133378773,0.016672347,TRUE
810,1000_radii_1,-1,L,0,2,42.28813037,0,0.151414692,101.2155762,359.7416512,-0.004,-0.360000017,-0.140000007,-0.002330198,0.133154193,0.016644274,TRUE
811,1000_radii_1,-1,L,0,2,42.30487517,0,0.150810629,101.3495407,359.7398929,-0.003,-0.270000002,-0.105000001,-0.00175833,0.133967993,0.016745999,TRUE
812,1000_radii_1,-1,L,0,2,42.32150495,0,0.150206715,101.4825668,359.7381469,-0.003,-0.270000002,-0.105000001,-0.001746001,0.133028621,0.016628578,TRUE
813,1000_radii_1,-1,L,0,2,42.33814077,0,0.149598479,101.615654,359.7364001,-0.003,-0.270000002,-0.105000001,-0.001746761,0.133086577,0.016635822,TRUE
814,1000_radii_1,-1,L,0,2,42.35491635,0,0.148980975,101.7498779,359.7352257,-0.002,-0.180000009,-0.070000003,-0.001174439,0.134221551,0.016777694,TRUE
815,1000_radii_1,-1,L,0,2,42.37149271,0,0.148368239,101.8824692,359.7340655,-0.002,-0.180000009,-0.070000003,-0.001160197,0.13259395,0.016574244,TRUE
816,1000_radii_1,-1,L,0,2,42.38815419,0,0.147749603,102.0157547,359.7328992,-0.002,-0.180000009,-0.070000003,-0.001166261,0.133287009,0.016660876,TRUE
817,1000_radii_1,-1,L,0,2,42.40487272,0,0.147126094,102.1495056,359.7317289,-0.002,-0.180000009,-0.070000003,-0.001170318,0.133750658,0.016718832,TRUE
818,1000_radii_1,-1,L,0,2,42.42148077,0,0.146503985,102.2823715,359.7305663,-0.002,-0.180000009,-0.070000003,-0.001162585,0.132866827,0.016608353,TRUE
819,1000_radii_1,-1,L,0,2,42.43814406,0,0.145877108,102.4156799,359.7293998,-0.002,-0.180000009,-0.070000003,-0.001166452,0.133308742,0.016663593,TRUE
820,1000_radii_1,-1,L,0,2,42.45482426,0,0.145247266,102.5490341,359.728233,-0.002,-0.180000009,-0.070000003,-0.001166895,0.133359454,0.016669932,TRUE
821,1000_radii_1,-1,L,0,2,42.47148755,0,0.144614592,102.6824188,359.7270659,-0.002,-0.180000009,-0.070000003,-0.001167128,0.133386017,0.016673252,TRUE
822,1000_radii_1,-1,L,0,2,42.48813514,0,0.143980205,102.8155899,359.7259006,-0.002,-0.180000009,-0.070000003,-0.001165268,0.133173511,0.016646689,TRUE
823,1000_radii_1,-1,L,0,2,42.50480779,0,0.143342063,102.9489822,359.7247334,-0.002,-0.180000009,-0.070000003,-0.001167191,0.133393262,0.016674158,TRUE
824,1000_radii_1,-1,L,0,2,42.52147229,0,0.142701581,103.0822983,359.7235669,-0.002,-0.180000009,-0.070000003,-0.001166515,0.133315987,0.016664498,TRUE
825,1000_radii_1,-1,L,0,2,42.53822795,0,0.14205502,103.2163086,359.7223943,-0.002,-0.180000009,-0.070000003,-0.0011726,0.13401146,0.016751433,TRUE
826,1000_radii_1,-1,L,0,2,42.55481608,0,0.14141196,103.3490295,359.721233,-0.002,-0.180000009,-0.070000003,-0.001161317,0.132721936,0.016590242,TRUE
827,1000_radii_1,-1,L,0,2,42.57151046,0,0.140762225,103.4825745,359.7200644,-0.002,-0.180000009,-0.070000003,-0.001168501,0.133542982,0.016692873,TRUE
828,1000_radii_1,-1,L,0,2,42.58815836,0,0.140111461,103.6157684,359.718899,-0.002,-0.180000009,-0.070000003,-0.001165458,0.133195245,0.016649406,TRUE
829,1000_radii_1,-1,L,0,2,42.60480565,0,0.13945803,103.7489548,359.7177336,-0.002,-0.180000009,-0.070000003,-0.001165395,0.133188,0.0166485,TRUE
830,1000_radii_1,-1,L,0,2,42.62152871,0,0.138798937,103.8827438,359.716563,-0.002,-0.180000009,-0.070000003,-0.001170635,0.13378688,0.01672336,TRUE
831,1000_radii_1,-1,L,0,2,42.63813676,0,0.138141707,104.0156021,359.7154005,-0.002,-0.180000009,-0.070000003,-0.0011625,0.132857167,0.016607146,TRUE
832,1000_radii_1,-1,L,0,2,42.65479069,0,0.137479901,104.1488342,359.7142347,-0.002,-0.180000009,-0.070000003,-0.001165818,0.133236297,0.016654537,TRUE
833,1000_radii_1,-1,L,0,2,42.67153156,0,0.136811927,104.2827606,359.7130628,-0.002,-0.180000009,-0.070000003,-0.001171882,0.133929356,0.016741169,TRUE
834,1000_radii_1,-1,L,0,2,42.6881858,0,0.136144713,104.4159851,359.711897,-0.002,-0.180000009,-0.070000003,-0.001165754,0.133229053,0.016653632,TRUE
835,1000_radii_1,-1,L,0,2,42.70486327,0,0.135473832,104.5494003,359.7107296,-0.002,-0.180000009,-0.070000003,-0.001167424,0.133419825,0.016677478,TRUE
836,1000_radii_1,-1,L,0,2,42.72148581,0,0.134802431,104.6823807,359.709566,-0.002,-0.180000009,-0.070000003,-0.00116362,0.132985154,0.016623144,TRUE
837,1000_radii_1,-1,L,0,2,42.73813945,0,0.134127066,104.8156128,359.7084002,-0.002,-0.180000009,-0.070000003,-0.001165797,0.133233882,0.016654235,TRUE
838,1000_radii_1,-1,L,0,2,42.75488303,0,0.133445472,104.9495392,359.7072283,-0.002,-0.180000009,-0.070000003,-0.00117184,0.133924526,0.016740566,TRUE
839,1000_radii_1,-1,L,0,2,42.77146874,0,0.132767424,105.0822296,359.7060672,-0.002,-0.180000009,-0.070000003,-0.001161085,0.132695373,0.016586922,TRUE
840,1000_radii_1,-1,L,0,2,42.78817158,0,0.132081956,105.2158432,359.7048981,-0.002,-0.180000009,-0.070000003,-0.001169156,0.133617842,0.01670223,TRUE
841,1000_radii_1,-1,L,0,2,42.80481585,0,0.131396145,105.348999,359.703733,-0.002,-0.180000009,-0.070000003,-0.001165099,0.133154193,0.016644274,TRUE
842,1000_radii_1,-1,L,0,2,42.82145349,0,0.130707934,105.4820938,359.7025684,-0.002,-0.180000009,-0.070000003,-0.001164592,0.133096236,0.01663703,TRUE
843,1000_radii_1,-1,L,0,2,42.83818681,0,0.130012944,105.6159744,359.7013969,-0.002,-0.180000009,-0.070000003,-0.001171459,0.133881059,0.016735132,TRUE
844,1000_radii_1,-1,L,0,2,42.85484949,0,0.129318208,105.7492752,359.7002305,-0.002,-0.180000009,-0.070000003,-0.00116643,0.133306327,0.016663291,TRUE
845,1000_radii_1,-1,L,0,2,42.87153723,0,0.128619701,105.882782,359.6990623,-0.002,-0.180000009,-0.070000003,-0.001168184,0.133506759,0.016688345,TRUE
846,1000_radii_1,-1,L,0,2,42.88812778,0,0.127922624,106.0154953,359.697901,-0.002,-0.180000009,-0.070000003,-0.001161275,0.132717107,0.016589638,TRUE
847,1000_radii_1,-1,L,0,2,42.9048617,0,0.127216741,106.1493683,359.6967296,-0.002,-0.180000009,-0.070000003,-0.001171417,0.133876229,0.016734529,TRUE
848,1000_radii_1,-1,L,0,2,42.92147972,0,0.126513049,106.2823105,359.6955664,-0.002,-0.180000009,-0.070000003,-0.001163282,0.132946516,0.016618315,TRUE
849,1000_radii_1,-1,L,0,2,42.93811765,0,0.12580587,106.4154053,359.6944018,-0.002,-0.180000009,-0.070000003,-0.001164592,0.133096236,0.01663703,TRUE
850,1000_radii_1,-1,L,0,2,42.95486305,0,0.125091374,106.5493622,359.6932296,-0.002,-0.180000009,-0.070000003,-0.001172135,0.133958334,0.016744792,TRUE
851,1000_radii_1,-1,L,0,2,42.9714548,0,0.124380618,106.682106,359.6920681,-0.002,-0.180000009,-0.070000003,-0.001161549,0.1327485,0.016593562,TRUE
852,1000_radii_1,-1,L,0,2,42.98811628,0,0.12366432,106.8153839,359.6909019,-0.002,-0.180000009,-0.070000003,-0.001166198,0.133279764,0.016659971,TRUE
853,1000_radii_1,-1,L,0,2,43.00480794,0,0.122943982,106.9489059,359.6897335,-0.002,-0.180000009,-0.070000003,-0.001168353,0.133526078,0.01669076,TRUE
854,1000_radii_1,-1,L,0,2,43.0214649,0,0.122222386,107.0821609,359.6885675,-0.002,-0.180000009,-0.070000003,-0.001165987,0.133255616,0.016656952,TRUE
855,1000_radii_1,-1,L,0,2,43.03809559,0,0.121499136,107.2152176,359.6874033,-0.002,-0.180000009,-0.070000003,-0.001164275,0.133060014,0.016632502,TRUE
856,1000_radii_1,-1,L,0,2,43.05480838,0,0.120769717,107.3489075,359.6862334,-0.002,-0.180000009,-0.070000003,-0.001169832,0.133695116,0.01671189,TRUE
857,1000_radii_1,-1,L,0,2,43.07145356,0,0.120040454,107.4820709,359.6850682,-0.002,-0.180000009,-0.070000003,-0.001165226,0.133168682,0.016646085,TRUE
858,1000_radii_1,-1,L,0,2,43.08811595,0,0.119307764,107.6153717,359.6839018,-0.002,-0.180000009,-0.070000003,-0.001166367,0.133299083,0.016662385,TRUE
859,1000_radii_1,-1,L,0,2,43.10480912,0,0.118571028,107.748909,359.6827333,-0.002,-0.180000009,-0.070000003,-0.00116848,0.133540567,0.016692571,TRUE
860,1000_radii_1,-1,L,0,2,43.12156418,0,0.11782895,107.8829193,359.6815607,-0.002,-0.180000009,-0.070000003,-0.001172621,0.134013875,0.016751734,TRUE
861,1000_radii_1,-1,L,0,2,43.13814566,0,0.117091581,108.0155945,359.6803998,-0.002,-0.180000009,-0.070000003,-0.001160894,0.13267364,0.016584205,TRUE
862,1000_radii_1,-1,L,0,2,43.15485212,0,0.116346173,108.1492233,359.6792306,-0.002,-0.180000009,-0.070000003,-0.001169283,0.133632331,0.016704041,TRUE
863,1000_radii_1,-1,L,0,2,43.17153865,0,0.11559882,108.2827148,359.6780625,-0.002,-0.180000009,-0.070000003,-0.001168057,0.13349227,0.016686534,TRUE
864,1000_radii_1,-1,L,0,2,43.18814127,0,0.114852399,108.4155579,359.6769001,-0.002,-0.180000009,-0.070000003,-0.001162373,0.132842678,0.016605335,TRUE
865,1000_radii_1,-1,L,0,2,43.20482177,0,0.11409989,108.548996,359.6757325,-0.002,-0.180000009,-0.070000003,-0.001167635,0.133443973,0.016680497,TRUE
866,1000_radii_1,-1,L,0,2,43.221524,0,0.113343559,108.6826324,359.6751478,-0.001,-0.090000004,-0.035000002,-0.000584673,0.133639575,0.016704947,TRUE
867,1000_radii_1,-1,L,0,2,43.23811273,0,0.112591259,108.8153152,359.6745673,-0.001,-0.090000004,-0.035000002,-0.000580511,0.132688129,0.016586016,TRUE
868,1000_radii_1,-1,L,0,2,43.25482613,0,0.11183174,108.9490356,359.6751523,0.001,0.090000004,0.035000002,0.000585032,0.13372168,0.01671521,TRUE
869,1000_radii_1,-1,L,0,2,43.27145863,0,0.111077473,109.0820694,359.6757344,0.001,0.090000004,0.035000002,0.000582032,0.133035865,0.016629483,TRUE
870,1000_radii_1,-1,L,0,2,43.28813098,0,0.110322453,109.215477,359.6769017,0.002,0.180000009,0.070000003,0.001167318,0.133407751,0.016675969,TRUE
871,1000_radii_1,-1,L,0,2,43.30481359,0,0.109570004,109.3489075,359.6780692,0.002,0.180000009,0.070000003,0.00116755,0.133434314,0.016679289,TRUE
872,1000_radii_1,-1,L,0,2,43.32146963,0,0.108821183,109.4821777,359.6798185,0.003,0.270000002,0.105000001,0.001749202,0.13327252,0.016659065,TRUE
873,1000_radii_1,-1,L,0,2,43.33808433,0,0.10807848,109.6150818,359.6815628,0.003,0.270000002,0.105000001,0.001744384,0.132905464,0.016613183,TRUE
874,1000_radii_1,-1,L,0,2,43.35485025,0,0.107333064,109.7491989,359.6833232,0.003,0.270000002,0.105000001,0.001760358,0.134122543,0.016765318,TRUE
875,1000_radii_1,-1,L,0,2,43.37148939,0,0.106597252,109.8823242,359.685653,0.004,0.360000017,0.140000007,0.002329776,0.133130044,0.016641256,TRUE
876,1000_radii_1,-1,L,0,2,43.3881065,0,0.105867967,110.0152512,359.6879792,0.004,0.360000017,0.140000007,0.002326226,0.132927198,0.0166159,TRUE
877,1000_radii_1,-1,L,0,2,43.40477432,0,0.105141856,110.1485825,359.6903126,0.004,0.360000017,0.140000007,0.002333368,0.133335305,0.016666913,TRUE
878,1000_radii_1,-1,L,0,2,43.42146628,0,0.104420066,110.2821198,359.6926495,0.004,0.360000017,0.140000007,0.00233696,0.133540567,0.016692571,TRUE
879,1000_radii_1,-1,L,0,2,43.43816972,0,0.103703305,110.4157333,359.6949878,0.004,0.360000017,0.140000007,0.002338312,0.133617842,0.01670223,TRUE
880,1000_radii_1,-1,L,0,2,43.45478381,0,0.102995686,110.5486526,359.697314,0.004,0.360000017,0.140000007,0.002326184,0.132924783,0.016615598,TRUE
881,1000_radii_1,-1,L,0,2,43.47147729,0,0.102290198,110.6821976,359.699651,0.004,0.360000017,0.140000007,0.002337002,0.133542982,0.016692873,TRUE
882,1000_radii_1,-1,L,0,2,43.48810888,0,0.101592727,110.8152466,359.7019794,0.004,0.360000017,0.140000007,0.002328424,0.133052769,0.016631596,TRUE
883,1000_radii_1,-1,L,0,2,43.50483073,0,0.10089688,110.949028,359.7043206,0.004,0.360000017,0.140000007,0.002341144,0.133779636,0.016722454,TRUE
884,1000_radii_1,-1,L,0,2,43.52151546,0,0.100208059,111.0825043,359.7066565,0.004,0.360000017,0.140000007,0.002335861,0.133477781,0.016684723,TRUE
885,1000_radii_1,-1,L,0,2,43.53809664,0,0.099528924,111.2151489,359.7089778,0.004,0.360000017,0.140000007,0.002321366,0.132649491,0.016581186,TRUE
886,1000_radii_1,-1,L,0,2,43.55484536,0,0.09884835,111.3491364,359.7113226,0.004,0.360000017,0.140000007,0.00234482,0.133989727,0.016748716,TRUE
887,1000_radii_1,-1,L,0,2,43.57142141,0,0.098180197,111.4817505,359.7136434,0.004,0.360000017,0.140000007,0.002320732,0.132613269,0.016576659,TRUE
888,1000_radii_1,-1,L,0,2,43.58812002,0,0.09751267,111.6153107,359.7159807,0.004,0.360000017,0.140000007,0.00233734,0.1335623,0.016695288,TRUE
889,1000_radii_1,-1,L,0,2,43.60485546,0,0.096848957,111.7491989,359.7183238,0.004,0.360000017,0.140000007,0.00234313,0.133893133,0.016736642,TRUE
890,1000_radii_1,-1,L,0,2,43.62145234,0,0.09619619,111.8819809,359.7206475,0.004,0.360000017,0.140000007,0.002323648,0.132779893,0.016597487,TRUE
891,1000_radii_1,-1,L,0,2,43.63808454,0,0.09554743,112.0150452,359.722976,0.004,0.360000017,0.140000007,0.002328593,0.133062429,0.016632804,TRUE
892,1000_radii_1,-1,L,0,2,43.65475326,0,0.094902679,112.1483994,359.7253097,0.004,0.360000017,0.140000007,0.002333664,0.133352209,0.016669026,TRUE
893,1000_radii_1,-1,L,0,2,43.6714564,0,0.094262026,112.2820282,359.7276483,0.004,0.360000017,0.140000007,0.002338524,0.133629916,0.016703739,TRUE
894,1000_radii_1,-1,L,0,2,43.68805721,0,0.093630776,112.4148254,359.7299722,0.004,0.360000017,0.140000007,0.002323986,0.132799211,0.016599901,TRUE
895,1000_radii_1,-1,L,0,2,43.70476698,0,0.093000919,112.5484695,359.7323111,0.004,0.360000017,0.140000007,0.002338819,0.13364682,0.016705852,TRUE
896,1000_radii_1,-1,L,0,2,43.72145714,0,0.092377037,112.6820068,359.7346479,0.004,0.360000017,0.140000007,0.002336876,0.133535737,0.016691967,TRUE
897,1000_radii_1,-1,L,0,2,43.73809658,0,0.091760546,112.8151245,359.7369775,0.004,0.360000017,0.140000007,0.002329522,0.133115555,0.016639444,TRUE
898,1000_radii_1,-1,L,0,2,43.75480696,0,0.09114673,112.9488373,359.7399024,0.005,0.44999999,0.174999996,0.00292495,0.13371202,0.016714003,TRUE
899,1000_radii_1,-1,L,0,2,43.77149863,0,0.090540595,113.0823593,359.7428232,0.005,0.44999999,0.174999996,0.00292083,0.133523663,0.016690458,TRUE
900,1000_radii_1,-1,L,0,2,43.7881595,0,0.089942373,113.2156372,359.7457387,0.005,0.44999999,0.174999996,0.002915442,0.133277349,0.016659669,TRUE
901,1000_radii_1,-1,L,0,2,43.80477782,0,0.089352399,113.3485794,359.7486469,0.005,0.44999999,0.174999996,0.002908205,0.132946516,0.016618315,TRUE
902,1000_radii_1,-1,L,0,2,43.82144171,0,0.088767551,113.4818954,359.7515632,0.005,0.44999999,0.174999996,0.002916287,0.133315987,0.016664498,TRUE
903,1000_radii_1,-1,L,0,2,43.83814243,0,0.088188224,113.6155014,359.7544859,0.005,0.44999999,0.174999996,0.002922679,0.133608182,0.016701023,TRUE
904,1000_radii_1,-1,L,0,2,43.8548024,0,0.087617107,113.7487793,359.7574014,0.005,0.44999999,0.174999996,0.002915548,0.133282179,0.016660272,TRUE
905,1000_radii_1,-1,L,0,2,43.87144185,0,0.087053478,113.881897,359.7603133,0.005,0.44999999,0.174999996,0.002911903,0.133115555,0.016639444,TRUE
906,1000_radii_1,-1,L,0,2,43.88814378,0,0.08649452,114.0155106,359.7632361,0.005,0.44999999,0.174999996,0.002922837,0.133615427,0.016701928,TRUE
907,1000_radii_1,-1,L,0,2,43.90473915,0,0.085945904,114.1482697,359.7661403,0.005,0.44999999,0.174999996,0.00290419,0.132762989,0.016595374,TRUE
908,1000_radii_1,-1,L,0,2,43.92143746,0,0.085400678,114.2818527,359.7690624,0.005,0.44999999,0.174999996,0.002922098,0.133581619,0.016697702,TRUE
909,1000_radii_1,-1,L,0,2,43.93809018,0,0.084863693,114.4150772,359.7719768,0.005,0.44999999,0.174999996,0.002914333,0.133226638,0.01665333,TRUE
910,1000_radii_1,-1,L,0,2,43.95477551,0,0.084332533,114.5485382,359.7748963,0.005,0.44999999,0.174999996,0.002919562,0.133465707,0.016683213,TRUE
911,1000_radii_1,-1,L,0,2,43.97147321,0,0.083807632,114.6821442,359.7778189,0.005,0.44999999,0.174999996,0.002922573,0.133603353,0.016700419,TRUE
912,1000_radii_1,-1,L,0,2,43.98813348,0,0.08329083,114.8154144,359.7807342,0.005,0.44999999,0.174999996,0.002915336,0.13327252,0.016659065,TRUE
913,1000_radii_1,-1,L,0,2,44.00475874,0,0.082781874,114.94841,359.7836435,0.005,0.44999999,0.174999996,0.002909261,0.132994813,0.016624352,TRUE
914,1000_radii_1,-1,L,0,2,44.02137072,0,0.082279995,115.0813141,359.7865508,0.005,0.44999999,0.174999996,0.00290736,0.132907879,0.016613485,TRUE
915,1000_radii_1,-1,L,0,2,44.03806872,0,0.081782356,115.2148972,359.789473,0.005,0.44999999,0.174999996,0.002922098,0.133581619,0.016697702,TRUE
916,1000_radii_1,-1,L,0,2,44.05481834,0,0.081289999,115.3488922,359.7924041,0.005,0.44999999,0.174999996,0.002931184,0.133996971,0.016749621,TRUE
917,1000_radii_1,-1,L,0,2,44.0714267,0,0.080808602,115.4817581,359.7953105,0.005,0.44999999,0.174999996,0.002906409,0.132864412,0.016608051,TRUE
918,1000_radii_1,-1,L,0,2,44.0881241,0,0.080331393,115.6153336,359.7982326,0.005,0.44999999,0.174999996,0.002922045,0.133579204,0.016697401,TRUE
919,1000_radii_1,-1,L,0,2,44.10478618,0,0.079861924,115.7486496,359.8005656,0.004,0.360000017,0.140000007,0.00233303,0.133315987,0.016664498,TRUE
920,1000_radii_1,-1,L,0,2,44.1214386,0,0.079398327,115.8818359,359.8028964,0.004,0.360000017,0.140000007,0.00233079,0.133188,0.0166485,TRUE
921,1000_radii_1,-1,L,0,2,44.13818128,0,0.078937463,116.0158005,359.8046547,0.003,0.270000002,0.105000001,0.00175833,0.133967993,0.016745999,TRUE
922,1000_radii_1,-1,L,0,2,44.1547507,0,0.078485578,116.1483383,359.8063943,0.003,0.270000002,0.105000001,0.001739598,0.132540824,0.016567603,TRUE
923,1000_radii_1,-1,L,0,2,44.17146893,0,0.078033596,116.2820969,359.8075647,0.002,0.180000009,0.070000003,0.001170403,0.133760317,0.01672004,TRUE
924,1000_radii_1,-1,L,0,2,44.18817357,0,0.077584811,116.4157181,359.8081493,0.001,0.090000004,0.035000002,0.000584599,0.133622671,0.016702834,TRUE
925,1000_radii_1,-1,L,0,2,44.20482267,0,0.077138871,116.5488968,359.808732,0.001,0.090000004,0.035000002,0.000582655,0.133178341,0.016647293,TRUE
926,1000_radii_1,-1,L,0,2,44.22140054,0,0.076696075,116.6815414,359.8093123,0.001,0.090000004,0.035000002,0.00058031,0.132642247,0.016580281,TRUE
927,1000_radii_1,-1,L,0,2,44.23813688,0,0.076250479,116.8154297,359.8098981,0.001,0.090000004,0.035000002,0.000585761,0.133888303,0.016736038,TRUE
928,1000_radii_1,-1,L,0,2,44.254773,0,0.07580895,116.9485016,359.8104803,0.001,0.090000004,0.035000002,0.000582201,0.133074503,0.016634313,TRUE
929,1000_radii_1,-1,L,0,2,44.27142271,0,0.075368352,117.0817032,359.811063,0.001,0.090000004,0.035000002,0.000582761,0.133202489,0.016650311,TRUE
930,1000_radii_1,-1,L,0,2,44.28807212,0,0.074929111,117.2149048,359.8116458,0.001,0.090000004,0.035000002,0.000582761,0.133202489,0.016650311,TRUE
931,1000_radii_1,-1,L,0,2,44.30477857,0,0.074489772,117.3485489,359.8122305,0.001,0.090000004,0.035000002,0.000584694,0.133644405,0.016705551,TRUE
932,1000_radii_1,-1,L,0,2,44.32141741,0,0.074053518,117.4816666,359.8128129,0.001,0.090000004,0.035000002,0.000582391,0.13311797,0.016639746,TRUE
933,1000_radii_1,-1,L,0,2,44.33805535,0,0.07361865,117.6147766,359.8133952,0.001,0.090000004,0.035000002,0.000582349,0.133108311,0.016638539,TRUE
934,1000_radii_1,-1,L,0,2,44.35474762,0,0.073183745,117.7483139,359.8139794,0.001,0.090000004,0.035000002,0.000584219,0.133535737,0.016691967,TRUE
935,1000_radii_1,-1,L,0,2,44.37141242,0,0.072750904,117.8816299,359.8145627,0.001,0.090000004,0.035000002,0.000583268,0.133318402,0.0166648,TRUE
936,1000_radii_1,-1,L,0,2,44.38806665,0,0.072319694,118.0148621,359.8151456,0.001,0.090000004,0.035000002,0.000582898,0.133233882,0.016654235,TRUE
937,1000_radii_1,-1,L,0,2,44.40479997,0,0.071887821,118.1487198,359.8157312,0.001,0.090000004,0.035000002,0.000585635,0.133859325,0.016732416,TRUE
938,1000_radii_1,-1,L,0,2,44.42141618,0,0.071460284,118.2816544,359.8163128,0.001,0.090000004,0.035000002,0.000581599,0.132936857,0.016617107,TRUE
939,1000_radii_1,-1,L,0,2,44.43816489,0,0.071030684,118.415657,359.8174854,0.002,0.180000009,0.070000003,0.001172516,0.134001801,0.016750225,TRUE
940,1000_radii_1,-1,L,0,2,44.45477687,0,0.070607431,118.5485229,359.818648,0.002,0.180000009,0.070000003,0.001162606,0.132869242,0.016608655,TRUE
941,1000_radii_1,-1,L,0,2,44.4714145,0,0.070186123,118.6816254,359.8198126,0.002,0.180000009,0.070000003,0.001164677,0.133105896,0.016638237,TRUE
942,1000_radii_1,-1,L,0,2,44.48813243,0,0.069765493,118.8153763,359.8209829,0.002,0.180000009,0.070000003,0.001170318,0.133750658,0.016718832,TRUE
943,1000_radii_1,-1,L,0,2,44.50471814,0,0.069350928,118.9480591,359.822144,0.002,0.180000009,0.070000003,0.001161,0.132685714,0.016585714,TRUE
944,1000_radii_1,-1,L,0,2,44.52139049,0,0.068936884,119.0814438,359.8233111,0.002,0.180000009,0.070000003,0.001167107,0.133383602,0.01667295,TRUE
945,1000_radii_1,-1,L,0,2,44.53815641,0,0.068523221,119.2155838,359.8250717,0.003,0.270000002,0.105000001,0.001760612,0.134141861,0.016767733,TRUE
946,1000_radii_1,-1,L,0,2,44.55472703,0,0.06811855,119.3481293,359.8268113,0.003,0.270000002,0.105000001,0.001739662,0.132545653,0.016568207,TRUE
947,1000_radii_1,-1,L,0,2,44.57152163,0,0.067712426,119.4824829,359.8285748,0.003,0.270000002,0.105000001,0.001763433,0.134356782,0.016794598,TRUE
948,1000_radii_1,-1,L,0,2,44.58808923,0,0.067315921,119.6150055,359.8303142,0.003,0.270000002,0.105000001,0.001739376,0.13252392,0.01656549,TRUE
949,1000_radii_1,-1,L,0,2,44.60474558,0,0.066921324,119.7482452,359.8320629,0.003,0.270000002,0.105000001,0.001748758,0.133238712,0.016654839,TRUE
950,1000_radii_1,-1,L,0,2,44.62148675,0,0.066528745,119.8821869,359.8338208,0.003,0.270000002,0.105000001,0.00175795,0.133939015,0.016742377,TRUE
951,1000_radii_1,-1,L,0,2,44.63807578,0,0.066143848,120.0148926,359.8355626,0.003,0.270000002,0.105000001,0.001741754,0.132705033,0.016588129,TRUE
952,1000_radii_1,-1,L,0,2,44.65471674,0,0.06576173,120.1480331,359.8373101,0.003,0.270000002,0.105000001,0.001747522,0.133144533,0.016643067,TRUE
953,1000_radii_1,-1,L,0,2,44.67141716,0,0.065382369,120.2816391,359.8390637,0.003,0.270000002,0.105000001,0.001753544,0.133603353,0.016700419,TRUE
954,1000_radii_1,-1,L,0,2,44.68804966,0,0.065008588,120.414711,359.8408103,0.003,0.270000002,0.105000001,0.001746571,0.133072088,0.016634011,TRUE
955,1000_radii_1,-1,L,0,2,44.70473951,0,0.064637646,120.5482178,359.8425626,0.003,0.270000002,0.105000001,0.001752308,0.133509174,0.016688647,TRUE
956,1000_radii_1,-1,L,0,2,44.72143571,0,0.064270616,120.6817856,359.8443157,0.003,0.270000002,0.105000001,0.001753132,0.13357196,0.016696495,TRUE
957,1000_radii_1,-1,L,0,2,44.73803621,0,0.063909754,120.8145905,359.8460588,0.003,0.270000002,0.105000001,0.001743085,0.132806456,0.016600807,TRUE
958,1000_radii_1,-1,L,0,2,44.75473271,0,0.063550897,120.9481583,359.8478118,0.003,0.270000002,0.105000001,0.001753037,0.133564715,0.016695589,TRUE
959,1000_radii_1,-1,L,0,2,44.77135494,0,0.063197888,121.0810547,359.8495561,0.003,0.270000002,0.105000001,0.001744321,0.132900635,0.016612579,TRUE
960,1000_radii_1,-1,L,0,2,44.78808525,0,0.062846266,121.2149658,359.8513138,0.003,0.270000002,0.105000001,0.001757633,0.133914867,0.016739358,TRUE
961,1000_radii_1,-1,L,0,2,44.80477178,0,0.06249984,121.3484573,359.8530659,0.003,0.270000002,0.105000001,0.001752118,0.133494685,0.016686836,TRUE
962,1000_radii_1,-1,L,0,2,44.82150571,0,0.062156536,121.4823227,359.8548229,0.003,0.270000002,0.105000001,0.00175703,0.133868985,0.016733623,TRUE
963,1000_radii_1,-1,L,0,2,44.83806154,0,0.061820921,121.6147766,359.8565614,0.003,0.270000002,0.105000001,0.001738457,0.132453889,0.016556736,TRUE
964,1000_radii_1,-1,L,0,2,44.8548012,0,0.061485656,121.7486954,359.8583191,0.003,0.270000002,0.105000001,0.001757696,0.133919696,0.016739962,TRUE
965,1000_radii_1,-1,L,0,2,44.8714014,0,0.061157264,121.8815002,359.8600621,0.003,0.270000002,0.105000001,0.001743021,0.132801626,0.016600203,TRUE
966,1000_radii_1,-1,L,0,2,44.8880333,0,0.060832269,122.0145645,359.8618086,0.003,0.270000002,0.105000001,0.001746476,0.133064844,0.016633105,TRUE
967,1000_radii_1,-1,L,0,2,44.90476481,0,0.06050944,122.1484146,359.8635653,0.003,0.270000002,0.105000001,0.001756777,0.133849666,0.016731208,TRUE
968,1000_radii_1,-1,L,0,2,44.92139218,0,0.060192689,122.2814331,359.8653112,0.003,0.270000002,0.105000001,0.001745874,0.133018962,0.01662737,TRUE
969,1000_radii_1,-1,L,0,2,44.93800838,0,0.059880204,122.41436,359.8670559,0.003,0.270000002,0.105000001,0.001744701,0.132929613,0.016616202,TRUE
970,1000_radii_1,-1,L,0,2,44.95473053,0,0.059569817,122.5481262,359.8688117,0.003,0.270000002,0.105000001,0.001755731,0.133769976,0.016721247,TRUE
971,1000_radii_1,-1,L,0,2,44.97145389,0,0.059263468,122.6819229,359.8705677,0.003,0.270000002,0.105000001,0.00175608,0.13379654,0.016724567,TRUE
972,1000_radii_1,-1,L,0,2,44.98804564,0,0.058963634,122.8146515,359.8723098,0.003,0.270000002,0.105000001,0.001742039,0.132726766,0.016590846,TRUE
973,1000_radii_1,-1,L,0,2,45.0047201,0,0.05866633,122.9480515,359.8740607,0.003,0.270000002,0.105000001,0.001750913,0.133402921,0.016675365,TRUE
974,1000_radii_1,-1,L,0,2,45.02137645,0,0.058373611,123.0812225,359.8758086,0.003,0.270000002,0.105000001,0.001747871,0.133171096,0.016646387,TRUE
975,1000_radii_1,-1,L,0,2,45.03803099,0,0.058084648,123.2145386,359.8775583,0.003,0.270000002,0.105000001,0.001749741,0.133313572,0.016664196,TRUE
976,1000_radii_1,-1,L,0,2,45.05470002,0,0.057799701,123.3478775,359.8793084,0.003,0.270000002,0.105000001,0.001750089,0.133340135,0.016667517,TRUE
977,1000_radii_1,-1,L,0,2,45.07141432,0,0.057518035,123.4815903,359.8810634,0.003,0.270000002,0.105000001,0.001755002,0.133714435,0.016714304,TRUE
978,1000_radii_1,-1,L,0,2,45.08803626,0,0.057241984,123.6145706,359.8828088,0.003,0.270000002,0.105000001,0.001745398,0.132982739,0.016622842,TRUE
979,1000_radii_1,-1,L,0,2,45.10474694,0,0.056968533,123.7482605,359.8845635,0.003,0.270000002,0.105000001,0.001754717,0.133692702,0.016711588,TRUE
980,1000_radii_1,-1,L,0,2,45.12152856,0,0.056699544,123.8817673,359.8857317,0.002,0.180000009,0.070000003,0.001168205,0.133509174,0.016688647,TRUE
981,1000_radii_1,-1,L,0,2,45.13809707,0,0.056433771,124.0150299,359.8868977,0.002,0.180000009,0.070000003,0.00116605,0.13326286,0.016657858,TRUE
982,1000_radii_1,-1,L,0,2,45.15477394,0,0.056170512,124.1483917,359.8880647,0.002,0.180000009,0.070000003,0.001166916,0.133361869,0.016670234,TRUE
983,1000_radii_1,-1,L,0,2,45.17138259,0,0.055910781,124.2813416,359.8892279,0.002,0.180000009,0.070000003,0.001163282,0.132946516,0.016618315,TRUE
984,1000_radii_1,-1,L,0,2,45.18805977,0,0.055652808,124.414772,359.8898117,0.001,0.090000004,0.035000002,0.000583775,0.133434314,0.016679289,TRUE
985,1000_radii_1,-1,L,0,2,45.2047789,0,0.055395611,124.5485077,359.8903968,0.001,0.090000004,0.035000002,0.000585106,0.133738583,0.016717323,TRUE
986,1000_radii_1,-1,L,0,2,45.22137911,0,0.055141568,124.6813126,359.8909778,0.001,0.090000004,0.035000002,0.000581007,0.132801626,0.016600203,TRUE
987,1000_radii_1,-1,L,0,2,45.23802399,0,0.054888189,124.814476,359.8915604,0.001,0.090000004,0.035000002,0.000582581,0.133161437,0.01664518,TRUE
988,1000_radii_1,-1,L,0,2,45.25481677,0,0.054633908,124.9488297,359.8909726,-0.001,-0.090000004,-0.035000002,-0.0005878,0.134354367,0.016794296,TRUE
989,1000_radii_1,-1,L,0,2,45.27141577,0,0.054381274,125.0815887,359.8903918,-0.001,-0.090000004,-0.035000002,-0.000580838,0.132762989,0.016595374,TRUE
990,1000_radii_1,-1,L,0,2,45.28808419,0,0.054126203,125.21492,359.8898085,-0.001,-0.090000004,-0.035000002,-0.000583331,0.133332891,0.016666611,TRUE
991,1000_radii_1,-1,L,0,2,45.30476167,0,0.053869553,125.3483658,359.8892246,-0.001,-0.090000004,-0.035000002,-0.000583839,0.133448803,0.0166811,TRUE
992,1000_radii_1,-1,L,0,2,45.32137425,0,0.05361275,125.4811935,359.8886435,-0.001,-0.090000004,-0.035000002,-0.000581113,0.132825775,0.016603222,TRUE
993,1000_radii_1,-1,L,0,2,45.33803724,0,0.053353529,125.6145706,359.88806,-0.001,-0.090000004,-0.035000002,-0.000583522,0.133376358,0.016672045,TRUE
994,1000_radii_1,-1,L,0,2,45.35469298,0,0.053093217,125.7478104,359.8874771,-0.001,-0.090000004,-0.035000002,-0.000582919,0.133238712,0.016654839,TRUE
995,1000_radii_1,-1,L,0,2,45.37141966,0,0.052830413,125.8816299,359.8868916,-0.001,-0.090000004,-0.035000002,-0.000585455,0.133818273,0.016727284,TRUE
996,1000_radii_1,-1,L,0,2,45.3880256,0,0.052568153,126.0144806,359.8863104,-0.001,-0.090000004,-0.035000002,-0.000581218,0.132849923,0.01660624,TRUE
997,1000_radii_1,-1,L,0,2,45.40469704,0,0.052303508,126.14785,359.8857269,-0.001,-0.090000004,-0.035000002,-0.0005835,0.133371528,0.016671441,TRUE
998,1000_radii_1,-1,L,0,2,45.42137724,0,0.052037664,126.2811432,359.8851437,-0.001,-0.090000004,-0.035000002,-0.000583152,0.133291838,0.01666148,TRUE
999,1000_radii_1,-1,L,0,2,45.43802151,0,0.051770441,126.414444,359.8845605,-0.001,-0.090000004,-0.035000002,-0.000583205,0.133303913,0.016662989,TRUE
1000,1000_radii_1,-1,L,0,2,45.45467514,0,0.051502008,126.5476761,359.8839776,-0.001,-0.090000004,-0.035000002,-0.000582888,0.133231467,0.016653933,TRUE
1001,1000_radii_1,-1,L,0,2,45.47135654,0,0.051232107,126.6809616,359.8833945,-0.001,-0.090000004,-0.035000002,-0.000583131,0.133287009,0.016660876,TRUE
1002,1000_radii_1,-1,L,0,2,45.48802708,0,0.050960343,126.8144989,359.8828103,-0.001,-0.090000004,-0.035000002,-0.000584219,0.133535737,0.016691967,TRUE
1003,1000_radii_1,-1,L,0,2,45.50473655,0,0.050686952,126.9481659,359.8822255,-0.001,-0.090000004,-0.035000002,-0.000584789,0.133666138,0.016708267,TRUE
1004,1000_radii_1,-1,L,0,2,45.52153538,0,0.050412565,127.0816498,359.8816415,-0.001,-0.090000004,-0.035000002,-0.000583997,0.133485025,0.016685628,TRUE
1005,1000_radii_1,-1,L,0,2,45.5380568,0,0.050137658,127.2147293,359.8810593,-0.001,-0.090000004,-0.035000002,-0.000582222,0.133079333,0.016634917,TRUE
1006,1000_radii_1,-1,L,0,2,45.55473337,0,0.049860705,127.3481445,359.8804756,-0.001,-0.090000004,-0.035000002,-0.00058368,0.13341258,0.016676573,TRUE
1007,1000_radii_1,-1,L,0,2,45.57141598,0,0.049582299,127.4816055,359.8798917,-0.001,-0.090000004,-0.035000002,-0.000583881,0.133458462,0.016682308,TRUE
1008,1000_radii_1,-1,L,0,2,45.58801769,0,0.049303863,127.6144257,359.8793106,-0.001,-0.090000004,-0.035000002,-0.000581102,0.13282336,0.01660292,TRUE
1009,1000_radii_1,-1,L,0,2,45.60473139,0,0.049022321,127.748085,359.8787259,-0.001,-0.090000004,-0.035000002,-0.000584758,0.133658894,0.016707362,TRUE
1010,1000_radii_1,-1,L,0,2,45.62139438,0,0.048740279,127.8813324,359.8781429,-0.001,-0.090000004,-0.035000002,-0.000582972,0.133250786,0.016656348,TRUE
1011,1000_radii_1,-1,L,0,2,45.63801421,0,0.048457306,128.014389,359.8775608,-0.001,-0.090000004,-0.035000002,-0.000582095,0.133050355,0.016631294,TRUE
1012,1000_radii_1,-1,L,0,2,45.65466844,0,0.048172589,128.1476288,359.8769779,-0.001,-0.090000004,-0.035000002,-0.000582898,0.133233882,0.016654235,TRUE
1013,1000_radii_1,-1,L,0,2,45.67139512,0,0.047885764,128.2812195,359.8763935,-0.001,-0.090000004,-0.035000002,-0.00058443,0.133584034,0.016698004,TRUE
1014,1000_radii_1,-1,L,0,2,45.68801917,0,0.047598343,128.414444,359.8758106,-0.001,-0.090000004,-0.035000002,-0.000582877,0.133229053,0.016653632,TRUE
1015,1000_radii_1,-1,L,0,2,45.70466767,0,0.047309663,128.5476227,359.8752279,-0.001,-0.090000004,-0.035000002,-0.000582687,0.133185585,0.016648198,TRUE
1016,1000_radii_1,-1,L,0,2,45.72135149,0,0.047019117,128.6810455,359.8746442,-0.001,-0.090000004,-0.035000002,-0.000583712,0.133419825,0.016677478,TRUE
1017,1000_radii_1,-1,L,0,2,45.7380178,0,0.046727382,128.8143921,359.8740608,-0.001,-0.090000004,-0.035000002,-0.000583374,0.13334255,0.016667819,TRUE
1018,1000_radii_1,-1,L,0,2,45.75466751,0,0.046434533,128.9476166,359.8734779,-0.001,-0.090000004,-0.035000002,-0.000582888,0.133231467,0.016653933,TRUE
1019,1000_radii_1,-1,L,0,2,45.77133593,0,0.046140097,129.0809479,359.8728946,-0.001,-0.090000004,-0.035000002,-0.000583342,0.133335305,0.016666913,TRUE
1020,1000_radii_1,-1,L,0,2,45.7880445,0,0.045843568,129.2146149,359.8723098,-0.001,-0.090000004,-0.035000002,-0.0005848,0.133668553,0.016708569,TRUE
1021,1000_radii_1,-1,L,0,2,45.80475276,0,0.045545682,129.3482819,359.871725,-0.001,-0.090000004,-0.035000002,-0.000584779,0.133663723,0.016707965,TRUE
1022,1000_radii_1,-1,L,0,2,45.82132761,0,0.045248792,129.480896,359.8711448,-0.001,-0.090000004,-0.035000002,-0.000580173,0.132610854,0.016576357,TRUE
1023,1000_radii_1,-1,L,0,2,45.83797943,0,0.044949178,129.6141205,359.870562,-0.001,-0.090000004,-0.035000002,-0.000582856,0.133224223,0.016653028,TRUE
1024,1000_radii_1,-1,L,0,2,45.85467412,0,0.044647455,129.7476807,359.8699777,-0.001,-0.090000004,-0.035000002,-0.000584314,0.133557471,0.016694684,TRUE
1025,1000_radii_1,-1,L,0,2,45.87132262,0,0.044345215,129.8808594,359.869395,-0.001,-0.090000004,-0.035000002,-0.000582687,0.133185585,0.016648198,TRUE
1026,1000_radii_1,-1,L,0,2,45.88806892,0,0.044039819,130.0148315,359.8688088,-0.001,-0.090000004,-0.035000002,-0.000586142,0.133975238,0.016746905,TRUE
1027,1000_radii_1,-1,L,0,2,45.9047316,0,0.043734595,130.1481323,359.8682256,-0.001,-0.090000004,-0.035000002,-0.000583194,0.133301498,0.016662687,TRUE
1028,1000_radii_1,-1,L,0,2,45.92154703,0,0.043427348,130.281723,359.8676412,-0.001,-0.090000004,-0.035000002,-0.000584462,0.133591278,0.01669891,TRUE
1029,1000_radii_1,-1,L,0,2,45.93803736,0,0.043120462,130.414566,359.86706,-0.001,-0.090000004,-0.035000002,-0.000581197,0.132845093,0.016605637,TRUE
1030,1000_radii_1,-1,L,0,2,45.95467982,0,0.042811554,130.547699,359.8664775,-0.001,-0.090000004,-0.035000002,-0.000582476,0.133137289,0.016642161,TRUE
1031,1000_radii_1,-1,L,0,2,45.97135639,0,0.042500835,130.6810303,359.8658942,-0.001,-0.090000004,-0.035000002,-0.000583331,0.133332891,0.016666611,TRUE
1032,1000_radii_1,-1,L,0,2,45.9879738,0,0.042189471,130.8140564,359.8653122,-0.001,-0.090000004,-0.035000002,-0.000582,0.133028621,0.016628578,TRUE
1033,1000_radii_1,-1,L,0,2,46.00464072,0,0.041876022,130.947403,359.8647288,-0.001,-0.090000004,-0.035000002,-0.000583363,0.133340135,0.016667517,TRUE
1034,1000_radii_1,-1,L,0,2,46.02142747,0,0.041558973,131.0816956,359.8641413,-0.001,-0.090000004,-0.035000002,-0.000587515,0.134289167,0.016786146,TRUE
1035,1000_radii_1,-1,L,0,2,46.03809589,0,0.041242931,131.2149811,359.8635582,-0.001,-0.090000004,-0.035000002,-0.00058312,0.133284594,0.016660574,TRUE
1036,1000_radii_1,-1,L,0,2,46.05470002,0,0.040926494,131.3478546,359.8629768,-0.001,-0.090000004,-0.035000002,-0.000581356,0.132881316,0.016610164,TRUE
1037,1000_radii_1,-1,L,0,2,46.07132165,0,0.040608488,131.4808197,359.862395,-0.001,-0.090000004,-0.035000002,-0.000581757,0.13297308,0.016621635,TRUE
1038,1000_radii_1,-1,L,0,2,46.08804592,0,0.04028713,131.614624,359.8618097,-0.001,-0.090000004,-0.035000002,-0.000585402,0.133806199,0.016725775,TRUE
1039,1000_radii_1,-1,L,0,2,46.10473215,0,0.039965194,131.7481079,359.8612257,-0.001,-0.090000004,-0.035000002,-0.000583976,0.133480196,0.016685024,TRUE
1040,1000_radii_1,-1,L,0,2,46.12131605,0,0.039643869,131.8807678,359.8606453,-0.001,-0.090000004,-0.035000002,-0.000580416,0.132666395,0.016583299,TRUE
1041,1000_radii_1,-1,L,0,2,46.13804575,0,0.039318319,132.0146179,359.8600597,-0.001,-0.090000004,-0.035000002,-0.000585592,0.133849666,0.016731208,TRUE
1042,1000_radii_1,-1,L,0,2,46.15471719,0,0.038992576,132.1479797,359.8594762,-0.001,-0.090000004,-0.035000002,-0.00058349,0.133369113,0.016671139,TRUE
1043,1000_radii_1,-1,L,0,2,46.17129113,0,0.03866737,132.2805786,359.8588961,-0.001,-0.090000004,-0.035000002,-0.000580109,0.132596365,0.016574546,TRUE
1044,1000_radii_1,-1,L,0,2,46.18797163,0,0.038338747,132.4140167,359.8583123,-0.001,-0.090000004,-0.035000002,-0.000583796,0.133439144,0.016679893,TRUE
1045,1000_radii_1,-1,L,0,2,46.2046639,0,0.03800853,132.5475464,359.8577281,-0.001,-0.090000004,-0.035000002,-0.000584208,0.133533322,0.016691665,TRUE
1046,1000_radii_1,-1,L,0,2,46.22131874,0,0.037677661,132.6808014,359.8571451,-0.001,-0.090000004,-0.035000002,-0.000582962,0.133248371,0.016656046,TRUE
1047,1000_radii_1,-1,L,0,2,46.23798746,0,0.037345175,132.8141479,359.8565617,-0.001,-0.090000004,-0.035000002,-0.000583416,0.133352209,0.016669026,TRUE
1048,1000_radii_1,-1,L,0,2,46.25462872,0,0.037011899,132.9472656,359.8559793,-0.001,-0.090000004,-0.035000002,-0.000582423,0.133125215,0.016640652,TRUE
1049,1000_radii_1,-1,L,0,2,46.27130589,0,0.036676526,133.0806885,359.8553956,-0.001,-0.090000004,-0.035000002,-0.000583722,0.13342224,0.01667778,TRUE
1050,1000_radii_1,-1,L,0,2,46.28810291,0,0.03633745,133.2150421,359.8548078,-0.001,-0.090000004,-0.035000002,-0.000587779,0.134349538,0.016793692,TRUE
1051,1000_radii_1,-1,L,0,2,46.30467141,0,0.036001518,133.3476105,359.8542278,-0.001,-0.090000004,-0.035000002,-0.000579972,0.132564972,0.016570621,TRUE
1052,1000_radii_1,-1,L,0,2,46.32129607,0,0.035663117,133.4806213,359.8536459,-0.001,-0.090000004,-0.035000002,-0.000581916,0.133009302,0.016626163,TRUE
1053,1000_radii_1,-1,L,0,2,46.33797294,0,0.035322335,133.6140289,359.8530622,-0.001,-0.090000004,-0.035000002,-0.00058368,0.13341258,0.016676573,TRUE
1054,1000_radii_1,-1,L,0,2,46.35467668,0,0.034979634,133.7476654,359.8524776,-0.001,-0.090000004,-0.035000002,-0.000584631,0.133629916,0.016703739,TRUE
1055,1000_radii_1,-1,L,0,2,46.37128534,0,0.034637522,133.8805389,359.8518962,-0.001,-0.090000004,-0.035000002,-0.000581314,0.132871656,0.016608957,TRUE
1056,1000_radii_1,-1,L,0,2,46.38803285,0,0.034291204,134.0145111,359.8513101,-0.001,-0.090000004,-0.035000002,-0.000586152,0.133977652,0.016747207,TRUE
1057,1000_radii_1,-1,L,0,2,46.40467923,0,0.033945616,134.1476746,359.8507275,-0.001,-0.090000004,-0.035000002,-0.000582613,0.133168682,0.016646085,TRUE
1058,1000_radii_1,-1,L,0,2,46.42130841,0,0.033599038,134.2807007,359.8501455,-0.001,-0.090000004,-0.035000002,-0.000582,0.133028621,0.016628578,TRUE
1059,1000_radii_1,-1,L,0,2,46.43795963,0,0.033250649,134.4139099,359.8495627,-0.001,-0.090000004,-0.035000002,-0.000582771,0.133204904,0.016650613,TRUE
1060,1000_radii_1,-1,L,0,2,46.45465069,0,0.032900073,134.5474243,359.8489785,-0.001,-0.090000004,-0.035000002,-0.000584155,0.133521248,0.016690156,TRUE
1061,1000_radii_1,-1,L,0,2,46.47130342,0,0.032548904,134.6806488,359.8483957,-0.001,-0.090000004,-0.035000002,-0.000582877,0.133229053,0.016653632,TRUE
1062,1000_radii_1,-1,L,0,2,46.48797486,0,0.032196004,134.8140259,359.8478122,-0.001,-0.090000004,-0.035000002,-0.0005835,0.133371528,0.016671441,TRUE
1063,1000_radii_1,-1,L,0,2,46.50464721,0,0.031841699,134.9474182,359.8472286,-0.001,-0.090000004,-0.035000002,-0.000583574,0.133388432,0.016673554,TRUE
1064,1000_radii_1,-1,L,0,2,46.52134974,0,0.03148542,135.0810394,359.846644,-0.001,-0.090000004,-0.035000002,-0.000584589,0.133620256,0.016702532,TRUE
1065,1000_radii_1,-1,L,0,2,46.53807883,0,0.031127201,135.2148743,359.8460585,-0.001,-0.090000004,-0.035000002,-0.000585529,0.133835177,0.016729397,TRUE
1066,1000_radii_1,-1,L,0,2,46.55463436,0,0.030771339,135.3473206,359.8454791,-0.001,-0.090000004,-0.035000002,-0.000579465,0.13244906,0.016556132,TRUE
1067,1000_radii_1,-1,L,0,2,46.57126656,0,0.030412503,135.4803772,359.8448969,-0.001,-0.090000004,-0.035000002,-0.000582116,0.133055184,0.016631898,TRUE
1068,1000_radii_1,-1,L,0,2,46.58797211,0,0.030050727,135.6140137,359.8443122,-0.001,-0.090000004,-0.035000002,-0.000584684,0.13364199,0.016705249,TRUE
1069,1000_radii_1,-1,L,0,2,46.60466197,0,0.029687928,135.7475281,359.8437281,-0.001,-0.090000004,-0.035000002,-0.000584134,0.133516418,0.016689552,TRUE
1070,1000_radii_1,-1,L,0,2,46.62130292,0,0.029324926,135.8806152,359.8431458,-0.001,-0.090000004,-0.035000002,-0.000582275,0.133091407,0.016636426,TRUE
1071,1000_radii_1,-1,L,0,2,46.63797889,0,0.028959615,136.0140533,359.842562,-0.001,-0.090000004,-0.035000002,-0.000583807,0.133441558,0.016680195,TRUE
1072,1000_radii_1,-1,L,0,2,46.65461049,0,0.028593998,136.14711,359.8419799,-0.001,-0.090000004,-0.035000002,-0.000582127,0.133057599,0.0166322,TRUE
1073,1000_radii_1,-1,L,0,2,46.67129581,0,0.028225878,136.2805786,359.8413959,-0.001,-0.090000004,-0.035000002,-0.000583955,0.133475366,0.016684421,TRUE
1074,1000_radii_1,-1,L,0,2,46.68797178,0,0.027856564,136.4139862,359.8408123,-0.001,-0.090000004,-0.035000002,-0.000583691,0.133414995,0.016676874,TRUE
1075,1000_radii_1,-1,L,0,2,46.70473438,0,0.027484,136.5480804,359.8402256,-0.001,-0.090000004,-0.035000002,-0.00058667,0.13409598,0.016761997,TRUE
1076,1000_radii_1,-1,L,0,2,46.72128508,0,0.027114762,136.6804962,359.8396463,-0.001,-0.090000004,-0.035000002,-0.000579296,0.132410422,0.016551303,TRUE
1077,1000_radii_1,-1,L,0,2,46.7379523,0,0.026741583,136.8138428,359.8390629,-0.001,-0.090000004,-0.035000002,-0.000583363,0.133340135,0.016667517,TRUE
1078,1000_radii_1,-1,L,0,2,46.75468713,0,0.026365548,136.9477234,359.8384772,-0.001,-0.090000004,-0.035000002,-0.000585698,0.133873814,0.016734227,TRUE
1079,1000_radii_1,1000,L,0,3,46.77138,0,0.025989322,137.0811768,359.8378933,-0.001,-0.090000004,-0.035000002,-0.00058387,0.133456047,0.016682006,FALSE
1080,1000_radii_1,1000,L,0,3,46.78797326,0,0.025613546,137.2139893,359.8373123,-0.001,-0.090000004,-0.035000002,-0.000581071,0.132816115,0.016602014,FALSE
1081,1000_radii_1,1000,L,0,3,46.80468877,0,0.025233908,137.3476868,359.8367273,-0.001,-0.090000004,-0.035000002,-0.000584948,0.133702361,0.016712795,FALSE
1082,1000_radii_1,1000,L,0,3,46.82215228,0,0.024835728,137.4874115,359.836116,-0.001,-0.090000004,-0.035000002,-0.000611318,0.139729798,0.017466225,FALSE
1083,1000_radii_1,1000,L,0,3,46.83793929,0,0.02447444,137.6137238,359.8355634,-0.001,-0.090000004,-0.035000002,-0.000552609,0.12631054,0.015788818,FALSE
1084,1000_radii_1,1000,L,0,3,46.85462039,0,0.024091449,137.7471771,359.8349796,-0.001,-0.090000004,-0.035000002,-0.000583839,0.133448803,0.0166811,FALSE
1085,1000_radii_1,1000,L,0,3,46.87126858,0,0.023707861,137.8803558,359.8343969,-0.001,-0.090000004,-0.035000002,-0.000582676,0.133183171,0.016647896,FALSE
1086,1000_radii_1,1000,L,0,3,46.88791557,0,0.023322912,138.0135345,359.8338142,-0.001,-0.090000004,-0.035000002,-0.000582687,0.133185585,0.016648198,FALSE
1087,1000_radii_1,1000,L,0,3,46.90468934,0,0.022933703,138.1477203,359.8332271,-0.001,-0.090000004,-0.035000002,-0.000587071,0.134187743,0.016773468,FALSE
1088,1000_radii_1,1000,L,0,3,46.92127174,0,0.022547554,138.2803802,359.8326467,-0.001,-0.090000004,-0.035000002,-0.000580405,0.13266398,0.016582998,FALSE
1089,1000_radii_1,1000,L,0,3,46.93795737,0,0.022157677,138.4138641,359.8320628,-0.001,-0.090000004,-0.035000002,-0.000583976,0.133480196,0.016685024,FALSE
1090,1000_radii_1,1000,L,0,3,46.95473506,0,0.021764535,138.5479889,359.8314759,-0.001,-0.090000004,-0.035000002,-0.000586818,0.134129787,0.016766223,FALSE
1091,1000_radii_1,1000,L,0,3,46.97127278,0,0.021375148,138.6803741,359.8308968,-0.001,-0.090000004,-0.035000002,-0.00057919,0.132386274,0.016548284,FALSE
1092,1000_radii_1,1000,L,0,3,46.98800942,0,0.020979961,138.81427,359.830311,-0.001,-0.090000004,-0.035000002,-0.000585804,0.133897963,0.016737245,FALSE
1093,1000_radii_1,1000,L,0,3,47.00466154,0,0.020585459,138.9474792,359.8297282,-0.001,-0.090000004,-0.035000002,-0.000582771,0.133204904,0.016650613,FALSE
1094,1000_radii_1,1000,L,0,3,47.0212542,0,0.020190978,139.0802155,359.8291474,-0.001,-0.090000004,-0.035000002,-0.000580743,0.132741255,0.016592657,FALSE
1095,1000_radii_1,1000,L,0,3,47.0379347,0,0.019793008,139.2136688,359.8285635,-0.001,-0.090000004,-0.035000002,-0.000583891,0.133460877,0.01668261,FALSE
1096,1000_radii_1,1000,L,0,3,47.05466017,0,0.019392679,139.3474579,359.8279782,-0.001,-0.090000004,-0.035000002,-0.000585349,0.133794125,0.016724266,FALSE
1097,1000_radii_1,1000,L,0,3,47.0712483,0,0.018994253,139.4801636,359.8273976,-0.001,-0.090000004,-0.035000002,-0.000580585,0.132705033,0.016588129,FALSE
1098,1000_radii_1,1000,L,0,3,47.08794238,0,0.018591922,139.6137238,359.8268133,-0.001,-0.090000004,-0.035000002,-0.000584303,0.133555056,0.016694382,FALSE
1099,1000_radii_1,1000,L,0,3,47.10467661,0,0.018187243,139.7476044,359.8262276,-0.001,-0.090000004,-0.035000002,-0.00058573,0.133881059,0.016735132,FALSE
1100,1000_radii_1,1000,L,0,3,47.121307,0,0.017783729,139.8806458,359.8256455,-0.001,-0.090000004,-0.035000002,-0.000582074,0.133045525,0.016630691,FALSE
1101,1000_radii_1,1000,L,0,3,47.13790509,0,0.017379681,140.0134277,359.8250646,-0.001,-0.090000004,-0.035000002,-0.000580901,0.132777478,0.016597185,FALSE
1102,1000_radii_1,1000,L,0,3,47.15462784,0,0.016971225,140.1472015,359.8244793,-0.001,-0.090000004,-0.035000002,-0.000585286,0.133779636,0.016722454,FALSE
1103,1000_radii_1,1000,L,0,3,47.17125129,0,0.016563866,140.2801819,359.8238975,-0.001,-0.090000004,-0.035000002,-0.000581768,0.132975495,0.016621937,FALSE
1104,1000_radii_1,1000,L,0,3,47.18789073,0,0.016154682,140.4133148,359.8233151,-0.001,-0.090000004,-0.035000002,-0.000582444,0.133130044,0.016641256,FALSE
1105,1000_radii_1,1000,L,0,3,47.20458632,0,0.015742812,140.546875,359.8227308,-0.001,-0.090000004,-0.035000002,-0.000584335,0.1335623,0.016695288,FALSE
1106,1000_radii_1,1000,L,0,3,47.2212321,0,0.015330791,140.6800385,359.8221481,-0.001,-0.090000004,-0.035000002,-0.000582624,0.133171096,0.016646387,FALSE
1107,1000_radii_1,1000,L,0,3,47.23799048,0,0.014914649,140.8141022,359.8215616,-0.001,-0.090000004,-0.035000002,-0.000586522,0.134062172,0.016757771,FALSE
1108,1000_radii_1,1000,L,0,3,47.25469362,0,0.014498481,140.9477386,359.820977,-0.001,-0.090000004,-0.035000002,-0.000584631,0.133629916,0.016703739,FALSE
1109,1000_radii_1,1000,L,0,3,47.2713228,0,0.01408282,141.0807648,359.820395,-0.001,-0.090000004,-0.035000002,-0.000582011,0.133031036,0.016628879,FALSE
1110,1000_radii_1,1000,L,0,3,47.28802654,0,0.013663939,141.214386,359.8198103,-0.001,-0.090000004,-0.035000002,-0.00058462,0.133627501,0.016703438,FALSE
1111,1000_radii_1,1000,L,0,3,47.30463519,0,0.013246132,141.3472443,359.8192291,-0.001,-0.090000004,-0.035000002,-0.000581229,0.132852338,0.016606542,FALSE
1112,1000_radii_1,1000,L,0,3,47.32127433,0,0.012826086,141.4803772,359.8186467,-0.001,-0.090000004,-0.035000002,-0.000582465,0.133134874,0.016641859,FALSE
1113,1000_radii_1,1000,L,0,3,47.33792253,0,0.012404541,141.6135559,359.818064,-0.001,-0.090000004,-0.035000002,-0.000582666,0.133180756,0.016647594,FALSE
1114,1000_radii_1,1000,L,0,3,47.35461933,0,0.011980408,141.7471313,359.8174796,-0.001,-0.090000004,-0.035000002,-0.000584367,0.133569545,0.016696193,FALSE
1115,1000_radii_1,1000,L,0,3,47.3712633,0,0.011556243,141.8802795,359.8168971,-0.001,-0.090000004,-0.035000002,-0.000582539,0.133151778,0.016643972,FALSE
1116,1000_radii_1,1000,L,0,3,47.38792237,0,0.011130307,142.0135651,359.816314,-0.001,-0.090000004,-0.035000002,-0.00058311,0.133282179,0.016660272,FALSE
1117,1000_radii_1,1000,L,0,3,47.40466505,0,0.010700948,142.1474915,359.815728,-0.001,-0.090000004,-0.035000002,-0.00058593,0.133926941,0.016740868,FALSE
1118,1000_radii_1,1000,L,0,3,47.4213054,0,0.01027279,142.2806244,359.8151456,-0.001,-0.090000004,-0.035000002,-0.000582433,0.133127629,0.016640954,FALSE
1119,1000_radii_1,1000,L,0,3,47.43794031,0,0.009843411,142.4137115,359.8145633,-0.001,-0.090000004,-0.035000002,-0.000582254,0.133086577,0.016635822,FALSE
1120,1000_radii_1,1000,L,0,3,47.45463107,0,0.009411273,142.547226,359.8139792,-0.001,-0.090000004,-0.035000002,-0.000584155,0.133521248,0.016690156,FALSE
1121,1000_radii_1,1000,L,0,3,47.47125874,0,0.008979412,142.6802368,359.8133973,-0.001,-0.090000004,-0.035000002,-0.000581947,0.133016547,0.016627068,FALSE
1122,1000_radii_1,1000,L,0,3,47.48796128,0,0.008544202,142.8138733,359.8128126,-0.001,-0.090000004,-0.035000002,-0.000584631,0.133629916,0.016703739,FALSE
1123,1000_radii_1,1000,L,0,3,47.50460947,0,0.008109073,142.9470673,359.8122299,-0.001,-0.090000004,-0.035000002,-0.000582698,0.133188,0.0166485,FALSE
1124,1000_radii_1,1000,L,0,3,47.52121511,0,0.007673713,143.0799103,359.8116487,-0.001,-0.090000004,-0.035000002,-0.000581197,0.132845093,0.016605637,FALSE
1125,1000_radii_1,1000,L,0,3,47.53790134,0,0.007234894,143.2133942,359.8110647,-0.001,-0.090000004,-0.035000002,-0.000584008,0.13348744,0.01668593,FALSE
1126,1000_radii_1,1000,L,0,3,47.55459029,0,0.006794611,143.3469086,359.8104806,-0.001,-0.090000004,-0.035000002,-0.000584145,0.133518833,0.016689854,FALSE
1127,1000_radii_1,1000,L,0,3,47.57128497,0,0.006352863,143.4804535,359.8098963,-0.001,-0.090000004,-0.035000002,-0.000584282,0.133550226,0.016693778,FALSE
1128,1000_radii_1,1000,L,0,3,47.58796275,0,0.005910185,143.6138763,359.8093126,-0.001,-0.090000004,-0.035000002,-0.000583712,0.133419825,0.016677478,FALSE
1129,1000_radii_1,1000,L,0,3,47.60467464,0,0.005465208,143.7475739,359.8087277,-0.001,-0.090000004,-0.035000002,-0.000584948,0.133702361,0.016712795,FALSE
1130,1000_radii_1,1000,L,0,3,47.62128903,0,0.005021502,143.8804932,359.8081461,-0.001,-0.090000004,-0.035000002,-0.000581493,0.132912709,0.016614089,FALSE
1131,1000_radii_1,1000,L,0,3,47.63801028,0,0.004573674,144.0142365,359.807561,-0.001,-0.090000004,-0.035000002,-0.000585117,0.133740998,0.016717625,FALSE
1132,1000_radii_1,1000,L,0,3,47.65462588,0,0.004127164,144.147171,359.8069794,-0.001,-0.090000004,-0.035000002,-0.00058162,0.132941687,0.016617711,FALSE
1133,1000_radii_1,1000,L,0,3,47.67124631,0,0.003679191,144.2801514,359.8063976,-0.001,-0.090000004,-0.035000002,-0.000581768,0.132975495,0.016621937,FALSE
1134,1000_radii_1,1000,L,0,3,47.68790296,0,0.003228938,144.4134064,359.8058147,-0.001,-0.090000004,-0.035000002,-0.000582972,0.133250786,0.016656348,FALSE
1135,1000_radii_1,1000,L,0,3,47.70456444,0,0.00277719,144.5466919,359.8052315,-0.001,-0.090000004,-0.035000002,-0.000583152,0.133291838,0.01666148,FALSE
1136,1000_radii_1,1000,L,0,3,47.72130229,0,0.002322008,144.6805878,359.8046457,-0.001,-0.090000004,-0.035000002,-0.000585825,0.133902792,0.016737849,FALSE
1137,1000_radii_1,1000,L,0,3,47.73800301,0,0.001866651,144.8141327,359.8040614,-0.001,-0.090000004,-0.035000002,-0.000584293,0.133552641,0.01669408,FALSE
1138,1000_radii_1,1000,L,0,3,47.75469679,0,0.001409775,144.9477234,359.8034769,-0.001,-0.090000004,-0.035000002,-0.000584494,0.133598523,0.016699815,FALSE
1139,1000_radii_1,1000,L,0,3,47.77158375,0,0.000948372,145.0822449,359.8028884,-0.001,-0.090000004,-0.035000002,-0.000588529,0.134520991,0.016815124,TRUE
1140,1000_radii_1,1000,L,0,3,47.7884514,0,0.000482431,145.2176819,359.8022958,-0.001,-0.090000004,-0.035000002,-0.000592544,0.13543863,0.016929829,TRUE
1141,1000_radii_1,1000,L,0,3,47.80559403,0,1.18E-05,145.3540649,359.8016991,-0.001,-0.090000004,-0.035000002,-0.000596696,0.136387661,0.017048458,TRUE
1142,1000_radii_1,1000,L,0,3,47.8216183,0,-0.00043011,145.4817505,359.8011405,-0.001,-0.090000004,-0.035000002,-0.000558631,0.127686998,0.015960875,TRUE
1143,1000_radii_1,1000,L,0,3,47.83823541,0,-0.000892238,145.6148987,359.800558,-0.001,-0.090000004,-0.035000002,-0.000582528,0.133149363,0.01664367,TRUE
1144,1000_radii_1,1000,L,0,3,47.85484768,0,-0.001358829,145.7489471,359.7999715,-0.001,-0.090000004,-0.035000002,-0.000586438,0.134042853,0.016755357,TRUE
1145,1000_radii_1,1000,L,0,3,47.87143551,0,-0.001821347,145.881424,359.7993919,-0.001,-0.090000004,-0.035000002,-0.000579613,0.132482867,0.016560358,TRUE
1146,1000_radii_1,1000,L,0,3,47.88809035,0,-0.002286904,146.014389,359.7988102,-0.001,-0.090000004,-0.035000002,-0.000581736,0.13296825,0.016621031,TRUE
1147,1000_radii_1,1000,L,0,3,47.904779,0,-0.002757186,146.1483154,359.7982242,-0.001,-0.090000004,-0.035000002,-0.000585941,0.133929356,0.016741169,TRUE
1148,1000_radii_1,1000,L,0,3,47.9213952,0,-0.003225333,146.28125,359.7976427,-0.001,-0.090000004,-0.035000002,-0.000581588,0.132934442,0.016616805,TRUE
1149,1000_radii_1,1000,L,0,3,47.93813818,0,-0.003696724,146.4147186,359.7970587,-0.001,-0.090000004,-0.035000002,-0.000583934,0.133470536,0.016683817,TRUE
1150,1000_radii_1,1000,L,0,3,47.95481264,0,-0.004170125,146.5483704,359.796474,-0.001,-0.090000004,-0.035000002,-0.000584737,0.133654064,0.016706758,TRUE
1151,1000_radii_1,1000,L,0,3,47.97144967,0,-0.004643637,146.6816711,359.7958908,-0.001,-0.090000004,-0.035000002,-0.000583194,0.133301498,0.016662687,TRUE
1152,1000_radii_1,1000,L,0,3,47.98813137,0,-0.005118343,146.8149261,359.7953078,-0.001,-0.090000004,-0.035000002,-0.000582993,0.133255616,0.016656952,TRUE
1153,1000_radii_1,1000,L,0,3,48.00480281,0,-0.005594862,146.9483032,359.7947242,-0.001,-0.090000004,-0.035000002,-0.000583553,0.133383602,0.01667295,TRUE
1154,1000_radii_1,1000,L,0,3,48.02144678,0,-0.00607203,147.0814819,359.7941415,-0.001,-0.090000004,-0.035000002,-0.000582687,0.133185585,0.016648198,TRUE
1155,1000_radii_1,1000,L,0,3,48.03810736,0,-0.006551698,147.2149811,359.7935575,-0.001,-0.090000004,-0.035000002,-0.000584082,0.133504344,0.016688043,TRUE
1156,1000_radii_1,1000,L,0,3,48.05481864,0,-0.007031666,147.3481903,359.7929747,-0.001,-0.090000004,-0.035000002,-0.000582793,0.133209734,0.016651217,TRUE
1157,1000_radii_1,1000,L,0,3,48.07145567,0,-0.007513503,147.4815369,359.7923913,-0.001,-0.090000004,-0.035000002,-0.000583416,0.133352209,0.016669026,TRUE
1158,1000_radii_1,1000,L,0,3,48.08814734,0,-0.00799794,147.6152344,359.7918064,-0.001,-0.090000004,-0.035000002,-0.000584916,0.133695116,0.01671189,TRUE
1159,1000_radii_1,1000,L,0,3,48.10479765,0,-0.008480934,147.7481537,359.7912248,-0.001,-0.090000004,-0.035000002,-0.000581535,0.132922368,0.016615296,TRUE
1160,1000_radii_1,1000,L,0,3,48.12149354,0,-0.008968877,147.8820648,359.7900531,-0.002,-0.180000009,-0.070000003,-0.001171713,0.133910037,0.016738755,TRUE
1161,1000_radii_1,1000,L,0,3,48.13810733,0,-0.009454514,148.0146027,359.7888934,-0.002,-0.180000009,-0.070000003,-0.001159669,0.132533579,0.016566697,TRUE
1162,1000_radii_1,1000,L,0,3,48.15486751,0,-0.009949924,148.1490631,359.7865404,-0.004,-0.360000017,-0.140000007,-0.002353019,0.134458205,0.016807276,TRUE
1163,1000_radii_1,1000,L,0,3,48.17152386,0,-0.010444839,148.2819061,359.7836345,-0.005,-0.44999999,-0.174999996,-0.002905934,0.132842678,0.016605335,TRUE
1164,1000_radii_1,1000,L,0,3,48.18813825,0,-0.010948277,148.4152222,359.7795517,-0.007,-0.630000019,-0.245000008,-0.004082802,0.133315987,0.016664498,TRUE
1165,1000_radii_1,1000,L,0,3,48.20488365,0,-0.011463733,148.5491943,359.7742766,-0.009,-0.809999965,-0.314999986,-0.005275085,0.133970408,0.016746301,TRUE
1166,1000_radii_1,1000,L,0,3,48.22148385,0,-0.011985464,148.6816254,359.7684827,-0.01,-0.89999998,-0.349999992,-0.005793907,0.132432156,0.016554019,TRUE
1167,1000_radii_1,1000,L,0,3,48.23805749,0,-0.012522733,148.8145905,359.7615021,-0.012,-1.080000009,-0.420000004,-0.00698058,0.13296342,0.016620428,TRUE
1168,1000_radii_1,1000,L,0,3,48.25479896,0,-0.013080192,148.9485168,359.7527135,-0.015,-1.34999997,-0.524999988,-0.008788638,0.133922111,0.016740264,TRUE
1169,1000_radii_1,1000,L,0,3,48.27151236,0,-0.013657328,149.0822449,359.7427679,-0.017000001,-1.530000083,-0.595000032,-0.00994555,0.13372168,0.01671521,TRUE
1170,1000_radii_1,1000,L,0,3,48.28817656,0,-0.014254759,149.2153168,359.7311241,-0.02,-1.79999996,-0.699999984,-0.011643807,0.133072088,0.016634011,TRUE
1171,1000_radii_1,1000,L,0,3,48.30479548,0,-0.014879664,149.3484802,359.7183071,-0.022,-1.979999989,-0.769999996,-0.012817021,0.133163852,0.016645481,TRUE
1172,1000_radii_1,1000,L,0,3,48.32156291,0,-0.015538169,149.4824219,359.7042435,-0.024,-2.160000019,-0.840000007,-0.014063597,0.133939015,0.016742377,TRUE
1173,1000_radii_1,1000,L,0,3,48.33811874,0,-0.016222956,149.6150818,359.6897336,-0.025,-2.250000034,-0.875000013,-0.014509859,0.132661566,0.016582696,TRUE
1174,1000_radii_1,1000,L,0,3,48.35487742,0,-0.016949013,149.7491608,359.6744821,-0.026000001,-2.340000048,-0.910000019,-0.015251495,0.134079076,0.016759884,TRUE
1175,1000_radii_1,1000,L,0,3,48.37148245,0,-0.017702885,149.8818512,359.6588078,-0.027000001,-2.430000063,-0.945000025,-0.015674356,0.132692958,0.01658662,TRUE
1176,1000_radii_1,1000,L,0,3,48.3881394,0,-0.018497271,150.0152435,359.6424662,-0.028000001,-2.520000078,-0.98000003,-0.016341563,0.133400506,0.016675063,TRUE
1177,1000_radii_1,1000,L,0,3,48.40477341,0,-0.019326042,150.148056,359.6261965,-0.028000001,-2.520000078,-0.98000003,-0.016269679,0.1328137,0.016601713,TRUE
1178,1000_radii_1,1000,L,0,3,48.42147172,0,-0.02019782,150.2816772,359.6098274,-0.028000001,-2.520000078,-0.98000003,-0.016369074,0.133625086,0.016703136,TRUE
1179,1000_radii_1,1000,L,0,3,48.4381015,0,-0.021101227,150.4143372,359.5935761,-0.028000001,-2.520000078,-0.98000003,-0.016251338,0.13266398,0.016582998,TRUE
1180,1000_radii_1,1000,L,0,3,48.45473249,0,-0.022047676,150.54776,359.5772313,-0.028000001,-2.520000078,-0.98000003,-0.016344816,0.133427069,0.016678384,TRUE
1181,1000_radii_1,1000,L,0,3,48.47150385,0,-0.023039224,150.6821442,359.5607696,-0.028000001,-2.520000078,-0.98000003,-0.016461664,0.134380931,0.016797616,TRUE
1182,1000_radii_1,1000,L,0,3,48.48806572,0,-0.024054477,150.8145752,359.5445461,-0.028000001,-2.520000078,-0.98000003,-0.016223531,0.132436986,0.016554623,TRUE
1183,1000_radii_1,1000,L,0,3,48.50479934,0,-0.025116635,150.9481964,359.5281776,-0.028000001,-2.520000078,-0.98000003,-0.016368482,0.133620256,0.016702532,TRUE
1184,1000_radii_1,1000,L,0,3,48.52141132,0,-0.026211418,151.081131,359.5118917,-0.028000001,-2.520000078,-0.98000003,-0.016285949,0.132946516,0.016618315,TRUE
1185,1000_radii_1,1000,L,0,3,48.53803325,0,-0.027345942,151.2143097,359.4955776,-0.028000001,-2.520000078,-0.98000003,-0.016314051,0.133175926,0.016646991,TRUE
1186,1000_radii_1,1000,L,0,3,48.55474333,0,-0.02852302,151.3480072,359.4791991,-0.028000001,-2.520000078,-0.98000003,-0.01637854,0.133702361,0.016712795,TRUE
1187,1000_radii_1,1000,L,0,3,48.57139636,0,-0.029731929,151.4810028,359.4629067,-0.028000001,-2.520000078,-0.98000003,-0.016292457,0.132999643,0.016624955,TRUE
1188,1000_radii_1,1000,L,0,3,48.58805391,0,-0.030982981,151.6144562,359.4465576,-0.028000001,-2.520000078,-0.98000003,-0.016348958,0.133460877,0.01668261,TRUE
1189,1000_radii_1,1000,L,0,3,48.60473411,0,-0.03227197,151.7478943,359.4302105,-0.028000001,-2.520000078,-0.98000003,-0.016347183,0.133446388,0.016680799,TRUE
1190,1000_radii_1,1000,L,0,3,48.62143664,0,-0.033596728,151.8811035,359.4138917,-0.028000001,-2.520000078,-0.98000003,-0.016318785,0.133214564,0.01665182,TRUE
1191,1000_radii_1,1000,L,0,3,48.6380942,0,-0.034963921,152.0147552,359.3975191,-0.028000001,-2.520000078,-0.98000003,-0.016372623,0.133654064,0.016706758,TRUE
1192,1000_radii_1,1000,L,0,3,48.65480639,0,-0.036369838,152.1484528,359.3811402,-0.028000001,-2.520000078,-0.98000003,-0.016378836,0.133704776,0.016713097,TRUE
1193,1000_radii_1,1000,L,0,3,48.67139874,0,-0.037800673,152.2809143,359.3649123,-0.028000001,-2.520000078,-0.98000003,-0.016227968,0.132473208,0.016559151,TRUE
1194,1000_radii_1,1000,L,0,3,48.68801706,0,-0.039276868,152.414093,359.3485976,-0.028000001,-2.520000078,-0.98000003,-0.016314643,0.133180756,0.016647594,TRUE
1195,1000_radii_1,1000,L,0,3,48.70474314,0,-0.040799163,152.5479889,359.3321949,-0.028000001,-2.520000078,-0.98000003,-0.016402797,0.133900378,0.016737547,TRUE
1196,1000_radii_1,1000,L,0,3,48.72134153,0,-0.042346898,152.6807709,359.3159275,-0.028000001,-2.520000078,-0.98000003,-0.016267312,0.132794382,0.016599298,TRUE
1197,1000_radii_1,1000,L,0,3,48.73809628,0,-0.0439445,152.8145752,359.2995355,-0.028000001,-2.520000078,-0.98000003,-0.016392147,0.133813443,0.01672668,TRUE
1198,1000_radii_1,1000,L,0,3,48.75476108,0,-0.045576457,152.9480591,359.2831826,-0.028000001,-2.520000078,-0.98000003,-0.016352804,0.13349227,0.016686534,TRUE
1199,1000_radii_1,1000,L,0,3,48.77143343,0,-0.047245122,153.0814362,359.2668434,-0.028000001,-2.520000078,-0.98000003,-0.016339196,0.133381187,0.016672648,TRUE
1200,1000_radii_1,1000,L,0,3,48.78804812,0,-0.048943415,153.2141571,359.2505847,-0.028000001,-2.520000078,-0.98000003,-0.016258734,0.132724351,0.016590544,TRUE
1201,1000_radii_1,1000,L,0,3,48.80477027,0,-0.050696015,153.3481445,359.2347563,-0.027000001,-2.430000063,-0.945000025,-0.015828393,0.133996971,0.016749621,TRUE
1202,1000_radii_1,1000,L,0,3,48.82136685,0,-0.052467246,153.4807587,359.2190904,-0.027000001,-2.430000063,-0.945000025,-0.015665799,0.132620513,0.016577564,TRUE
1203,1000_radii_1,1000,L,0,3,48.83801143,0,-0.054284375,153.6140747,359.2039244,-0.026000001,-2.340000048,-0.910000019,-0.015166067,0.133328061,0.016666008,TRUE
1204,1000_radii_1,1000,L,0,3,48.85476497,0,-0.05614223,153.7477875,359.1887138,-0.026000001,-2.340000048,-0.910000019,-0.015210567,0.133719265,0.016714908,TRUE
1205,1000_radii_1,1000,L,0,3,48.87144306,0,-0.05803575,153.8815002,359.1746721,-0.024,-2.160000019,-0.840000007,-0.014041791,0.133731339,0.016716417,TRUE
1206,1000_radii_1,1000,L,0,3,48.88801941,0,-0.059942074,154.0138245,359.1607758,-0.024,-2.160000019,-0.840000007,-0.013896248,0.132345222,0.016543153,TRUE
1207,1000_radii_1,1000,L,0,3,48.90480224,0,-0.06191247,154.1483307,359.1472389,-0.023,-2.070000004,-0.805000002,-0.013536904,0.134528236,0.016816029,TRUE
1208,1000_radii_1,1000,L,0,3,48.92141784,0,-0.06388744,154.2810211,359.135047,-0.021,-1.889999975,-0.73499999,-0.012191831,0.132700203,0.016587525,TRUE
1209,1000_radii_1,1000,L,0,3,48.93812097,0,-0.065907992,154.414856,359.1239208,-0.018999999,-1.709999945,-0.664999979,-0.011126253,0.133849666,0.016731208,TRUE
1210,1000_radii_1,1000,L,0,3,48.9548066,0,-0.067948632,154.5483093,359.1134106,-0.017999999,-1.61999993,-0.629999973,-0.010510234,0.133463292,0.016682911,TRUE
1211,1000_radii_1,1000,L,0,3,48.97149223,0,-0.070012026,154.6816406,359.1034925,-0.017000001,-1.530000083,-0.595000032,-0.009918071,0.133352209,0.016669026,TRUE
1212,1000_radii_1,1000,L,0,3,48.98808368,0,-0.072091363,154.8145142,359.0941898,-0.016000001,-1.440000068,-0.560000027,-0.009302707,0.132895805,0.016611976,TRUE
1213,1000_radii_1,1000,L,0,3,49.00478138,0,-0.074194223,154.9475098,359.0854604,-0.015,-1.34999997,-0.524999988,-0.008729369,0.133018962,0.01662737,TRUE
1214,1000_radii_1,1000,L,0,3,49.02143199,0,-0.076329254,155.0812531,359.0772672,-0.014,-1.260000039,-0.490000015,-0.008193115,0.133765147,0.016720643,TRUE
1215,1000_radii_1,1000,L,0,3,49.03803491,0,-0.078467079,155.2139893,359.0691363,-0.014,-1.260000039,-0.490000015,-0.008130994,0.132750915,0.016593864,TRUE
1216,1000_radii_1,1000,L,0,3,49.05478423,0,-0.080643944,155.3479614,359.0609291,-0.014,-1.260000039,-0.490000015,-0.008207167,0.133994556,0.01674932,TRUE
1217,1000_radii_1,1000,L,0,3,49.07140104,0,-0.082816094,155.480484,359.0528113,-0.014,-1.260000039,-0.490000015,-0.00811783,0.132535994,0.016566999,TRUE
1218,1000_radii_1,1000,L,0,3,49.08805558,0,-0.085026219,155.6141663,359.0446224,-0.014,-1.260000039,-0.490000015,-0.008188974,0.133697531,0.016712191,TRUE
1219,1000_radii_1,1000,L,0,3,49.10478739,0,-0.087258153,155.7480011,359.0364233,-0.014,-1.260000039,-0.490000015,-0.008198884,0.133859325,0.016732416,TRUE
1220,1000_radii_1,1000,L,0,3,49.12140208,0,-0.089486212,155.8804779,359.0283085,-0.014,-1.260000039,-0.490000015,-0.00811502,0.132490112,0.016561264,TRUE
1221,1000_radii_1,1000,L,0,3,49.13806356,0,-0.091749534,156.013916,359.0201339,-0.014,-1.260000039,-0.490000015,-0.008174627,0.133463292,0.016682911,TRUE
1222,1000_radii_1,1000,L,0,3,49.15480594,0,-0.09404321,156.1480255,359.0119187,-0.014,-1.260000039,-0.490000015,-0.008215154,0.134124958,0.01676562,TRUE
1223,1000_radii_1,1000,L,0,3,49.17140825,0,-0.096334964,156.280899,359.0037786,-0.014,-1.260000039,-0.490000015,-0.008140016,0.13289822,0.016612277,TRUE
1224,1000_radii_1,1000,L,0,3,49.18807667,0,-0.098649584,156.4140015,358.9956245,-0.014,-1.260000039,-0.490000015,-0.008154068,0.133127629,0.016640954,TRUE
1225,1000_radii_1,1000,L,0,3,49.2047454,0,-0.100981668,156.5470276,358.9874755,-0.014,-1.260000039,-0.490000015,-0.008148891,0.13304311,0.016630389,TRUE
1226,1000_radii_1,1000,L,0,3,49.22138816,0,-0.103342354,156.680603,358.9792931,-0.014,-1.260000039,-0.490000015,-0.008182466,0.133591278,0.01669891,TRUE
1227,1000_radii_1,1000,L,0,3,49.23804783,0,-0.105709597,156.8134766,358.9711537,-0.014,-1.260000039,-0.490000015,-0.008139425,0.13288856,0.01661107,TRUE
1228,1000_radii_1,1000,L,0,3,49.25468396,0,-0.108106121,156.9469299,358.9629788,-0.014,-1.260000039,-0.490000015,-0.008174923,0.133468122,0.016683515,TRUE
1229,1000_radii_1,1000,L,0,3,49.27140219,0,-0.11052689,157.080658,358.9547863,-0.014,-1.260000039,-0.490000015,-0.008192524,0.133755487,0.016719436,TRUE
1230,1000_radii_1,1000,L,0,3,49.28805612,0,-0.112950921,157.2135162,358.946647,-0.014,-1.260000039,-0.490000015,-0.008139277,0.132886145,0.016610768,TRUE
1231,1000_radii_1,1000,L,0,3,49.30471579,0,-0.115403861,157.3469238,358.9384744,-0.014,-1.260000039,-0.490000015,-0.008172704,0.133431899,0.016678987,TRUE
1232,1000_radii_1,1000,L,0,3,49.32140081,0,-0.117880076,157.4805603,358.9302876,-0.014,-1.260000039,-0.490000015,-0.008186755,0.133661309,0.016707664,TRUE
1233,1000_radii_1,1000,L,0,3,49.33804599,0,-0.120366149,157.6137085,358.9221312,-0.014,-1.260000039,-0.490000015,-0.008156434,0.133166267,0.016645783,TRUE
1234,1000_radii_1,1000,L,0,3,49.35483878,0,-0.122882299,157.7474365,358.9139384,-0.014,-1.260000039,-0.490000015,-0.008192672,0.133757902,0.016719738,TRUE
1235,1000_radii_1,1000,L,0,3,49.37134752,0,-0.125396699,157.8800659,358.9058133,-0.014,-1.260000039,-0.490000015,-0.008125225,0.132656736,0.016582092,TRUE
1236,1000_radii_1,1000,L,0,3,49.38803496,0,-0.127947107,158.0135956,358.8976327,-0.014,-1.260000039,-0.490000015,-0.008180395,0.133557471,0.016694684,TRUE
1237,1000_radii_1,1000,L,0,3,49.40482744,0,-0.130522206,158.1474152,358.8894345,-0.014,-1.260000039,-0.490000015,-0.008198292,0.133849666,0.016731208,TRUE
1238,1000_radii_1,1000,L,0,3,49.42139082,0,-0.133098766,158.2803345,358.8812922,-0.014,-1.260000039,-0.490000015,-0.008142383,0.132936857,0.016617107,TRUE
1239,1000_radii_1,1000,L,0,3,49.4380197,0,-0.135696143,158.4133453,358.8731438,-0.014,-1.260000039,-0.490000015,-0.008148447,0.133035865,0.016629483,TRUE
1240,1000_radii_1,1000,L,0,3,49.45471469,0,-0.138318226,158.5466461,358.8649772,-0.014,-1.260000039,-0.490000015,-0.008166492,0.133330476,0.016666309,TRUE
1241,1000_radii_1,1000,L,0,3,49.47133028,0,-0.140952095,158.6795807,358.8568331,-0.014,-1.260000039,-0.490000015,-0.008144158,0.132965835,0.016620729,TRUE
1242,1000_radii_1,1000,L,0,3,49.48811009,0,-0.143633902,158.8139801,358.8485998,-0.014,-1.260000039,-0.490000015,-0.008233347,0.134421983,0.016802748,TRUE
1243,1000_radii_1,1000,L,0,3,49.5047758,0,-0.14629887,158.946579,358.8404765,-0.014,-1.260000039,-0.490000015,-0.008123155,0.132622928,0.016577866,TRUE
1244,1000_radii_1,1000,L,0,3,49.52148769,0,-0.149008304,159.0804443,358.8328615,-0.013,-1.170000024,-0.455000009,-0.007615035,0.133890718,0.01673634,TRUE
1245,1000_radii_1,1000,L,0,3,49.53808276,0,-0.151712164,159.2131653,358.8253117,-0.013,-1.170000024,-0.455000009,-0.007549796,0.13274367,0.016592959,TRUE
1246,1000_radii_1,1000,L,0,3,49.55477986,0,-0.154450983,159.3467407,358.8177135,-0.013,-1.170000024,-0.455000009,-0.007598279,0.133596108,0.016699514,TRUE
1247,1000_radii_1,1000,L,0,3,49.57138006,0,-0.157202527,159.480072,358.8107122,-0.012,-1.080000009,-0.420000004,-0.007001118,0.133354624,0.016669328,TRUE
1248,1000_radii_1,1000,L,0,3,49.58810644,0,-0.159974784,159.6136169,358.8037001,-0.012,-1.080000009,-0.420000004,-0.007012274,0.13356713,0.016695891,TRUE
1249,1000_radii_1,1000,L,0,3,49.60491069,0,-0.162769526,159.7474518,358.797258,-0.011,-0.989999995,-0.384999998,-0.006442096,0.13386174,0.016732718,TRUE
1250,1000_radii_1,1000,L,0,3,49.62137265,0,-0.165544495,159.8796234,358.7908957,-0.011,-0.989999995,-0.384999998,-0.006362257,0.132202746,0.016525343,TRUE
1251,1000_radii_1,1000,L,0,3,49.63806371,0,-0.168368697,160.0134277,358.7850401,-0.01,-0.89999998,-0.349999992,-0.0058555,0.133840007,0.016730001,TRUE
1252,1000_radii_1,1000,L,0,3,49.6546778,0,-0.171184033,160.1461792,358.7792311,-0.01,-0.89999998,-0.349999992,-0.005809015,0.132777478,0.016597185,TRUE
1253,1000_radii_1,1000,L,0,3,49.67141746,0,-0.174039841,160.2801971,358.7739532,-0.009,-0.809999965,-0.314999986,-0.005278032,0.134045268,0.016755658,TRUE
1254,1000_radii_1,1000,L,0,3,49.68809735,0,-0.176885992,160.4131775,358.7692976,-0.008,-0.720000034,-0.280000013,-0.004655579,0.133016547,0.016627068,TRUE
1255,1000_radii_1,1000,L,0,3,49.70482856,0,-0.179770321,160.5474396,358.765185,-0.007,-0.630000019,-0.245000008,-0.00411268,0.134291581,0.016786448,TRUE
1256,1000_radii_1,1000,L,0,3,49.72697293,0,-0.183587581,160.7245331,358.7613101,-0.005,-0.44999999,-0.174999996,-0.003874842,0.177135645,0.022141956,TRUE
1257,1000_radii_1,1000,L,0,3,49.73806821,0,-0.185506135,160.8132629,358.7593687,-0.005,-0.44999999,-0.174999996,-0.001941409,0.088750143,0.011093768,TRUE
1258,1000_radii_1,1000,L,0,3,49.75489722,0,-0.188405156,160.9471283,358.7570254,-0.004,-0.360000017,-0.140000007,-0.002343172,0.133895548,0.016736943,TRUE
1259,1000_radii_1,1000,L,0,3,49.77146935,0,-0.191283777,161.0798035,358.7558644,-0.002,-0.180000009,-0.070000003,-0.001161148,0.132702618,0.016587827,TRUE
1260,1000_radii_1,1000,L,0,3,49.78808434,0,-0.194183603,161.2133331,358.7552799,-0.001,-0.090000004,-0.035000002,-0.000584303,0.133555056,0.016694382,TRUE
1261,1000_radii_1,1000,L,0,3,49.80479321,0,-0.197087362,161.3469696,358.7558649,0.001,0.090000004,0.035000002,0.000584821,0.133673383,0.016709173,TRUE
1262,1000_radii_1,1000,L,0,3,49.82144232,0,-0.199968621,161.4796448,358.757026,0.002,0.180000009,0.070000003,0.001161127,0.132700203,0.016587525,TRUE
1263,1000_radii_1,1000,L,0,3,49.83800298,0,-0.202853695,161.6126099,358.7587715,0.003,0.270000002,0.105000001,0.00174562,0.132999643,0.016624955,TRUE
1264,1000_radii_1,1000,L,0,3,49.85471396,0,-0.205747887,161.7461853,358.7605251,0.003,0.270000002,0.105000001,0.001753607,0.133608182,0.016701023,TRUE
1265,1000_radii_1,1000,L,0,3,49.87133197,0,-0.208623677,161.8791046,358.7622702,0.003,0.270000002,0.105000001,0.001744923,0.132946516,0.016618315,TRUE
1266,1000_radii_1,1000,L,0,3,49.88801489,0,-0.211501583,162.0122986,358.7640189,0.003,0.270000002,0.105000001,0.001748663,0.133231467,0.016653933,TRUE
1267,1000_radii_1,1000,L,0,3,49.90479499,0,-0.214399487,162.1466217,358.7657821,0.003,0.270000002,0.105000001,0.001763306,0.134347123,0.01679339,TRUE
1268,1000_radii_1,1000,L,0,3,49.92144259,0,-0.217271984,162.279953,358.7663655,0.001,0.090000004,0.035000002,0.000583448,0.133359454,0.016669932,TRUE
1269,1000_radii_1,1000,L,0,3,49.93795163,0,-0.220111921,162.4118347,358.7669427,0.001,0.090000004,0.035000002,0.000577109,0.131910551,0.016488819,TRUE
1270,1000_radii_1,1000,L,0,3,49.95474381,0,-0.223006397,162.5463104,358.7663542,-0.001,-0.090000004,-0.035000002,-0.000588466,0.134506502,0.016813313,TRUE
1271,1000_radii_1,1000,L,0,3,49.9715034,0,-0.225866586,162.6791229,358.7646104,-0.003,-0.270000002,-0.105000001,-0.001743655,0.132849923,0.01660624,TRUE
1272,1000_radii_1,1000,L,0,3,49.9880541,0,-0.228747591,162.8127136,358.7622721,-0.004,-0.360000017,-0.140000007,-0.002338481,0.133627501,0.016703438,TRUE
1273,1000_radii_1,1000,L,0,3,50.00475301,0,-0.231620118,162.9456635,358.7593631,-0.005,-0.44999999,-0.174999996,-0.002908997,0.132982739,0.016622842,TRUE
1274,1000_radii_1,1000,L,0,3,50.0213686,0,-0.23450467,163.0788574,358.7564487,-0.005,-0.44999999,-0.174999996,-0.002914333,0.133226638,0.01665333,TRUE
1275,1000_radii_1,1000,L,0,3,50.03799658,0,-0.237398043,163.2121429,358.7535323,-0.005,-0.44999999,-0.174999996,-0.002916393,0.133320816,0.016665102,TRUE
1276,1000_radii_1,1000,L,0,3,50.05472809,0,-0.240308717,163.3459167,358.7506055,-0.005,-0.44999999,-0.174999996,-0.002926958,0.133803784,0.016725473,TRUE
1277,1000_radii_1,1000,L,0,3,50.071427,0,-0.243212849,163.4790802,358.7476919,-0.005,-0.44999999,-0.174999996,-0.00291354,0.133190415,0.016648802,TRUE
1278,1000_radii_1,1000,L,0,3,50.08801241,0,-0.246121421,163.6121368,358.7447805,-0.005,-0.44999999,-0.174999996,-0.002911216,0.133084162,0.01663552,TRUE
1279,1000_radii_1,1000,L,0,3,50.10471223,0,-0.249048024,163.745697,358.7418582,-0.005,-0.44999999,-0.174999996,-0.002922468,0.133598523,0.016699815,TRUE
1280,1000_radii_1,1000,L,0,3,50.12133597,0,-0.251963139,163.8784332,358.7389538,-0.005,-0.44999999,-0.174999996,-0.002904243,0.132765404,0.016595675,TRUE
1281,1000_radii_1,1000,L,0,3,50.13807382,0,-0.254916549,164.0126038,358.7354312,-0.006,-0.540000005,-0.210000002,-0.003522745,0.134199818,0.016774977,TRUE
1282,1000_radii_1,1000,L,0,3,50.15468218,0,-0.257848799,164.1454315,358.7319435,-0.006,-0.540000005,-0.210000002,-0.003487754,0.132866827,0.016608353,TRUE
1283,1000_radii_1,1000,L,0,3,50.17139165,0,-0.260806978,164.279068,358.7278497,-0.007,-0.630000019,-0.245000008,-0.004093747,0.133673383,0.016709173,TRUE
1284,1000_radii_1,1000,L,0,3,50.18809328,0,-0.26377365,164.4126587,358.7231728,-0.008,-0.720000034,-0.280000013,-0.004676878,0.133625086,0.016703136,TRUE
1285,1000_radii_1,1000,L,0,3,50.2048109,0,-0.266738772,164.5457001,358.7173511,-0.01,-0.89999998,-0.349999992,-0.005821692,0.133067258,0.016633407,TRUE
1286,1000_radii_1,1000,L,0,3,50.22138665,0,-0.269722074,164.6789398,358.7109373,-0.011,-0.989999995,-0.384999998,-0.006413856,0.133274934,0.016659367,TRUE
1287,1000_radii_1,1000,L,0,3,50.23806142,0,-0.272723168,164.8123016,358.7033499,-0.013,-1.170000024,-0.455000009,-0.007587291,0.133402921,0.016675365,TRUE
1288,1000_radii_1,1000,L,0,3,50.25473859,0,-0.275742084,164.9456787,358.694595,-0.015,-1.34999997,-0.524999988,-0.008755042,0.133410165,0.016676271,TRUE
1289,1000_radii_1,1000,L,0,3,50.27137411,0,-0.278773904,165.0787201,358.684697,-0.017000001,-1.530000083,-0.595000032,-0.009897956,0.133081747,0.016635218,TRUE
1290,1000_radii_1,1000,L,0,3,50.28805069,0,-0.281836122,165.2120972,358.6730241,-0.02,-1.79999996,-0.699999984,-0.011672967,0.133405336,0.016675667,TRUE
1291,1000_radii_1,1000,L,0,3,50.30475503,0,-0.284915298,165.3450317,358.660808,-0.021,-1.889999975,-0.73499999,-0.012216014,0.13296342,0.016620428,TRUE
1292,1000_radii_1,1000,L,0,3,50.32140534,0,-0.288031548,165.4783325,358.6473908,-0.023,-2.070000004,-0.805000002,-0.013417108,0.13333772,0.016667215,TRUE
1293,1000_radii_1,1000,L,0,3,50.33797415,0,-0.29117161,165.6113129,358.6340054,-0.023,-2.070000004,-0.805000002,-0.013385519,0.133023791,0.016627974,TRUE
1294,1000_radii_1,1000,L,0,3,50.35465344,0,-0.294346243,165.7444458,358.6206049,-0.023,-2.070000004,-0.805000002,-0.013400342,0.133171096,0.016646387,TRUE
1295,1000_radii_1,1000,L,0,3,50.37128956,0,-0.297557771,165.8778229,358.6071806,-0.023,-2.070000004,-0.805000002,-0.013424398,0.133410165,0.016676271,TRUE
1296,1000_radii_1,1000,L,0,3,50.38802711,0,-0.30081287,166.0117035,358.5937052,-0.023,-2.070000004,-0.805000002,-0.013475426,0.133917282,0.01673966,TRUE
1297,1000_radii_1,1000,L,0,3,50.40466867,0,-0.304065794,166.1442108,358.5803678,-0.023,-2.070000004,-0.805000002,-0.013337406,0.132545653,0.016568207,TRUE
1298,1000_radii_1,1000,L,0,3,50.4213706,0,-0.307384163,166.2781067,358.5668899,-0.023,-2.070000004,-0.805000002,-0.013477856,0.13394143,0.016742679,TRUE
1299,1000_radii_1,1000,L,0,3,50.43799495,0,-0.310716689,166.4113159,358.5534817,-0.023,-2.070000004,-0.805000002,-0.013408117,0.133248371,0.016656046,TRUE
1300,1000_radii_1,1000,L,0,3,50.45477717,0,-0.314096361,166.5451508,358.54001,-0.023,-2.070000004,-0.805000002,-0.013471782,0.133881059,0.016735132,TRUE
1301,1000_radii_1,1000,L,0,3,50.47136952,0,-0.317488194,166.6782379,358.5271969,-0.022,-1.979999989,-0.769999996,-0.012813069,0.1331228,0.01664035,TRUE
1302,1000_radii_1,1000,L,0,3,50.48801319,0,-0.320894808,166.81073,358.5144399,-0.022,-1.979999989,-0.769999996,-0.012757054,0.132540824,0.016567603,TRUE
1303,1000_radii_1,1000,L,0,3,50.50473354,0,-0.324364483,166.944519,358.5015583,-0.022,-1.979999989,-0.769999996,-0.012881636,0.133835177,0.016729397,TRUE
1304,1000_radii_1,1000,L,0,3,50.52134159,0,-0.327850908,167.0778046,358.4887257,-0.022,-1.979999989,-0.769999996,-0.012832593,0.133325646,0.016665706,TRUE
1305,1000_radii_1,1000,L,0,3,50.53798013,0,-0.331361532,167.2108765,358.4759138,-0.022,-1.979999989,-0.769999996,-0.012811907,0.133110725,0.016638841,TRUE
1306,1000_radii_1,1000,L,0,3,50.55470318,0,-0.334908843,167.3442078,358.4630768,-0.022,-1.979999989,-0.769999996,-0.01283701,0.133371528,0.016671441,TRUE
1307,1000_radii_1,1000,L,0,3,50.57129373,0,-0.338479668,167.4772949,358.4502625,-0.022,-1.979999989,-0.769999996,-0.012814232,0.133134874,0.016641859,TRUE
1308,1000_radii_1,1000,L,0,3,50.58802765,0,-0.342102081,167.6111908,358.4373707,-0.022,-1.979999989,-0.769999996,-0.012891863,0.13394143,0.016742679,TRUE
1309,1000_radii_1,1000,L,0,3,50.60465925,0,-0.345722139,167.7438965,358.4245934,-0.022,-1.979999989,-0.769999996,-0.012777275,0.132750915,0.016593864,TRUE
1310,1000_radii_1,1000,L,0,3,50.62134699,0,-0.349401027,167.877655,358.4122993,-0.021,-1.889999975,-0.73499999,-0.01229411,0.133813443,0.01672668,TRUE
1311,1000_radii_1,1000,L,0,3,50.63800666,0,-0.353085458,168.0105743,358.400082,-0.021,-1.889999975,-0.73499999,-0.012217345,0.132977909,0.016622239,TRUE
1312,1000_radii_1,1000,L,0,3,50.65468082,0,-0.35681805,168.1442108,358.3883842,-0.02,-1.79999996,-0.699999984,-0.011697689,0.133687872,0.016710984,TRUE
1313,1000_radii_1,1000,L,0,3,50.67148477,0,-0.360597074,168.2785339,358.3772148,-0.018999999,-1.709999945,-0.664999979,-0.011169411,0.134368856,0.016796107,TRUE
1314,1000_radii_1,1000,L,0,3,50.68813056,0,-0.364368975,168.4116669,358.3667259,-0.017999999,-1.61999993,-0.629999973,-0.010488935,0.13319283,0.016649104,TRUE
1315,1000_radii_1,1000,L,0,3,50.70480381,0,-0.368155271,168.5444489,358.3574268,-0.016000001,-1.440000068,-0.560000027,-0.009298988,0.132842678,0.016605335,TRUE
1316,1000_radii_1,1000,L,0,3,50.72133247,0,-0.371961594,168.6771851,358.3487124,-0.015,-1.34999997,-0.524999988,-0.008714314,0.132789552,0.016598694,TRUE
1317,1000_radii_1,1000,L,0,3,50.73812888,0,-0.375833899,168.8115082,358.3410698,-0.013,-1.170000024,-0.455000009,-0.007642778,0.134378516,0.016797314,TRUE
1318,1000_radii_1,1000,L,0,3,50.75467716,0,-0.379666448,168.9438324,358.3346987,-0.011,-0.989999995,-0.384999998,-0.006371089,0.132386274,0.016548284,TRUE
1319,1000_radii_1,1000,L,0,3,50.7713317,0,-0.383538753,169.0770264,358.328869,-0.01,-0.89999998,-0.349999992,-0.005829616,0.133248371,0.016656046,TRUE
1320,1000_radii_1,1000,L,0,3,50.7880285,0,-0.387434214,169.2105408,358.3236096,-0.009,-0.809999965,-0.314999986,-0.005259586,0.133576789,0.016697099,TRUE
1321,1000_radii_1,1000,L,0,3,50.80531361,0,-0.391434461,169.347229,358.3188236,-0.008,-0.720000034,-0.280000013,-0.004785908,0.136740228,0.017092528,TRUE
1322,1000_radii_1,1000,L,0,3,50.82164607,0,-0.395308316,169.4792175,358.3147798,-0.007,-0.630000019,-0.245000008,-0.004043828,0.132043367,0.016505421,TRUE
1323,1000_radii_1,1000,L,0,3,50.83812493,0,-0.399189711,169.611145,358.3113152,-0.006,-0.540000005,-0.210000002,-0.003464554,0.131982996,0.016497874,TRUE
1324,1000_radii_1,1000,L,0,3,50.85474867,0,-0.403099239,169.7437592,358.3078327,-0.006,-0.540000005,-0.210000002,-0.003482493,0.132666395,0.016583299,TRUE
1325,1000_radii_1,1000,L,0,3,50.87136156,0,-0.407031149,169.8768463,358.3043375,-0.006,-0.540000005,-0.210000002,-0.003495234,0.133151778,0.016643972,TRUE
1326,1000_radii_1,1000,L,0,3,50.88798711,0,-0.410966903,170.0097961,358.300846,-0.006,-0.540000005,-0.210000002,-0.003491431,0.133006887,0.016625861,TRUE
1327,1000_radii_1,1000,L,0,3,50.90465946,0,-0.414915979,170.1429138,358.2973499,-0.006,-0.540000005,-0.210000002,-0.003496058,0.133183171,0.016647896,TRUE
1328,1000_radii_1,1000,L,0,3,50.92130887,0,-0.418879211,170.2762451,358.2938486,-0.006,-0.540000005,-0.210000002,-0.003501383,0.133386017,0.016673252,TRUE
1329,1000_radii_1,1000,L,0,3,50.93806634,0,-0.422855347,170.409729,358.290343,-0.006,-0.540000005,-0.210000002,-0.003505567,0.133545396,0.016693175,TRUE
1330,1000_radii_1,1000,L,0,3,50.95490531,0,-0.426870763,170.5442505,358.2868102,-0.006,-0.540000005,-0.210000002,-0.003532951,0.134588607,0.016823576,TRUE
1331,1000_radii_1,1000,L,0,3,50.97144454,0,-0.430840462,170.6769714,358.2833246,-0.006,-0.540000005,-0.210000002,-0.003485536,0.132782307,0.016597788,TRUE
1332,1000_radii_1,1000,L,0,3,50.98813409,0,-0.434842557,170.8105011,358.2798178,-0.006,-0.540000005,-0.210000002,-0.003506834,0.133593693,0.016699212,TRUE
1333,1000_radii_1,1000,L,0,3,51.00483753,0,-0.438856065,170.9441376,358.2757231,-0.007,-0.630000019,-0.245000008,-0.004094635,0.133702361,0.016712795,TRUE
1334,1000_radii_1,1000,L,0,3,51.0215307,0,-0.442872375,171.0775604,358.2716354,-0.007,-0.630000019,-0.245000008,-0.004087757,0.133477781,0.016684723,TRUE
1335,1000_radii_1,1000,L,0,3,51.03830145,0,-0.446912915,171.2114716,358.2669466,-0.008,-0.720000034,-0.280000013,-0.004688795,0.133965578,0.016745697,TRUE
1336,1000_radii_1,1000,L,0,3,51.05475012,0,-0.450900525,171.3432617,358.2617549,-0.009,-0.809999965,-0.314999986,-0.005191696,0.131852595,0.016481574,TRUE
1337,1000_radii_1,1000,L,0,3,51.07132316,0,-0.454923511,171.4758301,358.2559524,-0.01,-0.89999998,-0.349999992,-0.005802359,0.132625343,0.016578168,TRUE
1338,1000_radii_1,1000,L,0,3,51.08790495,0,-0.458961755,171.6084595,358.2501476,-0.01,-0.89999998,-0.349999992,-0.005805,0.132685714,0.016585714,TRUE
1339,1000_radii_1,1000,L,0,3,51.10468596,0,-0.463054061,171.7424164,358.2442843,-0.01,-0.89999998,-0.349999992,-0.005863213,0.13401629,0.016752036,TRUE
1340,1000_radii_1,1000,L,0,3,51.12133024,0,-0.4671413,171.8757629,358.2384479,-0.01,-0.89999998,-0.349999992,-0.005836378,0.133402921,0.016675365,TRUE
1341,1000_radii_1,1000,L,0,3,51.13805631,0,-0.471248806,172.0093231,358.2320174,-0.011,-0.989999995,-0.384999998,-0.006430475,0.133620256,0.016702532,TRUE
1342,1000_radii_1,1000,L,0,3,51.1547018,0,-0.47536093,172.1425476,358.2256031,-0.011,-0.989999995,-0.384999998,-0.006414321,0.133284594,0.016660574,TRUE
1343,1000_radii_1,1000,L,0,3,51.17127121,0,-0.479465455,172.2750397,358.2192239,-0.011,-0.989999995,-0.384999998,-0.006379341,0.132557727,0.016569716,TRUE
1344,1000_radii_1,1000,L,0,3,51.18799457,0,-0.483613253,172.4084473,358.2128003,-0.011,-0.989999995,-0.384999998,-0.006423502,0.133475366,0.016684421,TRUE
1345,1000_radii_1,1000,L,0,3,51.2047457,0,-0.487786859,172.5422058,358.2063601,-0.011,-0.989999995,-0.384999998,-0.006440237,0.133823103,0.016727888,TRUE
1346,1000_radii_1,1000,L,0,3,51.2213133,0,-0.491933018,172.6746063,358.1999851,-0.011,-0.989999995,-0.384999998,-0.006374924,0.132465964,0.016558245,TRUE
1347,1000_radii_1,1000,L,0,3,51.23795365,0,-0.496132672,172.8082428,358.1935508,-0.011,-0.989999995,-0.384999998,-0.00643431,0.133699946,0.016712493,TRUE
1348,1000_radii_1,1000,L,0,3,51.25471897,0,-0.50034529,172.9418182,358.1871195,-0.011,-0.989999995,-0.384999998,-0.006431172,0.133634745,0.016704343,TRUE
1349,1000_radii_1,1000,L,0,3,51.27128446,0,-0.50455308,173.0747681,358.1807185,-0.011,-0.989999995,-0.384999998,-0.006401073,0.133009302,0.016626163,TRUE
1350,1000_radii_1,1000,L,0,3,51.28796194,0,-0.508788824,173.2081299,358.1742978,-0.011,-0.989999995,-0.384999998,-0.006420945,0.13342224,0.01667778,TRUE
1351,1000_radii_1,1000,L,0,3,51.30463429,0,-0.513021171,173.3409119,358.1679045,-0.011,-0.989999995,-0.384999998,-0.00639317,0.132845093,0.016605637,TRUE
1352,1000_radii_1,1000,L,0,3,51.32131841,0,-0.517298818,173.4746399,358.1614654,-0.011,-0.989999995,-0.384999998,-0.006439075,0.133798954,0.016724869,TRUE
1353,1000_radii_1,1000,L,0,3,51.33797324,0,-0.521582246,173.608078,358.1550401,-0.011,-0.989999995,-0.384999998,-0.006425245,0.133511589,0.016688949,TRUE
1354,1000_radii_1,1000,L,0,3,51.35478535,0,-0.525892794,173.7418976,358.1485966,-0.011,-0.989999995,-0.384999998,-0.006443375,0.133888303,0.016736038,TRUE
1355,1000_radii_1,1000,L,0,3,51.37126481,0,-0.530163229,173.8740082,358.1422354,-0.011,-0.989999995,-0.384999998,-0.006361211,0.132181013,0.016522627,TRUE
1356,1000_radii_1,1000,L,0,3,51.38793776,0,-0.534493685,174.0075226,358.1358069,-0.011,-0.989999995,-0.384999998,-0.006428499,0.133579204,0.016697401,TRUE
1357,1000_radii_1,1000,L,0,3,51.40459894,0,-0.538824618,174.1405945,358.1293999,-0.011,-0.989999995,-0.384999998,-0.006407116,0.133134874,0.016641859,TRUE
1358,1000_radii_1,1000,L,0,3,51.42127551,0,-0.54317826,174.2738953,358.1229811,-0.011,-0.989999995,-0.384999998,-0.006418621,0.133373943,0.016671743,TRUE
1359,1000_radii_1,1000,L,0,3,51.43789443,0,-0.547539294,174.4069672,358.1165738,-0.011,-0.989999995,-0.384999998,-0.006407581,0.133144533,0.016643067,TRUE
1360,1000_radii_1,1000,L,0,3,51.45472284,0,-0.55194211,174.540863,358.1101266,-0.011,-0.989999995,-0.384999998,-0.006446977,0.133963163,0.016745395,TRUE
1361,1000_radii_1,1000,L,0,3,51.4712847,0,-0.556324601,174.6736755,358.1037313,-0.011,-0.989999995,-0.384999998,-0.006395262,0.13288856,0.01661107,TRUE
1362,1000_radii_1,1000,L,0,3,51.48802859,0,-0.560761034,174.8076782,358.0972792,-0.011,-0.989999995,-0.384999998,-0.006452207,0.134071831,0.016758979,TRUE
1363,1000_radii_1,1000,L,0,3,51.50467196,0,-0.565186918,174.9409027,358.0908643,-0.011,-0.989999995,-0.384999998,-0.006415018,0.133299083,0.016662385,TRUE
1364,1000_radii_1,1000,L,0,3,51.52131804,0,-0.569603741,175.07341,358.0844839,-0.011,-0.989999995,-0.384999998,-0.006380387,0.132579461,0.016572433,TRUE
1365,1000_radii_1,1000,L,0,3,51.53799914,0,-0.574077725,175.2071838,358.0780424,-0.011,-0.989999995,-0.384999998,-0.006441399,0.133847251,0.016730906,TRUE
1366,1000_radii_1,1000,L,0,3,51.55464191,0,-0.578551412,175.3404999,358.071623,-0.011,-0.989999995,-0.384999998,-0.006419434,0.133390847,0.016673856,TRUE
1367,1000_radii_1,1000,L,0,3,51.57127018,0,-0.583025753,175.4733887,358.0652242,-0.011,-0.989999995,-0.384999998,-0.006398981,0.132965835,0.016620729,TRUE
1368,1000_radii_1,1000,L,0,3,51.58796185,0,-0.587520778,175.6064453,358.0588167,-0.011,-0.989999995,-0.384999998,-0.006407348,0.133139704,0.016642463,TRUE
1369,1000_radii_1,1000,L,0,3,51.60462846,0,-0.592050433,175.740097,358.0523813,-0.011,-0.989999995,-0.384999998,-0.006435356,0.13372168,0.01671521,TRUE
1370,1000_radii_1,1000,L,0,3,51.62132767,0,-0.596592963,175.8736725,358.0459491,-0.011,-0.989999995,-0.384999998,-0.006432334,0.133658894,0.016707362,TRUE
1371,1000_radii_1,1000,L,0,3,51.63798432,0,-0.601126194,176.006546,358.0395509,-0.011,-0.989999995,-0.384999998,-0.006398051,0.132946516,0.016618315,TRUE
1372,1000_radii_1,1000,L,0,3,51.65467961,0,-0.605698049,176.1401062,358.0331193,-0.011,-0.989999995,-0.384999998,-0.006431521,0.13364199,0.016705249,TRUE
1373,1000_radii_1,1000,L,0,3,51.67139633,0,-0.610293269,176.2739105,358.0260904,-0.012,-1.080000009,-0.420000004,-0.007029009,0.133885889,0.016735736,TRUE
1374,1000_radii_1,1000,L,0,3,51.68798597,0,-0.614858329,176.4063721,358.0191324,-0.012,-1.080000009,-0.420000004,-0.006958013,0.132533579,0.016566697,TRUE
1375,1000_radii_1,1000,L,0,3,51.7046731,0,-0.619480669,176.5400238,358.0115267,-0.013,-1.170000024,-0.455000009,-0.007605695,0.133726509,0.016715814,TRUE
1376,1000_radii_1,1000,L,0,3,51.72131647,0,-0.624081075,176.6725311,358.0039861,-0.013,-1.170000024,-0.455000009,-0.007540594,0.132581876,0.016572734,TRUE
1377,1000_radii_1,1000,L,0,3,51.73809236,0,-0.628753662,176.8066101,357.9957693,-0.014,-1.260000039,-0.490000015,-0.008216929,0.134153936,0.016769242,TRUE
1378,1000_radii_1,1000,L,0,3,51.75470977,0,-0.633414209,176.9397888,357.987607,-0.014,-1.260000039,-0.490000015,-0.008162203,0.133260445,0.016657556,TRUE
1379,1000_radii_1,1000,L,0,3,51.77139237,0,-0.638108552,177.0733948,357.979419,-0.014,-1.260000039,-0.490000015,-0.008188087,0.133683042,0.01671038,TRUE
1380,1000_radii_1,1000,L,0,3,51.78794458,0,-0.642778516,177.2057648,357.9713061,-0.014,-1.260000039,-0.490000015,-0.008112505,0.13244906,0.016556132,TRUE
1381,1000_radii_1,1000,L,0,3,51.80462991,0,-0.64748466,177.338623,357.9631636,-0.014,-1.260000039,-0.490000015,-0.008142679,0.132941687,0.016617711,TRUE
1382,1000_radii_1,1000,L,0,3,51.82129652,0,-0.652242362,177.4723969,357.9549646,-0.014,-1.260000039,-0.490000015,-0.008199032,0.13386174,0.016732718,TRUE
1383,1000_radii_1,1000,L,0,3,51.83800781,0,-0.656989038,177.6053314,357.9468174,-0.014,-1.260000039,-0.490000015,-0.008147264,0.133016547,0.016627068,TRUE
1384,1000_radii_1,1000,L,0,3,51.85461616,0,-0.66176337,177.7385101,357.9386554,-0.014,-1.260000039,-0.490000015,-0.008162203,0.133260445,0.016657556,TRUE
1385,1000_radii_1,1000,L,0,3,51.87129454,0,-0.66656661,177.8719635,357.9304762,-0.014,-1.260000039,-0.490000015,-0.008179064,0.133535737,0.016691967,TRUE
1386,1000_radii_1,1000,L,0,3,51.88795995,0,-0.671388149,178.0053864,357.9222982,-0.014,-1.260000039,-0.490000015,-0.008177881,0.133516418,0.016689552,TRUE
1387,1000_radii_1,1000,L,0,3,51.90467908,0,-0.676237524,178.1390533,357.9141059,-0.014,-1.260000039,-0.490000015,-0.008192672,0.133757902,0.016719738,TRUE
1388,1000_radii_1,1000,L,0,3,51.92129045,0,-0.681057572,178.2713928,357.9059944,-0.014,-1.260000039,-0.490000015,-0.008111174,0.132427326,0.016553416,TRUE
1389,1000_radii_1,1000,L,0,3,51.93794107,0,-0.685941637,178.4049683,357.8978074,-0.014,-1.260000039,-0.490000015,-0.008187051,0.133666138,0.016708267,TRUE
1390,1000_radii_1,1000,L,0,3,51.9546765,0,-0.69085294,178.5387726,357.8896067,-0.014,-1.260000039,-0.490000015,-0.008200659,0.133888303,0.016736038,TRUE
1391,1000_radii_1,1000,L,0,3,51.97125316,0,-0.695718646,178.6708069,357.8815136,-0.014,-1.260000039,-0.490000015,-0.008092981,0.132130301,0.016516288,TRUE
1392,1000_radii_1,1000,L,0,3,51.98796897,0,-0.700672686,178.8047333,357.8733053,-0.014,-1.260000039,-0.490000015,-0.008208498,0.13401629,0.016752036,TRUE
1393,1000_radii_1,1000,L,0,3,52.00460751,0,-0.705613434,178.9377747,357.8651505,-0.014,-1.260000039,-0.490000015,-0.008154807,0.133139704,0.016642463,TRUE
1394,1000_radii_1,1000,L,0,3,52.02121436,0,-0.710571229,179.0707703,357.8569987,-0.014,-1.260000039,-0.490000015,-0.008151701,0.133088992,0.016636124,TRUE
1395,1000_radii_1,1000,L,0,3,52.03792655,0,-0.715560675,179.2041016,357.8488262,-0.014,-1.260000039,-0.490000015,-0.008172556,0.133429484,0.016678686,TRUE
1396,1000_radii_1,1000,L,0,3,52.05462998,0,-0.720583618,179.3378296,357.8406301,-0.014,-1.260000039,-0.490000015,-0.008196222,0.133815858,0.016726982,TRUE
1397,1000_radii_1,1000,L,0,3,52.07151303,0,-0.725664437,179.47258,357.8323708,-0.014,-1.260000039,-0.490000015,-0.008259231,0.134844579,0.016855572,TRUE
1398,1000_radii_1,1000,L,0,3,52.08817451,0,-0.730669439,179.6048126,357.8242655,-0.014,-1.260000039,-0.490000015,-0.008104962,0.132325903,0.016540738,TRUE
1399,1000_radii_1,1000,L,0,3,52.10478467,0,-0.735753298,179.7386322,357.8160639,-0.014,-1.260000039,-0.490000015,-0.00820199,0.133910037,0.016738755,TRUE
1400,1000_radii_1,1000,L,0,3,52.12160915,0,-0.740877926,179.8730164,357.8078268,-0.014,-1.260000039,-0.490000015,-0.008236749,0.134477524,0.016809691,TRUE
1401,1000_radii_1,1000,L,0,3,52.1380545,0,-0.745910585,180.0044861,357.7997682,-0.014,-1.260000039,-0.490000015,-0.008058518,0.131567644,0.016445955,TRUE
1402,1000_radii_1,1000,L,0,3,52.15476428,0,-0.751045227,180.1381378,357.7915766,-0.014,-1.260000039,-0.490000015,-0.008191784,0.133743413,0.016717927,TRUE
1403,1000_radii_1,1000,L,0,3,52.17134003,0,-0.756162345,180.2708282,357.7834432,-0.014,-1.260000039,-0.490000015,-0.008133508,0.132791967,0.016598996,TRUE
1404,1000_radii_1,1000,L,0,3,52.18803019,0,-0.761326015,180.4042358,357.7752659,-0.014,-1.260000039,-0.490000015,-0.008177437,0.133509174,0.016688647,TRUE
1405,1000_radii_1,1000,L,0,3,52.20464066,0,-0.766485572,180.5370483,357.7671249,-0.014,-1.260000039,-0.490000015,-0.008140904,0.132912709,0.016614089,TRUE
1406,1000_radii_1,1000,L,0,3,52.22124327,0,-0.77166146,180.6697998,357.7589879,-0.014,-1.260000039,-0.490000015,-0.00813691,0.132847508,0.016605939,TRUE
1407,1000_radii_1,1000,L,0,3,52.23797509,0,-0.776893437,180.8034973,357.7507927,-0.014,-1.260000039,-0.490000015,-0.008195186,0.133798954,0.016724869,TRUE
1408,1000_radii_1,1000,L,0,3,52.25461694,0,-0.782102704,180.9361267,357.7426629,-0.014,-1.260000039,-0.490000015,-0.008129958,0.132734011,0.016591751,TRUE
1409,1000_radii_1,1000,L,0,3,52.27137743,0,-0.787400126,181.0705109,357.7344248,-0.014,-1.260000039,-0.490000015,-0.008237784,0.134494428,0.016811803,TRUE
1410,1000_radii_1,1000,L,0,3,52.28794081,0,-0.792639017,181.2029266,357.7263079,-0.014,-1.260000039,-0.490000015,-0.00811709,0.13252392,0.01656549,TRUE
1411,1000_radii_1,1000,L,0,3,52.30459293,0,-0.797914267,181.3357849,357.7181635,-0.014,-1.260000039,-0.490000015,-0.008144306,0.13296825,0.016621031,TRUE
1412,1000_radii_1,1000,L,0,3,52.3212031,0,-0.803209007,181.4686584,357.7100184,-0.014,-1.260000039,-0.490000015,-0.008145193,0.132982739,0.016622842,TRUE
1413,1000_radii_1,1000,L,0,3,52.33789989,0,-0.8085531,181.6022949,357.7018266,-0.014,-1.260000039,-0.490000015,-0.008191932,0.133745828,0.016718228,TRUE
1414,1000_radii_1,1000,L,0,3,52.35462929,0,-0.813914239,181.7358856,357.6936378,-0.014,-1.260000039,-0.490000015,-0.008188826,0.133695116,0.01671189,TRUE
1415,1000_radii_1,1000,L,0,3,52.37127055,0,-0.819270492,181.8688812,357.6854854,-0.014,-1.260000039,-0.490000015,-0.008152293,0.133098651,0.016637331,TRUE
1416,1000_radii_1,1000,L,0,3,52.38795919,0,-0.824668169,182.0024261,357.677299,-0.014,-1.260000039,-0.490000015,-0.00818646,0.133656479,0.01670706,TRUE
1417,1000_radii_1,1000,L,0,3,52.40459471,0,-0.830058336,182.1353149,357.6691527,-0.014,-1.260000039,-0.490000015,-0.008146228,0.132999643,0.016624955,TRUE
1418,1000_radii_1,1000,L,0,3,52.42131596,0,-0.835486352,182.2686768,357.6609781,-0.014,-1.260000039,-0.490000015,-0.008174775,0.133465707,0.016683213,TRUE
1419,1000_radii_1,1000,L,0,3,52.43796084,0,-0.840929329,182.4019318,357.6528094,-0.014,-1.260000039,-0.490000015,-0.008168711,0.133366698,0.016670837,TRUE
1420,1000_radii_1,1000,L,0,3,52.45454142,0,-0.846369267,182.5346527,357.6446736,-0.014,-1.260000039,-0.490000015,-0.008135727,0.132828189,0.016603524,TRUE
1421,1000_radii_1,1000,L,0,3,52.47128802,0,-0.851858318,182.6681061,357.6364927,-0.014,-1.260000039,-0.490000015,-0.008180839,0.133564715,0.016695589,TRUE
1422,1000_radii_1,1000,L,0,3,52.48785351,0,-0.857330084,182.8006744,357.6283658,-0.014,-1.260000039,-0.490000015,-0.008126852,0.132683299,0.016585412,TRUE
1423,1000_radii_1,1000,L,0,3,52.50465385,0,-0.862902164,182.9352112,357.6201184,-0.014,-1.260000039,-0.490000015,-0.008247546,0.134653807,0.016831726,TRUE
1424,1000_radii_1,1000,L,0,3,52.52128333,0,-0.86842984,183.0682068,357.6119649,-0.014,-1.260000039,-0.490000015,-0.008153476,0.13311797,0.016639746,TRUE
1425,1000_radii_1,1000,L,0,3,52.53794904,0,-0.873959839,183.2008057,357.6038358,-0.014,-1.260000039,-0.490000015,-0.008129071,0.132719522,0.01658994,TRUE
1426,1000_radii_1,1000,L,0,3,52.55456312,0,-0.879538894,183.334137,357.5956621,-0.014,-1.260000039,-0.490000015,-0.008173296,0.133441558,0.016680195,TRUE
1427,1000_radii_1,1000,L,0,3,52.57117419,0,-0.885113657,183.4669037,357.5875232,-0.014,-1.260000039,-0.490000015,-0.008139277,0.132886145,0.016610768,TRUE
1428,1000_radii_1,1000,L,0,3,52.58795823,0,-0.890745461,183.6005859,357.5793281,-0.014,-1.260000039,-0.490000015,-0.00819489,0.133794125,0.016724266,TRUE
1429,1000_radii_1,1000,L,0,3,52.60462061,0,-0.896386921,183.7340393,357.5711472,-0.014,-1.260000039,-0.490000015,-0.008181135,0.133569545,0.016696193,TRUE
1430,1000_radii_1,1000,L,0,3,52.62122987,0,-0.902029634,183.8670654,357.5629919,-0.014,-1.260000039,-0.490000015,-0.008155399,0.133149363,0.01664367,TRUE
1431,1000_radii_1,1000,L,0,3,52.63791037,0,-0.907704234,184.0003967,357.5548177,-0.014,-1.260000039,-0.490000015,-0.008174035,0.133453633,0.016681704,TRUE
1432,1000_radii_1,1000,L,0,3,52.65457185,0,-0.913379371,184.1333008,357.5466702,-0.014,-1.260000039,-0.490000015,-0.00814756,0.133021376,0.016627672,TRUE
1433,1000_radii_1,1000,L,0,3,52.67129491,0,-0.919117272,184.2672272,357.5384598,-0.014,-1.260000039,-0.490000015,-0.008210273,0.134045268,0.016755658,TRUE
1434,1000_radii_1,1000,L,0,3,52.68797389,0,-0.924845219,184.4004669,357.5302913,-0.014,-1.260000039,-0.490000015,-0.008168711,0.133366698,0.016670837,TRUE
1435,1000_radii_1,1000,L,0,3,52.70469454,0,-0.930598795,184.5338593,357.5221131,-0.014,-1.260000039,-0.490000015,-0.008178177,0.133521248,0.016690156,TRUE
1436,1000_radii_1,1000,L,0,3,52.72121716,0,-0.936323702,184.666153,357.5140023,-0.014,-1.260000039,-0.490000015,-0.008110582,0.132417667,0.016552208,TRUE
1437,1000_radii_1,1000,L,0,3,52.73793569,0,-0.942101598,184.7992401,357.5058434,-0.014,-1.260000039,-0.490000015,-0.008158949,0.133207319,0.016650915,TRUE
1438,1000_radii_1,1000,L,0,3,52.7545697,0,-0.947908521,184.9325562,357.4976704,-0.014,-1.260000039,-0.490000015,-0.008173148,0.133439144,0.016679893,TRUE
1439,1000_radii_1,1000,L,0,3,52.7712988,0,-0.953750908,185.0662384,357.4894741,-0.014,-1.260000039,-0.490000015,-0.008196222,0.133815858,0.016726982,TRUE
1440,1000_radii_1,-1,R,0,4,52.78767774,0,-0.959501922,185.197403,357.4814324,-0.014,-1.260000039,-0.490000015,-0.008041657,0.131292352,0.016411544,FALSE
1441,1000_radii_1,-1,R,0,4,52.80436579,0,-0.965367138,185.3307495,357.4732573,-0.014,-1.260000039,-0.490000015,-0.008175219,0.133472951,0.016684119,FALSE
1442,1000_radii_1,-1,R,0,4,52.82183171,0,-0.971526921,185.4703369,357.464699,-0.014,-1.260000039,-0.490000015,-0.008558007,0.139722553,0.017465319,FALSE
1443,1000_radii_1,-1,R,0,4,52.83768995,0,-0.977139592,185.5970917,357.4569275,-0.014,-1.260000039,-0.490000015,-0.007771575,0.126882857,0.015860357,FALSE
1444,1000_radii_1,-1,R,0,4,52.85438675,0,-0.98306644,185.7305298,357.4487457,-0.014,-1.260000039,-0.490000015,-0.008181579,0.133576789,0.016697099,FALSE
1445,1000_radii_1,-1,R,0,4,52.87112701,0,-0.989027858,185.8643188,357.4405429,-0.014,-1.260000039,-0.490000015,-0.008202877,0.133924526,0.016740566,FALSE
1446,1000_radii_1,-1,R,0,4,52.88771273,0,-0.994953513,185.9968872,357.4324155,-0.014,-1.260000039,-0.490000015,-0.008127592,0.132695373,0.016586922,FALSE
1447,1000_radii_1,-1,R,0,4,52.90435881,0,-1.000919104,186.1299133,357.4242589,-0.014,-1.260000039,-0.490000015,-0.008156434,0.133166267,0.016645783,FALSE
1448,1000_radii_1,-1,R,0,4,52.92102392,0,-1.006910443,186.263092,357.4160933,-0.014,-1.260000039,-0.490000015,-0.008165752,0.133318402,0.0166648,FALSE
1449,1000_radii_1,-1,R,0,4,52.93769385,0,-1.012922645,186.3963165,357.4079251,-0.014,-1.260000039,-0.490000015,-0.008168267,0.133359454,0.016669932,FALSE
1450,1000_radii_1,-1,R,0,4,52.95433299,0,-1.018942356,186.5292816,357.3997724,-0.014,-1.260000039,-0.490000015,-0.008152736,0.133105896,0.016638237,FALSE
1451,1000_radii_1,-1,R,0,4,52.97101892,0,-1.024998546,186.6626434,357.3915961,-0.014,-1.260000039,-0.490000015,-0.008176402,0.13349227,0.016686534,FALSE
1452,1000_radii_1,-1,R,0,4,52.98773654,0,-1.031084895,186.7962494,357.3834043,-0.014,-1.260000039,-0.490000015,-0.008191488,0.133738583,0.016717323,FALSE
1453,1000_radii_1,-1,R,0,4,53.0043295,0,-1.037144899,186.9288483,357.3752742,-0.014,-1.260000039,-0.490000015,-0.008130402,0.132741255,0.016592657,FALSE
1454,1000_radii_1,-1,R,0,4,53.02107158,0,-1.043278456,187.0626526,357.3670702,-0.014,-1.260000039,-0.490000015,-0.008203765,0.133939015,0.016742377,FALSE
1455,1000_radii_1,-1,R,0,4,53.03770982,0,-1.049393177,187.1956177,357.358917,-0.014,-1.260000039,-0.490000015,-0.008153032,0.133110725,0.016638841,FALSE
1456,1000_radii_1,-1,R,0,4,53.05436345,0,-1.055532098,187.3287048,357.3507574,-0.014,-1.260000039,-0.490000015,-0.008159984,0.133224223,0.016653028,FALSE
1457,1000_radii_1,-1,R,0,4,53.07101768,0,-1.06169045,187.461792,357.3425965,-0.014,-1.260000039,-0.490000015,-0.008160723,0.133236297,0.016654537,FALSE
1458,1000_radii_1,-1,R,0,4,53.08773893,0,-1.067892313,187.5954132,357.3344033,-0.014,-1.260000039,-0.490000015,-0.008193115,0.133765147,0.016720643,FALSE
1459,1000_radii_1,-1,R,0,4,53.10439045,0,-1.074087381,187.7284698,357.3262446,-0.014,-1.260000039,-0.490000015,-0.008158949,0.133207319,0.016650915,FALSE
1460,1000_radii_1,-1,R,0,4,53.12103865,0,-1.08030045,187.8615112,357.3180866,-0.014,-1.260000039,-0.490000015,-0.008157765,0.133188,0.0166485,FALSE
1461,1000_radii_1,-1,R,0,4,53.13770073,0,-1.086537838,187.9946747,357.309922,-0.014,-1.260000039,-0.490000015,-0.008164865,0.133303913,0.016662989,FALSE
1462,1000_radii_1,-1,R,0,4,53.15433384,0,-1.092783093,188.127594,357.3017714,-0.014,-1.260000039,-0.490000015,-0.00815037,0.133067258,0.016633407,FALSE
1463,1000_radii_1,-1,R,0,4,53.17097962,0,-1.099052191,188.2606201,357.2936149,-0.014,-1.260000039,-0.490000015,-0.00815673,0.133171096,0.016646387,FALSE
1464,1000_radii_1,-1,R,0,4,53.18769211,0,-1.105364919,188.394165,357.2854259,-0.014,-1.260000039,-0.490000015,-0.008188678,0.133692702,0.016711588,FALSE
1465,1000_radii_1,-1,R,0,4,53.20435601,0,-1.111678123,188.5273132,357.2772613,-0.014,-1.260000039,-0.490000015,-0.008164717,0.133301498,0.016662687,FALSE
1466,1000_radii_1,-1,R,0,4,53.22109627,0,-1.118025184,188.6607819,357.2690775,-0.014,-1.260000039,-0.490000015,-0.008183797,0.133613012,0.016701626,FALSE
1467,1000_radii_1,-1,R,0,4,53.23781088,0,-1.124400854,188.7944489,357.2608814,-0.014,-1.260000039,-0.490000015,-0.008196074,0.133813443,0.01672668,FALSE
1468,1000_radii_1,-1,R,0,4,53.25452216,0,-1.13079536,188.9281006,357.2526858,-0.014,-1.260000039,-0.490000015,-0.008195778,0.133808614,0.016726077,FALSE
1469,1000_radii_1,-1,R,0,4,53.27104419,0,-1.137132883,189.0601654,357.2445872,-0.014,-1.260000039,-0.490000015,-0.008098602,0.132222065,0.016527758,FALSE
1470,1000_radii_1,-1,R,0,4,53.28770959,0,-1.14354372,189.1933746,357.2364187,-0.014,-1.260000039,-0.490000015,-0.008168119,0.133357039,0.01666963,FALSE
1471,1000_radii_1,-1,R,0,4,53.30444382,0,-1.149992466,189.3269653,357.2282267,-0.014,-1.260000039,-0.490000015,-0.008192228,0.133750658,0.016718832,FALSE
1472,1000_radii_1,-1,R,0,4,53.32108718,0,-1.15643239,189.4599762,357.2200696,-0.014,-1.260000039,-0.490000015,-0.008156878,0.133173511,0.016646689,FALSE
1473,1000_radii_1,-1,R,0,4,53.33779243,0,-1.162913561,189.5934448,357.211885,-0.014,-1.260000039,-0.490000015,-0.008184981,0.133632331,0.016704041,FALSE
1474,1000_radii_1,-1,R,0,4,53.35443218,0,-1.16939199,189.7264709,357.2037272,-0.014,-1.260000039,-0.490000015,-0.008157469,0.133183171,0.016647896,FALSE
1475,1000_radii_1,-1,R,0,4,53.37102423,0,-1.17586875,189.8590698,357.1955957,-0.014,-1.260000039,-0.490000015,-0.008131733,0.132762989,0.016595374,FALSE
1476,1000_radii_1,-1,R,0,4,53.38774457,0,-1.182414293,189.992691,357.1874015,-0.014,-1.260000039,-0.490000015,-0.008194151,0.133782051,0.016722756,FALSE
1477,1000_radii_1,-1,R,0,4,53.40431369,0,-1.188918829,190.1250916,357.1792824,-0.014,-1.260000039,-0.490000015,-0.008119161,0.132557727,0.016569716,FALSE
1478,1000_radii_1,-1,R,0,4,53.42097185,0,-1.195477366,190.2582092,357.1711195,-0.014,-1.260000039,-0.490000015,-0.00816309,0.133274934,0.016659367,FALSE
1479,1000_radii_1,-1,R,0,4,53.43763725,0,-1.202052951,190.3912811,357.1629586,-0.014,-1.260000039,-0.490000015,-0.008160723,0.133236297,0.016654537,FALSE
1480,1000_radii_1,-1,R,0,4,53.45435155,0,-1.208675265,190.5249176,357.1547637,-0.014,-1.260000039,-0.490000015,-0.008195038,0.13379654,0.016724567,FALSE
1481,1000_radii_1,-1,R,0,4,53.47099915,0,-1.215286374,190.6579437,357.1466057,-0.014,-1.260000039,-0.490000015,-0.008157617,0.133185585,0.016648198,FALSE
1482,1000_radii_1,-1,R,0,4,53.48768598,0,-1.221924424,190.7911224,357.1384385,-0.014,-1.260000039,-0.490000015,-0.008167527,0.13334738,0.016668422,FALSE
1483,1000_radii_1,-1,R,0,4,53.50432271,0,-1.228576183,190.9241943,357.1302772,-0.014,-1.260000039,-0.490000015,-0.008161019,0.133241127,0.016655141,FALSE
1484,1000_radii_1,-1,R,0,4,53.52105,0,-1.235276222,191.0578461,357.1220806,-0.014,-1.260000039,-0.490000015,-0.008196813,0.133825518,0.01672819,FALSE
1485,1000_radii_1,-1,R,0,4,53.53771993,0,-1.241971731,191.19104,357.1139123,-0.014,-1.260000039,-0.490000015,-0.008167971,0.133354624,0.016669328,FALSE
1486,1000_radii_1,-1,R,0,4,53.55432104,0,-1.248659015,191.3236847,357.1057777,-0.014,-1.260000039,-0.490000015,-0.008134839,0.1328137,0.016601713,FALSE
1487,1000_radii_1,-1,R,0,4,53.57098614,0,-1.255390525,191.4568329,357.0976121,-0.014,-1.260000039,-0.490000015,-0.008165752,0.133318402,0.0166648,FALSE
1488,1000_radii_1,-1,R,0,4,53.58772127,0,-1.2621696,191.5905457,357.0894115,-0.014,-1.260000039,-0.490000015,-0.008200363,0.133883474,0.016735434,FALSE
1489,1000_radii_1,-1,R,0,4,53.60431121,0,-1.268908501,191.7230835,357.0812829,-0.014,-1.260000039,-0.490000015,-0.008128775,0.132714692,0.016589336,FALSE
1490,1000_radii_1,-1,R,0,4,53.62105691,0,-1.275730014,191.8568726,357.0730774,-0.014,-1.260000039,-0.490000015,-0.00820554,0.133967993,0.016745999,FALSE
1491,1000_radii_1,-1,R,0,4,53.63767764,0,-1.282507777,191.9894409,357.0649471,-0.014,-1.260000039,-0.490000015,-0.008130106,0.132736426,0.016592053,FALSE
1492,1000_radii_1,-1,R,0,4,53.65433338,0,-1.289342046,192.1227417,357.0567722,-0.014,-1.260000039,-0.490000015,-0.008175071,0.133470536,0.016683817,FALSE
1493,1000_radii_1,-1,R,0,4,53.67098641,0,-1.296183109,192.2557983,357.0486119,-0.014,-1.260000039,-0.490000015,-0.008160576,0.133233882,0.016654235,FALSE
1494,1000_radii_1,-1,R,0,4,53.68766449,0,-1.303044081,192.3888702,357.0404496,-0.014,-1.260000039,-0.490000015,-0.008161759,0.133253201,0.01665665,FALSE
1495,1000_radii_1,-1,R,0,4,53.70435072,0,-1.309945107,192.5223541,357.032263,-0.014,-1.260000039,-0.490000015,-0.008186755,0.133661309,0.016707664,FALSE
1496,1000_radii_1,-1,R,0,4,53.72105295,0,-1.316861987,192.655777,357.0240803,-0.014,-1.260000039,-0.490000015,-0.00818291,0.133598523,0.016699815,FALSE
1497,1000_radii_1,-1,R,0,4,53.73770719,0,-1.323779702,192.7888489,357.0159187,-0.014,-1.260000039,-0.490000015,-0.008161463,0.133248371,0.016656046,FALSE
1498,1000_radii_1,-1,R,0,4,53.75431886,0,-1.330698252,192.9215698,357.0077786,-0.014,-1.260000039,-0.490000015,-0.008140164,0.132900635,0.016612579,FALSE
1499,1000_radii_1,-1,R,0,4,53.77106033,0,-1.337687016,193.0552673,356.999578,-0.014,-1.260000039,-0.490000015,-0.008200363,0.133883474,0.016735434,FALSE
1500,1000_radii_1,-1,R,0,4,53.7876708,0,-1.344635367,193.1878357,356.9914474,-0.014,-1.260000039,-0.490000015,-0.008130698,0.132746085,0.016593261,FALSE
1501,1000_radii_1,-1,R,0,4,53.80504556,0,-1.351937294,193.326767,356.9829261,-0.014,-1.260000039,-0.490000015,-0.008521325,0.139123673,0.017390459,TRUE
1502,1000_radii_1,-1,R,0,4,53.82099829,0,-1.358655334,193.4542236,356.9751084,-0.014,-1.260000039,-0.490000015,-0.007817871,0.127638702,0.015954838,TRUE
1503,1000_radii_1,-1,R,0,4,53.83769991,0,-1.36569953,193.5875244,356.9669318,-0.014,-1.260000039,-0.490000015,-0.008176254,0.133489855,0.016686232,TRUE
1504,1000_radii_1,-1,R,0,4,53.85442901,0,-1.372789025,193.7213287,356.9587255,-0.014,-1.260000039,-0.490000015,-0.008206575,0.133984897,0.016748112,TRUE
1505,1000_radii_1,-1,R,0,4,53.87098514,0,-1.379816532,193.8535919,356.9506125,-0.014,-1.260000039,-0.490000015,-0.008112949,0.132456304,0.016557038,TRUE
1506,1000_radii_1,-1,R,0,4,53.88761553,0,-1.386893749,193.9864349,356.9424636,-0.014,-1.260000039,-0.490000015,-0.008148595,0.13303828,0.016629785,TRUE
1507,1000_radii_1,-1,R,0,4,53.90428516,0,-1.394007087,194.1196136,356.9342954,-0.014,-1.260000039,-0.490000015,-0.008168415,0.133361869,0.016670234,TRUE
1508,1000_radii_1,-1,R,0,4,53.92099735,0,-1.401157498,194.2531281,356.9261065,-0.014,-1.260000039,-0.490000015,-0.008189122,0.133699946,0.016712493,TRUE
1509,1000_radii_1,-1,R,0,4,53.93766215,0,-1.408301711,194.3861694,356.9179461,-0.014,-1.260000039,-0.490000015,-0.00816028,0.133229053,0.016653632,TRUE
1510,1000_radii_1,-1,R,0,4,53.95432514,0,-1.415472746,194.5193481,356.9097769,-0.014,-1.260000039,-0.490000015,-0.008169154,0.133373943,0.016671743,TRUE
1511,1000_radii_1,-1,R,0,4,53.97097153,0,-1.422652721,194.6523438,356.9016192,-0.014,-1.260000039,-0.490000015,-0.008157765,0.133188,0.0166485,TRUE
1512,1000_radii_1,-1,R,0,4,53.98772326,0,-1.429896355,194.7861633,356.8934107,-0.014,-1.260000039,-0.490000015,-0.008208498,0.13401629,0.016752036,TRUE
1513,1000_radii_1,-1,R,0,4,54.00429419,0,-1.437080622,194.9185333,356.8852909,-0.014,-1.260000039,-0.490000015,-0.008119753,0.132567387,0.016570923,TRUE
1514,1000_radii_1,-1,R,0,4,54.02095657,0,-1.444323421,195.0516357,356.8771262,-0.014,-1.260000039,-0.490000015,-0.008164569,0.133299083,0.016662385,TRUE
1515,1000_radii_1,-1,R,0,4,54.03764129,0,-1.451594472,195.184906,356.8689516,-0.014,-1.260000039,-0.490000015,-0.008174923,0.133468122,0.016683515,TRUE
1516,1000_radii_1,-1,R,0,4,54.05436254,0,-1.458901405,195.3184814,356.8607576,-0.014,-1.260000039,-0.490000015,-0.008193855,0.133777221,0.016722153,TRUE
1517,1000_radii_1,-1,R,0,4,54.07098418,0,-1.466183186,195.4512482,356.8526132,-0.014,-1.260000039,-0.490000015,-0.008144453,0.132970665,0.016621333,TRUE
1518,1000_radii_1,-1,R,0,4,54.0877827,0,-1.473561883,195.585434,356.8443818,-0.014,-1.260000039,-0.490000015,-0.008231424,0.13439059,0.016798824,TRUE
1519,1000_radii_1,-1,R,0,4,54.10438532,0,-1.480873108,195.7180481,356.8362465,-0.014,-1.260000039,-0.490000015,-0.008134987,0.132816115,0.016602014,TRUE
1520,1000_radii_1,-1,R,0,4,54.12097345,0,-1.488197327,195.8505554,356.8281183,-0.014,-1.260000039,-0.490000015,-0.008128479,0.132709862,0.016588733,TRUE
1521,1000_radii_1,-1,R,0,4,54.13762859,0,-1.495569944,195.9835968,356.819957,-0.014,-1.260000039,-0.490000015,-0.008161167,0.133243542,0.016655443,TRUE
1522,1000_radii_1,-1,R,0,4,54.15431029,0,-1.502973199,196.1168518,356.8117828,-0.014,-1.260000039,-0.490000015,-0.008174183,0.133456047,0.016682006,TRUE
1523,1000_radii_1,-1,R,0,4,54.17102339,0,-1.510409355,196.250351,356.8035932,-0.014,-1.260000039,-0.490000015,-0.008189418,0.133704776,0.016713097,TRUE
1524,1000_radii_1,-1,R,0,4,54.18767309,0,-1.517831206,196.383255,356.7954407,-0.014,-1.260000039,-0.490000015,-0.008152736,0.133105896,0.016638237,TRUE
1525,1000_radii_1,-1,R,0,4,54.20431103,0,-1.52527678,196.5162354,356.7872827,-0.014,-1.260000039,-0.490000015,-0.008158061,0.13319283,0.016649104,TRUE
1526,1000_radii_1,-1,R,0,4,54.22096255,0,-1.53274262,196.6492462,356.7791228,-0.014,-1.260000039,-0.490000015,-0.00815954,0.133216978,0.016652122,TRUE
1527,1000_radii_1,-1,R,0,4,54.23763399,0,-1.540235996,196.7824097,356.7709544,-0.014,-1.260000039,-0.490000015,-0.008168858,0.133369113,0.016671139,TRUE
1528,1000_radii_1,-1,R,0,4,54.25429909,0,-1.547745347,196.9155121,356.7627888,-0.014,-1.260000039,-0.490000015,-0.008165604,0.133315987,0.016664498,TRUE
1529,1000_radii_1,-1,R,0,4,54.27102456,0,-1.55530107,197.0491028,356.7545934,-0.014,-1.260000039,-0.490000015,-0.008195334,0.133801369,0.016725171,TRUE
1530,1000_radii_1,-1,R,0,4,54.28772136,0,-1.562859416,197.1824036,356.7464156,-0.014,-1.260000039,-0.490000015,-0.008177437,0.133509174,0.016688647,TRUE
1531,1000_radii_1,-1,R,0,4,54.30433605,0,-1.570407033,197.3151703,356.7382703,-0.014,-1.260000039,-0.490000015,-0.008145341,0.132985154,0.016623144,TRUE
1532,1000_radii_1,-1,R,0,4,54.32105006,0,-1.578014612,197.4486542,356.7300811,-0.014,-1.260000039,-0.490000015,-0.008189566,0.133707191,0.016713399,TRUE
1533,1000_radii_1,-1,R,0,4,54.33765086,0,-1.585590482,197.5812531,356.721946,-0.014,-1.260000039,-0.490000015,-0.008134987,0.132816115,0.016602014,TRUE
1534,1000_radii_1,-1,R,0,4,54.35437966,0,-1.593237281,197.7147675,356.7137549,-0.014,-1.260000039,-0.490000015,-0.008190897,0.133728924,0.016716116,TRUE
1535,1000_radii_1,-1,R,0,4,54.37101367,0,-1.600870013,197.847702,356.7055998,-0.014,-1.260000039,-0.490000015,-0.008155399,0.133149363,0.01664367,TRUE
1536,1000_radii_1,-1,R,0,4,54.38766217,0,-1.608521223,197.9806213,356.6974447,-0.014,-1.260000039,-0.490000015,-0.008154955,0.133142118,0.016642765,TRUE
1537,1000_radii_1,-1,R,0,4,54.4043804,0,-1.616224647,198.1141205,356.6892545,-0.014,-1.260000039,-0.490000015,-0.008190305,0.133719265,0.016714908,TRUE
1538,1000_radii_1,-1,R,0,4,54.42100384,0,-1.623906136,198.2469025,356.6811078,-0.014,-1.260000039,-0.490000015,-0.00814682,0.133009302,0.016626163,TRUE
1539,1000_radii_1,-1,R,0,4,54.43773747,0,-1.631651998,198.3804779,356.6729124,-0.014,-1.260000039,-0.490000015,-0.008195038,0.13379654,0.016724567,TRUE
1540,1000_radii_1,-1,R,0,4,54.45436936,0,-1.63937819,198.513382,356.6647584,-0.014,-1.260000039,-0.490000015,-0.008154068,0.133127629,0.016640954,TRUE
1541,1000_radii_1,-1,R,0,4,54.4710894,0,-1.64715898,198.6468964,356.6565666,-0.014,-1.260000039,-0.490000015,-0.008191636,0.133740998,0.016717625,TRUE
1542,1000_radii_1,-1,R,0,4,54.48763859,0,-1.654883265,198.7791138,356.6484547,-0.014,-1.260000039,-0.490000015,-0.008112209,0.13244423,0.016555529,TRUE
1543,1000_radii_1,-1,R,0,4,54.50434958,0,-1.662700057,198.9125977,356.6402652,-0.014,-1.260000039,-0.490000015,-0.008189566,0.133707191,0.016713399,TRUE
1544,1000_radii_1,-1,R,0,4,54.52098721,0,-1.670499444,199.0454559,356.6321137,-0.014,-1.260000039,-0.490000015,-0.008151405,0.133084162,0.01663552,TRUE
1545,1000_radii_1,-1,R,0,4,54.53767797,0,-1.678343534,199.1787415,356.6239355,-0.014,-1.260000039,-0.490000015,-0.008178325,0.133523663,0.016690458,TRUE
1546,1000_radii_1,-1,R,0,4,54.55428421,0,-1.68616879,199.3113861,356.6157963,-0.014,-1.260000039,-0.490000015,-0.008138981,0.132881316,0.016610164,TRUE
1547,1000_radii_1,-1,R,0,4,54.57100757,0,-1.694066048,199.444931,356.6076024,-0.014,-1.260000039,-0.490000015,-0.008194151,0.133782051,0.016722756,TRUE
1548,1000_radii_1,-1,R,0,4,54.58761834,0,-1.701929688,199.5775909,356.5994625,-0.014,-1.260000039,-0.490000015,-0.008139572,0.132890975,0.016611372,TRUE
1549,1000_radii_1,-1,R,0,4,54.60428223,0,-1.709837317,199.7106628,356.5912969,-0.014,-1.260000039,-0.490000015,-0.008165457,0.133313572,0.016664196,TRUE
1550,1000_radii_1,-1,R,0,4,54.62097541,0,-1.717777491,199.8439636,356.5831175,-0.014,-1.260000039,-0.490000015,-0.008179508,0.133542982,0.016692873,TRUE
1551,1000_radii_1,-1,R,0,4,54.6377042,0,-1.725744009,199.9773865,356.5749304,-0.014,-1.260000039,-0.490000015,-0.008187051,0.133666138,0.016708267,TRUE
1552,1000_radii_1,-1,R,0,4,54.65428871,0,-1.733679891,200.1099854,356.5667946,-0.014,-1.260000039,-0.490000015,-0.008136023,0.132833019,0.016604127,TRUE
1553,1000_radii_1,-1,R,0,4,54.6710504,0,-1.741710663,200.2438507,356.5585809,-0.014,-1.260000039,-0.490000015,-0.008213823,0.134103224,0.016762903,TRUE
1554,1000_radii_1,-1,R,0,4,54.6876168,0,-1.74966681,200.3761597,356.5504627,-0.014,-1.260000039,-0.490000015,-0.008118126,0.132540824,0.016567603,TRUE
1555,1000_radii_1,-1,R,0,4,54.70430756,0,-1.757700682,200.5094452,356.5422845,-0.014,-1.260000039,-0.490000015,-0.008178177,0.133521248,0.016690156,TRUE
1556,1000_radii_1,-1,R,0,4,54.7209793,0,-1.765744805,200.6425781,356.5341153,-0.014,-1.260000039,-0.490000015,-0.008169302,0.133376358,0.016672045,TRUE
1557,1000_radii_1,-1,R,0,4,54.73766131,0,-1.773811579,200.7757721,356.5259423,-0.014,-1.260000039,-0.490000015,-0.008173,0.133436729,0.016679591,TRUE
1558,1000_radii_1,-1,R,0,4,54.75432882,0,-1.78188777,200.9087982,356.5177789,-0.014,-1.260000039,-0.490000015,-0.008163238,0.133277349,0.016659669,TRUE
1559,1000_radii_1,-1,R,0,4,54.77101898,0,-1.790001631,201.0421448,356.5095971,-0.014,-1.260000039,-0.490000015,-0.00818217,0.133586449,0.016698306,TRUE
1560,1000_radii_1,-1,R,0,4,54.787605,0,-1.798080444,201.1745911,356.5014691,-0.014,-1.260000039,-0.490000015,-0.00812774,0.132697788,0.016587224,TRUE
1561,1000_radii_1,-1,R,0,4,54.80435492,0,-1.80625689,201.3083344,356.4932623,-0.014,-1.260000039,-0.490000015,-0.008206871,0.133989727,0.016748716,TRUE
1562,1000_radii_1,-1,R,0,4,54.82109398,0,-1.81444788,201.4420013,356.4850597,-0.014,-1.260000039,-0.490000015,-0.008202286,0.133914867,0.016739358,TRUE
1563,1000_radii_1,-1,R,0,4,54.83759879,0,-1.822543502,201.5737915,356.4769721,-0.014,-1.260000039,-0.490000015,-0.008087804,0.132045782,0.016505723,TRUE
1564,1000_radii_1,-1,R,0,4,54.85432185,0,-1.830764771,201.7073212,356.4687774,-0.014,-1.260000039,-0.490000015,-0.008194595,0.133789295,0.016723662,TRUE
1565,1000_radii_1,-1,R,0,4,54.87093262,0,-1.8389498,201.8399658,356.460638,-0.014,-1.260000039,-0.490000015,-0.008139572,0.132890975,0.016611372,TRUE
1566,1000_radii_1,-1,R,0,4,54.88759923,0,-1.847180247,201.9730377,356.452472,-0.014,-1.260000039,-0.490000015,-0.0081659,0.133320816,0.016665102,TRUE
1567,1000_radii_1,-1,R,0,4,54.90432199,0,-1.855458379,202.1065674,356.4442775,-0.014,-1.260000039,-0.490000015,-0.008194299,0.133784465,0.016723058,TRUE
1568,1000_radii_1,-1,R,0,4,54.92093215,0,-1.863699675,202.2391968,356.4361386,-0.014,-1.260000039,-0.490000015,-0.008139129,0.132883731,0.016610466,TRUE
1569,1000_radii_1,-1,R,0,4,54.93758276,0,-1.871980309,202.3721466,356.4279795,-0.014,-1.260000039,-0.490000015,-0.008159244,0.133212149,0.016651519,TRUE
1570,1000_radii_1,-1,R,0,4,54.95428681,0,-1.880304337,202.5054932,356.4197958,-0.014,-1.260000039,-0.490000015,-0.008183354,0.133605767,0.016700721,TRUE
1571,1000_radii_1,-1,R,0,4,54.97097062,0,-1.888640046,202.6387177,356.4116199,-0.014,-1.260000039,-0.490000015,-0.008176106,0.13348744,0.01668593,TRUE
1572,1000_radii_1,-1,R,0,4,54.9876484,0,-1.896991134,202.7718811,356.4034472,-0.014,-1.260000039,-0.490000015,-0.008172556,0.133429484,0.016678686,TRUE
1573,1000_radii_1,-1,R,0,4,55.00427608,0,-1.905335307,202.9046326,356.3953004,-0.014,-1.260000039,-0.490000015,-0.008147264,0.133016547,0.016627068,TRUE
1574,1000_radii_1,-1,R,0,4,55.0209442,0,-1.913719296,203.0377197,356.3871322,-0.014,-1.260000039,-0.490000015,-0.008167675,0.133349794,0.016668724,TRUE
1575,1000_radii_1,-1,R,0,4,55.03758485,0,-1.922108173,203.170578,356.3789783,-0.014,-1.260000039,-0.490000015,-0.00815392,0.133125215,0.016640652,TRUE
1576,1000_radii_1,-1,R,0,4,55.05435409,0,-1.930580258,203.3044586,356.3707616,-0.014,-1.260000039,-0.490000015,-0.008216337,0.134144276,0.016768035,TRUE
1577,1000_radii_1,-1,R,0,4,55.07103247,0,-1.939026356,203.4376221,356.3625898,-0.014,-1.260000039,-0.490000015,-0.008172556,0.133429484,0.016678686,TRUE
1578,1000_radii_1,-1,R,0,4,55.08765984,0,-1.947466016,203.5703888,356.3544414,-0.014,-1.260000039,-0.490000015,-0.008148003,0.133028621,0.016628578,TRUE
1579,1000_radii_1,-1,R,0,4,55.10424797,0,-1.955903888,203.7028198,356.3463132,-0.014,-1.260000039,-0.490000015,-0.008128183,0.132705033,0.016588129,TRUE
1580,1000_radii_1,-1,R,0,4,55.12092213,0,-1.964404345,203.8359375,356.3381431,-0.014,-1.260000039,-0.490000015,-0.00817019,0.133390847,0.016673856,TRUE
1581,1000_radii_1,-1,R,0,4,55.13760021,0,-1.972925901,203.9690857,356.3299713,-0.014,-1.260000039,-0.490000015,-0.00817226,0.133424654,0.016678082,TRUE
1582,1000_radii_1,-1,R,0,4,55.15434108,0,-1.981498718,204.1027374,356.321768,-0.014,-1.260000039,-0.490000015,-0.008203173,0.133929356,0.016741169,TRUE
1583,1000_radii_1,-1,R,0,4,55.17095275,0,-1.990024209,204.2353516,356.313628,-0.014,-1.260000039,-0.490000015,-0.00813972,0.13289339,0.016611674,TRUE
1584,1000_radii_1,-1,R,0,4,55.18758103,0,-1.998577118,204.368103,356.30548,-0.014,-1.260000039,-0.490000015,-0.008147855,0.133026206,0.016628276,TRUE
1585,1000_radii_1,-1,R,0,4,55.20428598,0,-2.00718832,204.5014648,356.2972944,-0.014,-1.260000039,-0.490000015,-0.008185424,0.133639575,0.016704947,TRUE
1586,1000_radii_1,-1,R,0,4,55.22091184,0,-2.015777588,204.6341858,356.2891483,-0.014,-1.260000039,-0.490000015,-0.008146524,0.133004473,0.016625559,TRUE
1587,1000_radii_1,-1,R,0,4,55.23757603,0,-2.024405718,204.7672272,356.2809823,-0.014,-1.260000039,-0.490000015,-0.008165457,0.133313572,0.016664196,TRUE
1588,1000_radii_1,-1,R,0,4,55.25428702,0,-2.03307724,204.9006348,356.2727942,-0.014,-1.260000039,-0.490000015,-0.008188382,0.133687872,0.016710984,TRUE
1589,1000_radii_1,-1,R,0,4,55.27093069,0,-2.041733027,205.0335083,356.2646389,-0.014,-1.260000039,-0.490000015,-0.008155547,0.133151778,0.016643972,TRUE
1590,1000_radii_1,-1,R,0,4,55.28764016,0,-2.050441504,205.1669006,356.2564516,-0.014,-1.260000039,-0.490000015,-0.008187495,0.133673383,0.016709173,TRUE
1591,1000_radii_1,-1,R,0,4,55.30435145,0,-2.059170485,205.3003082,356.2482624,-0.014,-1.260000039,-0.490000015,-0.008188678,0.133692702,0.016711588,TRUE
1592,1000_radii_1,-1,R,0,4,55.32094441,0,-2.067855358,205.4327545,356.2401328,-0.014,-1.260000039,-0.490000015,-0.008129663,0.132729181,0.016591148,TRUE
1593,1000_radii_1,-1,R,0,4,55.33757812,0,-2.076581955,205.5655518,356.231982,-0.014,-1.260000039,-0.490000015,-0.008150961,0.133076918,0.016634615,TRUE
1594,1000_radii_1,-1,R,0,4,55.35426737,0,-2.08535552,205.698761,356.2238047,-0.014,-1.260000039,-0.490000015,-0.008177141,0.133504344,0.016688043,TRUE
1595,1000_radii_1,-1,R,0,4,55.37093669,0,-2.094138384,205.8318329,356.2156367,-0.014,-1.260000039,-0.490000015,-0.008168119,0.133357039,0.01666963,TRUE
1596,1000_radii_1,-1,R,0,4,55.38756889,0,-2.102921247,205.9646149,356.2074862,-0.014,-1.260000039,-0.490000015,-0.008150666,0.133072088,0.016634011,TRUE
1597,1000_radii_1,-1,R,0,4,55.40426599,0,-2.11175561,206.0978851,356.1993053,-0.014,-1.260000039,-0.490000015,-0.008180691,0.1335623,0.016695288,TRUE
1598,1000_radii_1,-1,R,0,4,55.42091661,0,-2.120585918,206.2308044,356.1911459,-0.014,-1.260000039,-0.490000015,-0.00815954,0.133216978,0.016652122,TRUE
1599,1000_radii_1,-1,R,0,4,55.43757235,0,-2.12943697,206.3637543,356.1829844,-0.014,-1.260000039,-0.490000015,-0.008161019,0.133241127,0.016655141,TRUE
1600,1000_radii_1,-1,R,0,4,55.4543105,0,-2.138351202,206.4973602,356.1747828,-0.014,-1.260000039,-0.490000015,-0.008201842,0.133907622,0.016738453,TRUE
1601,1000_radii_1,-1,R,0,4,55.47093546,0,-2.147224188,206.6300659,356.1666365,-0.014,-1.260000039,-0.490000015,-0.008146376,0.133002058,0.016625257,TRUE
1602,1000_radii_1,-1,R,0,4,55.48759181,0,-2.156132936,206.7630157,356.1584747,-0.014,-1.260000039,-0.490000015,-0.008161759,0.133253201,0.01665665,TRUE
1603,1000_radii_1,-1,R,0,4,55.50431486,0,-2.16509223,206.8964386,356.1502841,-0.014,-1.260000039,-0.490000015,-0.008190749,0.133726509,0.016715814,TRUE
1604,1000_radii_1,-1,R,0,4,55.52101287,0,-2.174045086,207.02948,356.1421165,-0.014,-1.260000039,-0.490000015,-0.008167527,0.13334738,0.016668422,TRUE
1605,1000_radii_1,-1,R,0,4,55.53762333,0,-2.182991982,207.1621552,356.1339717,-0.014,-1.260000039,-0.490000015,-0.008144749,0.132975495,0.016621937,TRUE
1606,1000_radii_1,-1,R,0,4,55.5543642,0,-2.192024231,207.2958069,356.1257665,-0.014,-1.260000039,-0.490000015,-0.008205096,0.133960749,0.016745094,TRUE
1607,1000_radii_1,-1,R,0,4,55.5709143,0,-2.200978041,207.4280243,356.11765,-0.014,-1.260000039,-0.490000015,-0.008116795,0.13251909,0.016564886,TRUE
1608,1000_radii_1,-1,R,0,4,55.58766301,0,-2.210048199,207.561676,356.1094449,-0.014,-1.260000039,-0.490000015,-0.008204948,0.133958334,0.016744792,TRUE
1609,1000_radii_1,-1,R,0,4,55.60422277,0,-2.219038486,207.6938782,356.1013293,-0.014,-1.260000039,-0.490000015,-0.008115759,0.132502186,0.016562773,TRUE
1610,1000_radii_1,-1,R,0,4,55.62096665,0,-2.228140593,207.8274384,356.0931296,-0.014,-1.260000039,-0.490000015,-0.008199623,0.1338714,0.016733925,TRUE
1611,1000_radii_1,-1,R,0,4,55.63755448,0,-2.237189293,207.9599304,356.0849953,-0.014,-1.260000039,-0.490000015,-0.008134396,0.132806456,0.016600807,TRUE
1612,1000_radii_1,-1,R,0,4,55.65421717,0,-2.246293068,208.0929565,356.0768285,-0.014,-1.260000039,-0.490000015,-0.008166936,0.13333772,0.016667215,TRUE
1613,1000_radii_1,-1,R,0,4,55.67089555,0,-2.255421877,208.2260742,356.0686562,-0.014,-1.260000039,-0.490000015,-0.00817226,0.133424654,0.016678082,TRUE
1614,1000_radii_1,-1,R,0,4,55.68764729,0,-2.264608622,208.3597565,356.0604489,-0.014,-1.260000039,-0.490000015,-0.008207019,0.133992142,0.016749018,TRUE
1615,1000_radii_1,-1,R,0,4,55.70424689,0,-2.273732901,208.4922485,356.0523145,-0.014,-1.260000039,-0.490000015,-0.008134396,0.132806456,0.016600807,TRUE
1616,1000_radii_1,-1,R,0,4,55.72093614,0,-2.282924652,208.6254425,356.0441365,-0.014,-1.260000039,-0.490000015,-0.008177585,0.133511589,0.016688949,TRUE
1617,1000_radii_1,-1,R,0,4,55.73764108,0,-2.292144299,208.7587585,356.0359516,-0.014,-1.260000039,-0.490000015,-0.008185572,0.13364199,0.016705249,TRUE
1618,1000_radii_1,-1,R,0,4,55.75427208,0,-2.30134058,208.8914642,356.0278034,-0.014,-1.260000039,-0.490000015,-0.008148003,0.133028621,0.016628578,TRUE
1619,1000_radii_1,-1,R,0,4,55.77095076,0,-2.310584307,209.0245819,356.0196302,-0.014,-1.260000039,-0.490000015,-0.008173296,0.133441558,0.016680195,TRUE
1620,1000_radii_1,-1,R,0,4,55.78770038,0,-2.31988287,209.1582184,356.0114255,-0.014,-1.260000039,-0.490000015,-0.0082048,0.133955919,0.01674449,TRUE
1621,1000_radii_1,-1,R,0,4,55.80435643,0,-2.329152584,209.2911682,356.0032625,-0.014,-1.260000039,-0.490000015,-0.008162646,0.13326769,0.016658461,TRUE
1622,1000_radii_1,-1,R,0,4,55.82097716,0,-2.338421106,209.4238281,355.9951181,-0.014,-1.260000039,-0.490000015,-0.008144897,0.132977909,0.016622239,TRUE
1623,1000_radii_1,-1,R,0,4,55.83758129,0,-2.347699404,209.5563507,355.9869804,-0.014,-1.260000039,-0.490000015,-0.00813691,0.132847508,0.016605939,TRUE
1624,1000_radii_1,-1,R,0,4,55.85427959,0,-2.357047081,209.6895905,355.9787993,-0.014,-1.260000039,-0.490000015,-0.008181283,0.13357196,0.016696495,TRUE
1625,1000_radii_1,-1,R,0,4,55.8709133,0,-2.366379261,209.8223419,355.9706488,-0.014,-1.260000039,-0.490000015,-0.008151109,0.133079333,0.016634917,TRUE
1626,1000_radii_1,-1,R,0,4,55.88756391,0,-2.375740051,209.9552307,355.9624891,-0.014,-1.260000039,-0.490000015,-0.00815954,0.133216978,0.016652122,TRUE
1627,1000_radii_1,-1,R,0,4,55.90423294,0,-2.385129213,210.0882568,355.9543214,-0.014,-1.260000039,-0.490000015,-0.008167823,0.133352209,0.016669026,TRUE
1628,1000_radii_1,-1,R,0,4,55.9209234,0,-2.394549847,210.2214508,355.9461432,-0.014,-1.260000039,-0.490000015,-0.00817862,0.133528493,0.016691062,TRUE
1629,1000_radii_1,-1,R,0,4,55.93756133,0,-2.403958797,210.3542175,355.9379907,-0.014,-1.260000039,-0.490000015,-0.008151997,0.133093822,0.016636728,TRUE
1630,1000_radii_1,-1,R,0,4,55.95423428,0,-2.413406849,210.4872589,355.929821,-0.014,-1.260000039,-0.490000015,-0.00816945,0.133378773,0.016672347,TRUE
1631,1000_radii_1,-1,R,0,4,55.97090391,0,-2.422873259,210.6203003,355.9216523,-0.014,-1.260000039,-0.490000015,-0.008169006,0.133371528,0.016671441,TRUE
1632,1000_radii_1,-1,R,0,4,55.98755845,0,-2.432349205,210.7532043,355.9134912,-0.014,-1.260000039,-0.490000015,-0.008160723,0.133236297,0.016654537,TRUE
1633,1000_radii_1,-1,R,0,4,56.00419246,0,-2.441832066,210.8859406,355.9053407,-0.014,-1.260000039,-0.490000015,-0.008150518,0.133069673,0.016633709,TRUE
1634,1000_radii_1,-1,R,0,4,56.02092156,0,-2.451388359,211.0194244,355.8971434,-0.014,-1.260000039,-0.490000015,-0.008197257,0.133832762,0.016729095,TRUE
1635,1000_radii_1,-1,R,0,4,56.03762228,0,-2.460947514,211.1526947,355.8889608,-0.014,-1.260000039,-0.490000015,-0.008183354,0.133605767,0.016700721,TRUE
1636,1000_radii_1,-1,R,0,4,56.0542424,0,-2.470479727,211.2853241,355.880816,-0.014,-1.260000039,-0.490000015,-0.008144158,0.132965835,0.016620729,TRUE
1637,1000_radii_1,-1,R,0,4,56.0709226,0,-2.480064869,211.4184113,355.872643,-0.014,-1.260000039,-0.490000015,-0.008173148,0.133439144,0.016679893,TRUE
1638,1000_radii_1,-1,R,0,4,56.08755631,0,-2.489642382,211.5511322,355.8644929,-0.014,-1.260000039,-0.490000015,-0.008150518,0.133069673,0.016633709,TRUE
1639,1000_radii_1,-1,R,0,4,56.10421235,0,-2.499251604,211.6840363,355.8563313,-0.014,-1.260000039,-0.490000015,-0.008161315,0.133245956,0.016655745,TRUE
1640,1000_radii_1,-1,R,0,4,56.12097737,0,-2.508942842,211.8178101,355.8481164,-0.014,-1.260000039,-0.490000015,-0.008214858,0.134120128,0.016765016,TRUE
1641,1000_radii_1,-1,R,0,4,56.13763583,0,-2.518591881,211.9507294,355.8399534,-0.014,-1.260000039,-0.490000015,-0.008162942,0.13327252,0.016659065,TRUE
1642,1000_radii_1,-1,R,0,4,56.15427195,0,-2.528246164,212.0834656,355.8318019,-0.014,-1.260000039,-0.490000015,-0.008151405,0.133084162,0.01663552,TRUE
1643,1000_radii_1,-1,R,0,4,56.1709117,0,-2.537922144,212.2162323,355.823648,-0.014,-1.260000039,-0.490000015,-0.008153772,0.1331228,0.01664035,TRUE
1644,1000_radii_1,-1,R,0,4,56.18756594,0,-2.547624826,212.3491058,355.8154874,-0.014,-1.260000039,-0.490000015,-0.008160428,0.133231467,0.016653933,TRUE
1645,1000_radii_1,-1,R,0,4,56.20422621,0,-2.557350397,212.4820404,355.8073239,-0.014,-1.260000039,-0.490000015,-0.008163682,0.133284594,0.016660574,TRUE
1646,1000_radii_1,-1,R,0,4,56.22094927,0,-2.567131519,212.6154633,355.79913,-0.014,-1.260000039,-0.490000015,-0.008194299,0.133784465,0.016723058,TRUE
1647,1000_radii_1,-1,R,0,4,56.23761286,0,-2.576896429,212.7484131,355.7909651,-0.014,-1.260000039,-0.490000015,-0.008164865,0.133303913,0.016662989,TRUE
1648,1000_radii_1,-1,R,0,4,56.25427223,0,-2.58667779,212.8813171,355.7828021,-0.014,-1.260000039,-0.490000015,-0.008162646,0.13326769,0.016658461,TRUE
1649,1000_radii_1,-1,R,0,4,56.27090805,0,-2.596465111,213.0140533,355.7746506,-0.014,-1.260000039,-0.490000015,-0.008151849,0.133091407,0.016636426,TRUE
1650,1000_radii_1,-1,R,0,4,56.28755262,0,-2.606276035,213.1468506,355.7664948,-0.014,-1.260000039,-0.490000015,-0.008155842,0.133156607,0.016644576,TRUE
1651,1000_radii_1,-1,R,0,4,56.30420656,0,-2.616111279,213.2797241,355.7583342,-0.014,-1.260000039,-0.490000015,-0.008160428,0.133231467,0.016653933,TRUE
1652,1000_radii_1,-1,R,0,4,56.32091513,0,-2.625997782,213.4130249,355.7501469,-0.014,-1.260000039,-0.490000015,-0.008187051,0.133666138,0.016708267,TRUE
1653,1000_radii_1,-1,R,0,4,56.33754069,0,-2.635854483,213.5456696,355.7420001,-0.014,-1.260000039,-0.490000015,-0.008146672,0.133006887,0.016625861,TRUE
1654,1000_radii_1,-1,R,0,4,56.35420609,0,-2.645753145,213.6786194,355.7338347,-0.014,-1.260000039,-0.490000015,-0.0081659,0.133320816,0.016665102,TRUE
1655,1000_radii_1,-1,R,0,4,56.37097684,0,-2.655734539,213.8124237,355.7256165,-0.014,-1.260000039,-0.490000015,-0.00821826,0.134175669,0.016771959,TRUE
1656,1000_radii_1,-1,R,0,4,56.38755984,0,-2.665621996,213.9447174,355.7174907,-0.014,-1.260000039,-0.490000015,-0.008125373,0.132659151,0.016582394,TRUE
1657,1000_radii_1,-1,R,0,4,56.40420653,0,-2.675566435,214.0775146,355.7093339,-0.014,-1.260000039,-0.490000015,-0.00815673,0.133171096,0.016646387,TRUE
1658,1000_radii_1,-1,R,0,4,56.42090091,0,-2.685558796,214.2106934,355.7011538,-0.014,-1.260000039,-0.490000015,-0.008180395,0.133557471,0.016694684,TRUE
1659,1000_radii_1,-1,R,0,4,56.437547,0,-2.695541143,214.3434906,355.6929965,-0.014,-1.260000039,-0.490000015,-0.00815673,0.133171096,0.016646387,TRUE
1660,1000_radii_1,-1,R,0,4,56.45425104,0,-2.705575705,214.4767303,355.684813,-0.014,-1.260000039,-0.490000015,-0.008183945,0.133615427,0.016701928,TRUE
1661,1000_radii_1,-1,R,0,4,56.47097168,0,-2.715641737,214.6101379,355.6766191,-0.014,-1.260000039,-0.490000015,-0.008194003,0.133779636,0.016722454,TRUE
1662,1000_radii_1,-1,R,0,4,56.48753204,0,-2.725628376,214.7422333,355.6685047,-0.014,-1.260000039,-0.490000015,-0.008113984,0.132473208,0.016559151,TRUE
1663,1000_radii_1,-1,R,0,4,56.50424393,0,-2.735726595,214.8755493,355.6603155,-0.014,-1.260000039,-0.490000015,-0.008189418,0.133704776,0.016713097,TRUE
1664,1000_radii_1,-1,R,0,4,56.52099687,0,-2.745868683,215.009201,355.6521063,-0.014,-1.260000039,-0.490000015,-0.008209385,0.134030779,0.016753847,TRUE
1665,1000_radii_1,-1,R,0,4,56.53761307,0,-2.755945921,215.1417389,355.6439643,-0.014,-1.260000039,-0.490000015,-0.008141643,0.132924783,0.016615598,TRUE
1666,1000_radii_1,-1,R,0,4,56.55428783,0,-2.766077757,215.2747498,355.6357937,-0.014,-1.260000039,-0.490000015,-0.008170338,0.133393262,0.016674158,TRUE
1667,1000_radii_1,-1,R,0,4,56.57096923,0,-2.776233196,215.4078217,355.6276202,-0.014,-1.260000039,-0.490000015,-0.008174183,0.133456047,0.016682006,TRUE
1668,1000_radii_1,-1,R,0,4,56.58758785,0,-2.786369085,215.54039,355.6194763,-0.014,-1.260000039,-0.490000015,-0.008143122,0.132948931,0.016618616,TRUE
1669,1000_radii_1,-1,R,0,4,56.60420949,0,-2.796525717,215.6729736,355.6113324,-0.014,-1.260000039,-0.490000015,-0.008144749,0.132975495,0.016621937,TRUE
1670,1000_radii_1,-1,R,0,4,56.62095066,0,-2.806774378,215.8065186,355.6031289,-0.014,-1.260000039,-0.490000015,-0.008203321,0.133931771,0.016741471,TRUE
1671,1000_radii_1,-1,R,0,4,56.63758376,0,-2.816969633,215.9391174,355.5949836,-0.014,-1.260000039,-0.490000015,-0.008145341,0.132985154,0.016623144,TRUE
1672,1000_radii_1,-1,R,0,4,56.65420721,0,-2.827186584,216.0717468,355.5868359,-0.014,-1.260000039,-0.490000015,-0.008147707,0.133023791,0.016627974,TRUE
1673,1000_radii_1,-1,R,0,4,56.67091789,0,-2.83747077,216.2050018,355.57865,-0.014,-1.260000039,-0.490000015,-0.008186164,0.133651649,0.016706456,TRUE
1674,1000_radii_1,-1,R,0,4,56.68761227,0,-2.847769499,216.3381958,355.5704675,-0.014,-1.260000039,-0.490000015,-0.008182466,0.133591278,0.01669891,TRUE
1675,1000_radii_1,-1,R,0,4,56.70430605,0,-2.858078241,216.4712677,355.5622921,-0.014,-1.260000039,-0.490000015,-0.008175366,0.133475366,0.016684421,TRUE
1676,1000_radii_1,-1,R,0,4,56.72099621,0,-2.86841011,216.6044006,355.5541134,-0.014,-1.260000039,-0.490000015,-0.00817862,0.133528493,0.016691062,TRUE
1677,1000_radii_1,-1,R,0,4,56.73767549,0,-2.878753901,216.737442,355.5459399,-0.014,-1.260000039,-0.490000015,-0.008173148,0.133439144,0.016679893,TRUE
1678,1000_radii_1,-1,R,0,4,56.75432158,0,-2.889095068,216.8701935,355.5377841,-0.014,-1.260000039,-0.490000015,-0.00815599,0.133159022,0.016644878,TRUE
1679,1000_radii_1,-1,R,0,4,56.77104283,0,-2.899503469,217.0035706,355.5295901,-0.014,-1.260000039,-0.490000015,-0.008194151,0.133782051,0.016722756,TRUE
1680,1000_radii_1,-1,R,0,4,56.78765933,0,-2.909864664,217.1360931,355.5214481,-0.014,-1.260000039,-0.490000015,-0.008141939,0.132929613,0.016616202,TRUE
1681,1000_radii_1,-1,R,0,4,56.80419162,0,-2.92019558,217.2679901,355.5133448,-0.014,-1.260000039,-0.490000015,-0.008103483,0.132301755,0.016537719,TRUE
1682,1000_radii_1,-1,R,0,4,56.82088871,0,-2.930643082,217.4011383,355.5051641,-0.014,-1.260000039,-0.490000015,-0.008180247,0.133555056,0.016694382,TRUE
1683,1000_radii_1,-1,R,0,4,56.8375505,0,-2.941092491,217.5340576,355.4969974,-0.014,-1.260000039,-0.490000015,-0.008166788,0.133335305,0.016666913,TRUE
1684,1000_radii_1,-1,R,0,4,56.85421801,0,-2.951561689,217.6669922,355.4888296,-0.014,-1.260000039,-0.490000015,-0.008167527,0.13334738,0.016668422,TRUE
1685,1000_radii_1,-1,R,0,4,56.87096854,0,-2.962102175,217.8005829,355.4806218,-0.014,-1.260000039,-0.490000015,-0.008208202,0.13401146,0.016751433,TRUE
1686,1000_radii_1,-1,R,0,4,56.88754158,0,-2.972550154,217.9327698,355.4725003,-0.014,-1.260000039,-0.490000015,-0.008121528,0.132596365,0.016574546,TRUE
1687,1000_radii_1,-1,R,0,4,56.90418042,0,-2.983057261,218.0654602,355.4643474,-0.014,-1.260000039,-0.490000015,-0.008152736,0.133105896,0.016638237,TRUE
1688,1000_radii_1,-1,R,0,4,56.92086937,0,-2.993615389,218.1985626,355.4561691,-0.014,-1.260000039,-0.490000015,-0.008177733,0.133514003,0.01668925,TRUE
1689,1000_radii_1,-1,R,0,4,56.93758216,0,-3.00420785,218.3318481,355.4479804,-0.014,-1.260000039,-0.490000015,-0.008189566,0.133707191,0.016713399,TRUE
1690,1000_radii_1,-1,R,0,4,56.95428741,0,-3.014813423,218.4650574,355.439795,-0.014,-1.260000039,-0.490000015,-0.008184981,0.133632331,0.016704041,TRUE
1691,1000_radii_1,-1,R,0,4,56.97091931,0,-3.025392771,218.597702,355.4316449,-0.014,-1.260000039,-0.490000015,-0.008150074,0.133062429,0.016632804,TRUE
1692,1000_radii_1,-1,R,0,4,56.98753581,0,-3.035980701,218.7302094,355.4235029,-0.014,-1.260000039,-0.490000015,-0.008142087,0.132932027,0.016616503,TRUE
1693,1000_radii_1,-1,R,0,4,57.00431803,0,-3.046693563,218.8640442,355.4152789,-0.014,-1.260000039,-0.490000015,-0.008223585,0.134262603,0.016782825,TRUE
1694,1000_radii_1,-1,R,0,4,57.02093876,0,-3.057322025,218.996582,355.407135,-0.014,-1.260000039,-0.490000015,-0.008144158,0.132965835,0.016620729,TRUE
1695,1000_radii_1,-1,R,0,4,57.03752357,0,-3.067946434,219.12883,355.3990088,-0.014,-1.260000039,-0.490000015,-0.008126704,0.132680884,0.016585111,TRUE
1696,1000_radii_1,-1,R,0,4,57.05421675,0,-3.078658104,219.2619324,355.3908296,-0.014,-1.260000039,-0.490000015,-0.008179064,0.133535737,0.016691967,TRUE
1697,1000_radii_1,-1,R,0,4,57.07094675,0,-3.089413166,219.39534,355.3826318,-0.014,-1.260000039,-0.490000015,-0.008197701,0.133840007,0.016730001,TRUE
1698,1000_radii_1,-1,R,0,4,57.08753518,0,-3.100097418,219.5276337,355.3745022,-0.014,-1.260000039,-0.490000015,-0.008129219,0.132721936,0.016590242,TRUE
1699,1000_radii_1,-1,R,0,4,57.10419937,0,-3.110847473,219.6605072,355.3663378,-0.014,-1.260000039,-0.490000015,-0.008165013,0.133306327,0.016663291,TRUE
1700,1000_radii_1,-1,R,0,4,57.12092877,0,-3.121659756,219.7939148,355.35814,-0.014,-1.260000039,-0.490000015,-0.008197701,0.133840007,0.016730001,TRUE
1701,1000_radii_1,-1,R,0,4,57.13753229,0,-3.132408142,219.9263,355.3500051,-0.014,-1.260000039,-0.490000015,-0.008134987,0.132816115,0.016602014,TRUE
1702,1000_radii_1,-1,R,0,4,57.15417476,0,-3.143202782,220.059021,355.3418493,-0.014,-1.260000039,-0.490000015,-0.008155695,0.133154193,0.016644274,TRUE
1703,1000_radii_1,-1,R,0,4,57.17096362,0,-3.154046774,220.1921082,355.3336711,-0.014,-1.260000039,-0.490000015,-0.00817862,0.133528493,0.016691062,TRUE
1704,1000_radii_1,-1,R,0,4,57.18752337,0,-3.164887905,220.3249207,355.3255086,-0.014,-1.260000039,-0.490000015,-0.008162203,0.133260445,0.016657556,TRUE
1705,1000_radii_1,-1,R,0,4,57.20417761,0,-3.175745487,220.4577026,355.317348,-0.014,-1.260000039,-0.490000015,-0.00816028,0.133229053,0.016653632,TRUE
1706,1000_radii_1,-1,R,0,4,57.22084905,0,-3.186633825,220.5906372,355.3091788,-0.014,-1.260000039,-0.490000015,-0.008169302,0.133376358,0.016672045,TRUE
1707,1000_radii_1,-1,R,0,4,57.23753649,0,-3.197551489,220.7236938,355.301002,-0.014,-1.260000039,-0.490000015,-0.008176993,0.133501929,0.016687741,TRUE
1708,1000_radii_1,-1,R,0,4,57.25429819,0,-3.208534956,220.8573151,355.2927899,-0.014,-1.260000039,-0.490000015,-0.008212048,0.134074246,0.016759281,TRUE
1709,1000_radii_1,-1,R,0,4,57.27084406,0,-3.219398499,220.9892426,355.2846818,-0.014,-1.260000039,-0.490000015,-0.008108216,0.132379029,0.016547379,TRUE
1710,1000_radii_1,-1,R,0,4,57.28751097,0,-3.230359316,221.1221313,355.2765145,-0.014,-1.260000039,-0.490000015,-0.008166788,0.133335305,0.016666913,TRUE
1711,1000_radii_1,-1,R,0,4,57.30423584,0,-3.241376162,221.2554626,355.2683201,-0.014,-1.260000039,-0.490000015,-0.008194447,0.13378688,0.01672336,TRUE
1712,1000_radii_1,-1,R,0,4,57.32093445,0,-3.252396345,221.3886108,355.2601376,-0.014,-1.260000039,-0.490000015,-0.008182762,0.133596108,0.016699514,TRUE
1713,1000_radii_1,-1,R,0,4,57.33753314,0,-3.263369322,221.5209503,355.2520037,-0.014,-1.260000039,-0.490000015,-0.008133656,0.132794382,0.016599298,TRUE
1714,1000_radii_1,-1,R,0,4,57.35417953,0,-3.274391651,221.653656,355.2438478,-0.014,-1.260000039,-0.490000015,-0.008156138,0.133161437,0.01664518,TRUE
1715,1000_radii_1,-1,R,0,4,57.37085912,0,-3.285456419,221.7866364,355.2356739,-0.014,-1.260000039,-0.490000015,-0.008173592,0.133446388,0.016680799,TRUE
1716,1000_radii_1,-1,R,0,4,57.38750037,0,-3.296514273,221.9193115,355.2275195,-0.014,-1.260000039,-0.490000015,-0.008154511,0.133134874,0.016641859,TRUE
1717,1000_radii_1,-1,R,0,4,57.40424034,0,-3.307655096,222.0527496,355.2193179,-0.014,-1.260000039,-0.490000015,-0.008201694,0.133905207,0.016738151,TRUE
1718,1000_radii_1,-1,R,0,4,57.42085925,0,-3.318736553,222.185257,355.211174,-0.014,-1.260000039,-0.490000015,-0.00814401,0.13296342,0.016620428,TRUE
1719,1000_radii_1,-1,R,0,4,57.43751922,0,-3.329863548,222.3180695,355.2030106,-0.014,-1.260000039,-0.490000015,-0.008163682,0.133284594,0.016660574,TRUE
1720,1000_radii_1,-1,R,0,4,57.45417738,0,-3.341007471,222.4508667,355.1948476,-0.014,-1.260000039,-0.490000015,-0.008162203,0.133260445,0.016657556,TRUE
1721,1000_radii_1,-1,R,0,4,57.47086452,0,-3.352189779,222.5838928,355.1866717,-0.014,-1.260000039,-0.490000015,-0.008176402,0.13349227,0.016686534,TRUE
1722,1000_radii_1,-1,R,0,4,57.48763497,0,-3.363446951,222.7175751,355.1784539,-0.014,-1.260000039,-0.490000015,-0.008217225,0.134158765,0.016769846,TRUE
1723,1000_radii_1,-1,R,0,4,57.504288,0,-3.374645948,222.8503418,355.1702938,-0.014,-1.260000039,-0.490000015,-0.008160871,0.133238712,0.016654839,TRUE
1724,1000_radii_1,-1,R,0,4,57.52087039,0,-3.385814428,222.9825287,355.1621685,-0.014,-1.260000039,-0.490000015,-0.00812493,0.132651906,0.016581488,TRUE
1725,1000_radii_1,-1,R,0,4,57.53751527,0,-3.397044897,223.1152191,355.1540117,-0.014,-1.260000039,-0.490000015,-0.008156286,0.133163852,0.016645481,TRUE
1726,1000_radii_1,-1,R,0,4,57.55421992,0,-3.40833354,223.2483673,355.1458278,-0.014,-1.260000039,-0.490000015,-0.008184833,0.133629916,0.016703739,TRUE
1727,1000_radii_1,-1,R,0,4,57.57096229,0,-3.419602394,223.3810577,355.137671,-0.014,-1.260000039,-0.490000015,-0.00815673,0.133171096,0.016646387,TRUE
1728,1000_radii_1,-1,R,0,4,57.58751088,0,-3.43088913,223.5137329,355.1295147,-0.014,-1.260000039,-0.490000015,-0.00815599,0.133159022,0.016644878,TRUE
1729,1000_radii_1,-1,R,0,4,57.60418624,0,-3.442214489,223.646637,355.1213441,-0.014,-1.260000039,-0.490000015,-0.00817019,0.133390847,0.016673856,TRUE
1730,1000_radii_1,-1,R,0,4,57.62091172,0,-3.453593969,223.779953,355.1131492,-0.014,-1.260000039,-0.490000015,-0.008195482,0.133803784,0.016725473,TRUE
1731,1000_radii_1,-1,R,0,4,57.63759553,0,-3.464948654,223.9127655,355.1049852,-0.014,-1.260000039,-0.490000015,-0.008163977,0.133289424,0.016661178,TRUE
1732,1000_radii_1,-1,R,0,4,57.65425852,0,-3.476336241,224.0457306,355.0968113,-0.014,-1.260000039,-0.490000015,-0.008174035,0.133453633,0.016681704,TRUE
1733,1000_radii_1,-1,R,0,4,57.67089525,0,-3.487714291,224.17836,355.0886574,-0.014,-1.260000039,-0.490000015,-0.008153624,0.133120385,0.016640048,TRUE
1734,1000_radii_1,-1,R,0,4,57.68749908,0,-3.499087095,224.3107147,355.0805211,-0.014,-1.260000039,-0.490000015,-0.008136318,0.132837849,0.016604731,TRUE
1735,1000_radii_1,-1,R,0,4,57.70414395,0,-3.510506153,224.4433899,355.0723653,-0.014,-1.260000039,-0.490000015,-0.00815599,0.133159022,0.016644878,TRUE
1736,1000_radii_1,-1,R,0,4,57.72082656,0,-3.521970272,224.576355,355.0641909,-0.014,-1.260000039,-0.490000015,-0.008174627,0.133463292,0.016682911,TRUE
1737,1000_radii_1,-1,R,0,4,57.73756502,0,-3.533492327,224.7097778,355.0559878,-0.014,-1.260000039,-0.490000015,-0.008202286,0.133914867,0.016739358,TRUE
1738,1000_radii_1,-1,R,0,4,57.75421925,0,-3.544974566,224.842514,355.0478277,-0.014,-1.260000039,-0.490000015,-0.008160428,0.133231467,0.016653933,TRUE
1739,1000_radii_1,-1,R,0,4,57.77097914,0,-3.556537628,224.9759674,355.0396242,-0.014,-1.260000039,-0.490000015,-0.008204357,0.133948674,0.016743584,TRUE
1740,1000_radii_1,-1,R,0,4,57.78750146,0,-3.567975283,225.1077423,355.0315208,-0.014,-1.260000039,-0.490000015,-0.008102004,0.132277606,0.016534701,TRUE
1741,1000_radii_1,-1,R,0,4,57.80425802,0,-3.579581261,225.2412415,355.023313,-0.014,-1.260000039,-0.490000015,-0.008207906,0.134006631,0.016750829,TRUE
1742,1000_radii_1,-1,R,0,4,57.82087604,0,-3.59111762,225.3737183,355.0151687,-0.014,-1.260000039,-0.490000015,-0.008145193,0.132982739,0.016622842,TRUE
1743,1000_radii_1,-1,R,0,4,57.83753148,0,-3.602696896,225.5064697,355.0070066,-0.014,-1.260000039,-0.490000015,-0.008162203,0.133260445,0.016657556,TRUE
1744,1000_radii_1,-1,R,0,4,57.85418934,0,-3.614295483,225.6392365,354.9988437,-0.014,-1.260000039,-0.490000015,-0.008162498,0.133265275,0.016658159,TRUE
1745,1000_radii_1,-1,R,0,4,57.87085504,0,-3.625912666,225.7719879,354.9906816,-0.014,-1.260000039,-0.490000015,-0.008162203,0.133260445,0.016657556,TRUE
1746,1000_radii_1,-1,R,0,4,57.88751833,0,-3.637559891,225.9048615,354.9825115,-0.014,-1.260000039,-0.490000015,-0.008170042,0.133388432,0.016673554,TRUE
1747,1000_radii_1,-1,R,0,4,57.90416321,0,-3.649206638,226.0375214,354.9743552,-0.014,-1.260000039,-0.490000015,-0.008156434,0.133166267,0.016645783,TRUE
1748,1000_radii_1,-1,R,0,4,57.9208268,0,-3.660870075,226.1701508,354.9661999,-0.014,-1.260000039,-0.490000015,-0.008154955,0.133142118,0.016642765,TRUE
1749,1000_radii_1,-1,R,0,4,57.93756496,0,-3.672633648,226.3036957,354.9579887,-0.014,-1.260000039,-0.490000015,-0.008211604,0.134067002,0.016758375,TRUE
1750,1000_radii_1,-1,R,0,4,57.95425209,0,-3.684365273,226.4366608,354.9498124,-0.014,-1.260000039,-0.490000015,-0.008176106,0.13348744,0.01668593,TRUE
1751,1000_radii_1,-1,R,0,4,57.97081668,0,-3.696029186,226.5686493,354.9416962,-0.014,-1.260000039,-0.490000015,-0.008115759,0.132502186,0.016562773,TRUE
1752,1000_radii_1,-1,R,0,4,57.98750563,0,-3.707803249,226.7016602,354.933517,-0.014,-1.260000039,-0.490000015,-0.008179212,0.133538152,0.016692269,TRUE
1753,1000_radii_1,-1,R,0,4,58.00415745,0,-3.719567537,226.8343506,354.9253578,-0.014,-1.260000039,-0.490000015,-0.008159392,0.133214564,0.01665182,TRUE
1754,1000_radii_1,-1,R,0,4,58.02080534,0,-3.731340885,226.9669342,354.9172053,-0.014,-1.260000039,-0.490000015,-0.008152588,0.133103481,0.016637935,TRUE
1755,1000_radii_1,-1,R,0,4,58.03748282,0,-3.743168116,227.0998993,354.9090285,-0.014,-1.260000039,-0.490000015,-0.008176698,0.1334971,0.016687137,TRUE
1756,1000_radii_1,-1,R,0,4,58.05423576,0,-3.75506115,227.2333984,354.9008198,-0.014,-1.260000039,-0.490000015,-0.00820909,0.134025949,0.016753244,TRUE
1757,1000_radii_1,-1,R,0,4,58.07077439,0,-3.766820669,227.3651886,354.8927159,-0.014,-1.260000039,-0.490000015,-0.008103779,0.132306584,0.016538323,TRUE
1758,1000_radii_1,-1,R,0,4,58.08746032,0,-3.778704166,227.4981537,354.8845396,-0.014,-1.260000039,-0.490000015,-0.008176402,0.13349227,0.016686534,TRUE
1759,1000_radii_1,-1,R,0,4,58.10414383,0,-3.790604591,227.6310883,354.8763647,-0.014,-1.260000039,-0.490000015,-0.008174923,0.133468122,0.016683515,TRUE
1760,1000_radii_1,-1,R,0,4,58.12084093,0,-3.802519321,227.7639771,354.8681927,-0.014,-1.260000039,-0.490000015,-0.008171669,0.133414995,0.016676874,TRUE
1761,1000_radii_1,-1,R,0,4,58.13749728,0,-3.814452648,227.8968506,354.8600211,-0.014,-1.260000039,-0.490000015,-0.008171521,0.13341258,0.016676573,TRUE
1762,1000_radii_1,-1,R,0,4,58.15414306,0,-3.826381683,228.0294647,354.8518658,-0.014,-1.260000039,-0.490000015,-0.008155547,0.133151778,0.016643972,TRUE
1763,1000_radii_1,-1,R,0,4,58.17089027,0,-3.838404417,228.1629181,354.8436589,-0.014,-1.260000039,-0.490000015,-0.008206723,0.133987312,0.016748414,TRUE
1764,1000_radii_1,-1,R,0,4,58.18751553,0,-3.850358009,228.2953796,354.8355126,-0.014,-1.260000039,-0.490000015,-0.008146524,0.133004473,0.016625559,TRUE
1765,1000_radii_1,-1,R,0,4,58.20417731,0,-3.862356186,228.4281311,354.8273487,-0.014,-1.260000039,-0.490000015,-0.008163977,0.133289424,0.016661178,TRUE
1766,1000_radii_1,-1,R,0,4,58.22090761,0,-3.874423027,228.5614319,354.8191509,-0.014,-1.260000039,-0.490000015,-0.008197849,0.133842422,0.016730303,TRUE
1767,1000_radii_1,-1,R,0,4,58.23748336,0,-3.886397362,228.6934967,354.8110285,-0.014,-1.260000039,-0.490000015,-0.008122119,0.132606024,0.016575753,TRUE
1768,1000_radii_1,-1,R,0,4,58.25418227,0,-3.898479939,228.8265381,354.802846,-0.014,-1.260000039,-0.490000015,-0.008182762,0.133596108,0.016699514,TRUE
1769,1000_radii_1,-1,R,0,4,58.27090201,0,-3.910593271,228.9597168,354.7946553,-0.014,-1.260000039,-0.490000015,-0.008190749,0.133726509,0.016715814,TRUE
1770,1000_radii_1,-1,R,0,4,58.28747626,0,-3.922625303,229.0917969,354.7865319,-0.014,-1.260000039,-0.490000015,-0.008123007,0.132620513,0.016577564,TRUE
1771,1000_radii_1,-1,R,0,4,58.30417547,0,-3.934764147,229.2248383,354.7783499,-0.014,-1.260000039,-0.490000015,-0.008182318,0.133588863,0.016698608,TRUE
1772,1000_radii_1,-1,R,0,4,58.32082034,0,-3.946876526,229.3573761,354.7701979,-0.014,-1.260000039,-0.490000015,-0.008151701,0.133088992,0.016636124,TRUE
1773,1000_radii_1,-1,R,0,4,58.33756604,0,-3.959094286,229.49086,354.7619886,-0.014,-1.260000039,-0.490000015,-0.008209829,0.134038023,0.016754753,TRUE
1774,1000_radii_1,-1,R,0,4,58.35422179,0,-3.971257687,229.6235352,354.7538276,-0.014,-1.260000039,-0.490000015,-0.008160576,0.133233882,0.016654235,TRUE
1775,1000_radii_1,-1,R,0,4,58.37081988,0,-3.983392,229.7556915,354.7456999,-0.014,-1.260000039,-0.490000015,-0.008128479,0.132709862,0.016588733,TRUE
1776,1000_radii_1,-1,R,0,4,58.38751728,0,-3.995632887,229.8887939,354.7375126,-0.014,-1.260000039,-0.490000015,-0.008187199,0.133668553,0.016708569,TRUE
1777,1000_radii_1,-1,R,0,4,58.4041199,0,-4.007815838,230.0210571,354.7293763,-0.014,-1.260000039,-0.490000015,-0.008135727,0.132828189,0.016603524,TRUE
1778,1000_radii_1,-1,R,0,4,58.42076447,0,-4.020047188,230.1536407,354.721221,-0.014,-1.260000039,-0.490000015,-0.008155547,0.133151778,0.016643972,TRUE
1779,1000_radii_1,-1,R,0,4,58.43746912,0,-4.032341957,230.2867126,354.7130351,-0.014,-1.260000039,-0.490000015,-0.008185276,0.13363716,0.016704645,TRUE
1780,1000_radii_1,-1,R,0,4,58.45412607,0,-4.044620991,230.4194031,354.7048726,-0.014,-1.260000039,-0.490000015,-0.008162203,0.133260445,0.016657556,TRUE
1781,1000_radii_1,-1,R,0,4,58.47095357,0,-4.057044029,230.5534363,354.6966276,-0.014,-1.260000039,-0.490000015,-0.008245031,0.134612755,0.016826594,TRUE
1782,1000_radii_1,-1,R,0,4,58.48748374,0,-4.069267273,230.6851196,354.6885285,-0.014,-1.260000039,-0.490000015,-0.008099933,0.132243798,0.016530475,TRUE
1783,1000_radii_1,-1,R,0,4,58.50417782,0,-4.08163023,230.8181,354.6803479,-0.014,-1.260000039,-0.490000015,-0.0081801,0.133552641,0.01669408,TRUE
1784,1000_radii_1,-1,R,0,4,58.52086737,0,-4.094001293,230.9509583,354.6721754,-0.014,-1.260000039,-0.490000015,-0.008172852,0.133434314,0.016679289,TRUE
1785,1000_radii_1,-1,R,0,4,58.53747875,0,-4.106348515,231.0833588,354.6640306,-0.014,-1.260000039,-0.490000015,-0.008144749,0.132975495,0.016621937,TRUE
1786,1000_radii_1,-1,R,0,4,58.55414445,0,-4.118747234,231.2161102,354.6558642,-0.014,-1.260000039,-0.490000015,-0.008166048,0.133323231,0.016665404,TRUE
1787,1000_radii_1,-1,R,0,4,58.57085604,0,-4.131184101,231.3490601,354.6476855,-0.014,-1.260000039,-0.490000015,-0.008178916,0.133533322,0.016691665,TRUE
1788,1000_radii_1,-1,R,0,4,58.58753382,0,-4.143644333,231.4820557,354.6395035,-0.014,-1.260000039,-0.490000015,-0.008181874,0.133581619,0.016697702,TRUE
1789,1000_radii_1,-1,R,0,4,58.60414368,0,-4.156057835,231.6143494,354.6313648,-0.014,-1.260000039,-0.490000015,-0.008138537,0.132874071,0.016609259,TRUE
1790,1000_radii_1,-1,R,0,4,58.62080758,0,-4.168531418,231.7470856,354.6231995,-0.014,-1.260000039,-0.490000015,-0.008165752,0.133318402,0.0166648,TRUE
1791,1000_radii_1,-1,R,0,4,58.63747872,0,-4.181027889,231.8798523,354.6150312,-0.014,-1.260000039,-0.490000015,-0.008168267,0.133359454,0.016669932,TRUE
1792,1000_radii_1,-1,R,0,4,58.65418125,0,-4.193568707,232.0128937,354.6068459,-0.014,-1.260000039,-0.490000015,-0.008184981,0.133632331,0.016704041,TRUE
1793,1000_radii_1,-1,R,0,4,58.67078085,0,-4.206050396,232.1451111,354.5987124,-0.014,-1.260000039,-0.490000015,-0.008133952,0.132799211,0.016599901,TRUE
1794,1000_radii_1,-1,R,0,4,58.6874221,0,-4.218581676,232.2776489,354.5905585,-0.014,-1.260000039,-0.490000015,-0.00815392,0.133125215,0.016640652,TRUE
1795,1000_radii_1,-1,R,0,4,58.70413943,0,-4.231188774,232.4107819,354.5823669,-0.014,-1.260000039,-0.490000015,-0.008190897,0.133728924,0.016716116,TRUE
1796,1000_radii_1,-1,R,0,4,58.7209135,0,-4.243858814,232.5443726,354.5741477,-0.014,-1.260000039,-0.490000015,-0.008219591,0.134197403,0.016774675,TRUE
1797,1000_radii_1,-1,R,0,4,58.73747084,0,-4.256384373,232.676239,354.5660343,-0.014,-1.260000039,-0.490000015,-0.008113393,0.132463549,0.016557944,TRUE
1798,1000_radii_1,-1,R,0,4,58.75414711,0,-4.269017696,232.8090515,354.5578632,-0.014,-1.260000039,-0.490000015,-0.008171077,0.133405336,0.016675667,TRUE
1799,1000_radii_1,-1,R,0,4,58.77077538,0,-4.281634808,232.9414825,354.5497146,-0.014,-1.260000039,-0.490000015,-0.008148299,0.133033451,0.016629181,TRUE
1800,1000_radii_1,-1,R,0,4,58.78747912,0,-4.294324875,233.0744781,354.5415316,-0.014,-1.260000039,-0.490000015,-0.008183354,0.133605767,0.016700721,TRUE
1801,1000_radii_1,-1,R,0,4,58.80415388,0,-4.307015896,233.2072906,354.53336,-0.014,-1.260000039,-0.490000015,-0.008171669,0.133414995,0.016676874,TRUE
1802,1000_radii_1,-1,R,0,5,58.82084464,0,-4.319729328,233.3401337,354.5251861,-0.014,-1.260000039,-0.490000015,-0.008173887,0.133451218,0.016681402,FALSE
1803,1000_radii_1,-1,R,0,5,58.83827102,0,-4.3330369,233.4789734,354.516643,-0.014,-1.260000039,-0.490000015,-0.008543068,0.139478654,0.017434832,FALSE
1804,1000_radii_1,-1,R,0,5,58.85416066,0,-4.345184803,233.6055145,354.5088563,-0.014,-1.260000039,-0.490000015,-0.007786514,0.127126756,0.015890844,FALSE
1805,1000_radii_1,-1,R,0,5,58.87074305,0,-4.357879162,233.7375641,354.500731,-0.014,-1.260000039,-0.490000015,-0.008125373,0.132659151,0.016582394,FALSE
1806,1000_radii_1,-1,R,0,5,58.88741238,0,-4.370658875,233.8703003,354.4925632,-0.014,-1.260000039,-0.490000015,-0.008167971,0.133354624,0.016669328,FALSE
1807,1000_radii_1,-1,R,0,5,58.90415204,0,-4.383511543,234.0036011,354.4843607,-0.014,-1.260000039,-0.490000015,-0.008202286,0.133914867,0.016739358,FALSE
1808,1000_radii_1,-1,R,0,5,58.92076432,0,-4.396285534,234.1358795,354.4762206,-0.014,-1.260000039,-0.490000015,-0.008140164,0.132900635,0.016612579,FALSE
1809,1000_radii_1,-1,R,0,5,58.93744301,0,-4.40912962,234.268692,354.4680481,-0.014,-1.260000039,-0.490000015,-0.008172704,0.133431899,0.016678987,FALSE
1810,1000_radii_1,-1,R,0,5,58.95419776,0,-4.422049999,234.4020996,354.4598389,-0.014,-1.260000039,-0.490000015,-0.00820909,0.134025949,0.016753244,FALSE
1811,1000_radii_1,-1,R,0,5,58.97076053,0,-4.434843063,234.5339966,354.4517226,-0.014,-1.260000039,-0.490000015,-0.008116351,0.132511846,0.016563981,FALSE
1812,1000_radii_1,-1,R,0,5,58.98741688,0,-4.447726727,234.666626,354.4435606,-0.014,-1.260000039,-0.490000015,-0.008161907,0.133255616,0.016656952,FALSE
1813,1000_radii_1,-1,R,0,5,59.00412032,0,-4.460664749,234.7996216,354.4353771,-0.014,-1.260000039,-0.490000015,-0.008184241,0.133620256,0.016702532,FALSE
1814,1000_radii_1,-1,R,0,5,59.02078874,0,-4.473596096,234.9323578,354.4272079,-0.014,-1.260000039,-0.490000015,-0.008168119,0.133357039,0.01666963,FALSE
1815,1000_radii_1,-1,R,0,5,59.03740102,0,-4.486501694,235.064621,354.4190683,-0.014,-1.260000039,-0.490000015,-0.008140016,0.13289822,0.016612277,FALSE
1816,1000_radii_1,-1,R,0,5,59.05416634,0,-4.499545097,235.1981049,354.4108534,-0.014,-1.260000039,-0.490000015,-0.008215006,0.134122543,0.016765318,FALSE
1817,1000_radii_1,-1,R,0,5,59.07074843,0,-4.512465,235.3301239,354.4027276,-0.014,-1.260000039,-0.490000015,-0.008125225,0.132656736,0.016582092,FALSE
1818,1000_radii_1,-1,R,0,5,59.08741685,0,-4.525470734,235.4628296,354.3945603,-0.014,-1.260000039,-0.490000015,-0.008167379,0.133344965,0.016668121,FALSE
1819,1000_radii_1,-1,R,0,5,59.10407863,0,-4.538490295,235.5954895,354.3863969,-0.014,-1.260000039,-0.490000015,-0.008164125,0.133291838,0.01666148,FALSE
1820,1000_radii_1,-1,R,0,5,59.12080109,0,-4.551576614,235.7286224,354.3782024,-0.014,-1.260000039,-0.490000015,-0.008194003,0.133779636,0.016722454,FALSE
1821,1000_radii_1,-1,R,0,5,59.13740853,0,-4.564591885,235.8608398,354.3700652,-0.014,-1.260000039,-0.490000015,-0.00813765,0.132859582,0.016607448,FALSE
1822,1000_radii_1,-1,R,0,5,59.15415785,0,-4.577737331,235.9941864,354.3618579,-0.014,-1.260000039,-0.490000015,-0.008207315,0.133996971,0.016749621,FALSE
1823,1000_radii_1,-1,R,0,5,59.17074538,0,-4.590775013,236.1262512,354.3537297,-0.014,-1.260000039,-0.490000015,-0.008128183,0.132705033,0.016588129,FALSE
1824,1000_radii_1,-1,R,0,5,59.18742135,0,-4.603899956,236.2590027,354.3455586,-0.014,-1.260000039,-0.490000015,-0.008170929,0.133402921,0.016675365,FALSE
1825,1000_radii_1,-1,R,0,5,59.2041755,0,-4.617105484,236.3923798,354.3373494,-0.014,-1.260000039,-0.490000015,-0.00820909,0.134025949,0.016753244,FALSE
1826,1000_radii_1,-1,R,0,5,59.22073465,0,-4.630176544,236.5242004,354.3292356,-0.014,-1.260000039,-0.490000015,-0.008113984,0.132473208,0.016559151,FALSE
1827,1000_radii_1,-1,R,0,5,59.2374734,0,-4.643409252,236.6574707,354.321033,-0.014,-1.260000039,-0.490000015,-0.008202582,0.133919696,0.016739962,FALSE
1828,1000_radii_1,-1,R,0,5,59.25416567,0,-4.656622887,236.7903442,354.3128538,-0.014,-1.260000039,-0.490000015,-0.008178768,0.133530907,0.016691363,FALSE
1829,1000_radii_1,-1,R,0,5,59.27074324,0,-4.669765472,236.9223175,354.3047309,-0.014,-1.260000039,-0.490000015,-0.008123155,0.132622928,0.016577866,FALSE
1830,1000_radii_1,-1,R,0,5,59.28742071,0,-4.683006287,237.0550842,354.2965584,-0.014,-1.260000039,-0.490000015,-0.008172408,0.133427069,0.016678384,FALSE
1831,1000_radii_1,-1,R,0,5,59.30410091,0,-4.696267605,237.1878662,354.2883854,-0.014,-1.260000039,-0.490000015,-0.008173296,0.133441558,0.016680195,FALSE
1832,1000_radii_1,-1,R,0,5,59.3207479,0,-4.709521294,237.3203735,354.2802286,-0.014,-1.260000039,-0.490000015,-0.008156878,0.133173511,0.016646689,FALSE
1833,1000_radii_1,-1,R,0,5,59.33740938,0,-4.722805023,237.4529877,354.2720647,-0.014,-1.260000039,-0.490000015,-0.008163682,0.133284594,0.016660574,FALSE
1834,1000_radii_1,-1,R,0,5,59.35420126,0,-4.736210823,237.5866394,354.2638378,-0.014,-1.260000039,-0.490000015,-0.008226987,0.134318145,0.016789768,FALSE
1835,1000_radii_1,-1,R,0,5,59.37073445,0,-4.749432087,237.7182617,354.2557354,-0.014,-1.260000039,-0.490000015,-0.008102299,0.132282436,0.016535304,FALSE
1836,1000_radii_1,-1,R,0,5,59.38739714,0,-4.762774467,237.8508911,354.24757,-0.014,-1.260000039,-0.490000015,-0.008165013,0.133306327,0.016663291,FALSE
1837,1000_radii_1,-1,R,0,5,59.40408337,0,-4.776153564,237.9837036,354.2393947,-0.014,-1.260000039,-0.490000015,-0.008175958,0.133485025,0.016685628,FALSE
1838,1000_radii_1,-1,R,0,5,59.42070682,0,-4.789502621,238.1160278,354.2312479,-0.014,-1.260000039,-0.490000015,-0.008145933,0.132994813,0.016624352,FALSE
1839,1000_radii_1,-1,R,0,5,59.43744859,0,-4.802964687,238.2492828,354.2230453,-0.014,-1.260000039,-0.490000015,-0.008203321,0.133931771,0.016741471,FALSE
1840,1000_radii_1,-1,R,0,5,59.45415957,0,-4.816421032,238.3822937,354.2148566,-0.014,-1.260000039,-0.490000015,-0.008188382,0.133687872,0.016710984,FALSE
1841,1000_radii_1,-1,R,0,5,59.47079208,0,-4.829832554,238.5146637,354.2067075,-0.014,-1.260000039,-0.490000015,-0.008149482,0.133052769,0.016631596,FALSE
1842,1000_radii_1,-1,R,0,5,59.48744722,0,-4.843281269,238.6472168,354.1985464,-0.014,-1.260000039,-0.490000015,-0.008160723,0.133236297,0.016654537,FALSE
1843,1000_radii_1,-1,R,0,5,59.50407579,0,-4.856728077,238.7795715,354.1903982,-0.014,-1.260000039,-0.490000015,-0.008148151,0.133031036,0.016628879,FALSE
1844,1000_radii_1,-1,R,0,5,59.52069652,0,-4.870187759,238.9118652,354.1822538,-0.014,-1.260000039,-0.490000015,-0.008144453,0.132970665,0.016621333,FALSE
1845,1000_radii_1,-1,R,0,5,59.53739574,0,-4.883729458,239.0447693,354.1740713,-0.014,-1.260000039,-0.490000015,-0.008182762,0.133596108,0.016699514,FALSE
1846,1000_radii_1,-1,R,0,5,59.55409585,0,-4.897290707,239.1776733,354.1658878,-0.014,-1.260000039,-0.490000015,-0.008183058,0.133600938,0.016700117,FALSE
1847,1000_radii_1,-1,R,0,5,59.57072262,0,-4.910812378,239.3100128,354.1577406,-0.014,-1.260000039,-0.490000015,-0.008147707,0.133023791,0.016627974,FALSE
1848,1000_radii_1,-1,R,0,5,59.58737836,0,-4.92437458,239.4425507,354.1495795,-0.014,-1.260000039,-0.490000015,-0.008160723,0.133236297,0.016654537,FALSE
1849,1000_radii_1,-1,R,0,5,59.60404347,0,-4.937964916,239.5751801,354.1414132,-0.014,-1.260000039,-0.490000015,-0.008166196,0.133325646,0.016665706,FALSE
1850,1000_radii_1,-1,R,0,5,59.62072064,0,-4.951582909,239.707901,354.1332417,-0.014,-1.260000039,-0.490000015,-0.008171669,0.133414995,0.016676874,FALSE
1851,1000_radii_1,-1,R,0,5,59.63739208,0,-4.965215206,239.8405762,354.125073,-0.014,-1.260000039,-0.490000015,-0.008168858,0.133369113,0.016671139,FALSE
1852,1000_radii_1,-1,R,0,5,59.6541574,0,-4.978941917,239.9739838,354.1168585,-0.014,-1.260000039,-0.490000015,-0.008213971,0.134105639,0.016763205,FALSE
1853,1000_radii_1,-1,R,0,5,59.67072802,0,-4.9925313,240.1058655,354.1087384,-0.014,-1.260000039,-0.490000015,-0.008120492,0.132579461,0.016572433,FALSE
1854,1000_radii_1,-1,R,0,5,59.68743478,0,-5.006250858,240.2388306,354.1005511,-0.014,-1.260000039,-0.490000015,-0.008187051,0.133666138,0.016708267,FALSE
1855,1000_radii_1,-1,R,0,5,59.70414184,0,-5.019987583,240.3717651,354.0923657,-0.014,-1.260000039,-0.490000015,-0.008186016,0.133649234,0.016706154,FALSE
1856,1000_radii_1,-1,R,0,5,59.72072212,0,-5.033639431,240.5036926,354.0842414,-0.014,-1.260000039,-0.490000015,-0.008124042,0.132637417,0.016579677,FALSE
1857,1000_radii_1,-1,R,0,5,59.73737756,0,-5.047373295,240.6362305,354.0760798,-0.014,-1.260000039,-0.490000015,-0.008161759,0.133253201,0.01665665,FALSE
1858,1000_radii_1,-1,R,0,5,59.75406651,0,-5.061152458,240.7690277,354.0679026,-0.014,-1.260000039,-0.490000015,-0.008177289,0.133506759,0.016688345,FALSE
1859,1000_radii_1,-1,R,0,5,59.77072075,0,-5.074922562,240.9015503,354.059741,-0.014,-1.260000039,-0.490000015,-0.008160871,0.133238712,0.016654839,FALSE
1860,1000_radii_1,-1,R,0,5,59.7873783,0,-5.088713646,241.0340881,354.0515795,-0.014,-1.260000039,-0.490000015,-0.008162055,0.133258031,0.016657254,FALSE
1861,1000_radii_1,-1,R,0,5,59.80415479,0,-5.102601528,241.1673737,354.0433717,-0.014,-1.260000039,-0.490000015,-0.008208054,0.134009045,0.016751131,FALSE
1862,1000_radii_1,-1,R,0,5,59.82077341,0,-5.116408825,241.2997131,354.0352221,-0.014,-1.260000039,-0.490000015,-0.008149334,0.133050355,0.016631294,FALSE
1863,1000_radii_1,-1,R,0,5,59.83741255,0,-5.130246639,241.4321594,354.0270658,-0.014,-1.260000039,-0.490000015,-0.008156286,0.133163852,0.016645481,TRUE
1864,1000_radii_1,-1,R,0,5,59.85405048,0,-5.144099236,241.5645599,354.0189118,-0.014,-1.260000039,-0.490000015,-0.008153772,0.1331228,0.01664035,TRUE
1865,1000_radii_1,-1,R,0,5,59.87072042,0,-5.157997131,241.6972198,354.0107427,-0.014,-1.260000039,-0.490000015,-0.00816945,0.133378773,0.016672347,TRUE
1866,1000_radii_1,-1,R,0,5,59.88741902,0,-5.171936035,241.8300781,354.0025601,-0.014,-1.260000039,-0.490000015,-0.00818217,0.133586449,0.016698306,TRUE
1867,1000_radii_1,-1,R,0,5,59.90410495,0,-5.185883999,241.9628448,353.9943833,-0.014,-1.260000039,-0.490000015,-0.008176402,0.13349227,0.016686534,TRUE
1868,1000_radii_1,-1,R,0,5,59.9214933,0,-5.200436592,242.1011658,353.9858646,-0.014,-1.260000039,-0.490000015,-0.008519255,0.139089865,0.017386233,TRUE
1869,1000_radii_1,-1,R,0,5,59.93750821,0,-5.213861465,242.2285919,353.9780169,-0.014,-1.260000039,-0.490000015,-0.007848044,0.128131329,0.016016416,TRUE
1870,1000_radii_1,-1,R,0,5,59.95410358,0,-5.227787495,242.3605957,353.9698858,-0.014,-1.260000039,-0.490000015,-0.00813055,0.13274367,0.016592959,TRUE
1871,1000_radii_1,-1,R,0,5,59.97080098,0,-5.241823673,242.4934692,353.9617019,-0.014,-1.260000039,-0.490000015,-0.008183649,0.133610597,0.016701325,TRUE
1872,1000_radii_1,-1,R,0,5,59.98738458,0,-5.25577879,242.6253967,353.953577,-0.014,-1.260000039,-0.490000015,-0.008125669,0.13266398,0.016582998,TRUE
1873,1000_radii_1,-1,R,0,5,60.00408983,0,-5.269855499,242.7582855,353.9453917,-0.014,-1.260000039,-0.490000015,-0.008185276,0.13363716,0.016704645,TRUE
1874,1000_radii_1,-1,R,0,5,60.02072626,0,-5.283893585,242.8906403,353.9372392,-0.014,-1.260000039,-0.490000015,-0.008151997,0.133093822,0.016636728,TRUE
1875,1000_radii_1,-1,R,0,5,60.03748342,0,-5.298052788,243.0239563,353.929028,-0.014,-1.260000039,-0.490000015,-0.00821116,0.134059757,0.01675747,TRUE
1876,1000_radii_1,-1,R,0,5,60.05408031,0,-5.312095642,243.1559906,353.9208956,-0.014,-1.260000039,-0.490000015,-0.008132769,0.132779893,0.016597487,TRUE
1877,1000_radii_1,-1,R,0,5,60.0707119,0,-5.32618618,243.2882996,353.912746,-0.014,-1.260000039,-0.490000015,-0.008149482,0.133052769,0.016631596,TRUE
1878,1000_radii_1,-1,R,0,5,60.0873601,0,-5.340309143,243.4207306,353.9045887,-0.014,-1.260000039,-0.490000015,-0.008157322,0.133180756,0.016647594,TRUE
1879,1000_radii_1,-1,R,0,5,60.10411636,0,-5.354542255,243.5540161,353.8963785,-0.014,-1.260000039,-0.490000015,-0.008210125,0.134042853,0.016755357,TRUE
1880,1000_radii_1,-1,R,0,5,60.12070389,0,-5.368652344,243.6859589,353.8882508,-0.014,-1.260000039,-0.490000015,-0.008128036,0.132702618,0.016587827,TRUE
1881,1000_radii_1,-1,R,0,5,60.13737684,0,-5.382853508,243.8185883,353.8800807,-0.014,-1.260000039,-0.490000015,-0.008169746,0.133383602,0.01667295,TRUE
1882,1000_radii_1,-1,R,0,5,60.15408058,0,-5.397100449,243.9514618,353.8718953,-0.014,-1.260000039,-0.490000015,-0.008185276,0.13363716,0.016704645,TRUE
1883,1000_radii_1,-1,R,0,5,60.17070614,0,-5.411299229,244.0837097,353.863749,-0.014,-1.260000039,-0.490000015,-0.008146672,0.133006887,0.016625861,TRUE
1884,1000_radii_1,-1,R,0,5,60.18742769,0,-5.425598621,244.2167206,353.8555551,-0.014,-1.260000039,-0.490000015,-0.008193707,0.133774806,0.016721851,TRUE
1885,1000_radii_1,-1,R,0,5,60.2040626,0,-5.439842701,244.3490295,353.8474045,-0.014,-1.260000039,-0.490000015,-0.008150961,0.133076918,0.016634615,TRUE
1886,1000_radii_1,-1,R,0,5,60.22078325,0,-5.454178333,244.4820099,353.839211,-0.014,-1.260000039,-0.490000015,-0.008192672,0.133757902,0.016719738,TRUE
1887,1000_radii_1,-1,R,0,5,60.23738375,0,-5.468431473,244.6140442,353.8310771,-0.014,-1.260000039,-0.490000015,-0.008134544,0.132808871,0.016601109,TRUE
1888,1000_radii_1,-1,R,0,5,60.25407391,0,-5.48277998,244.7467957,353.8228984,-0.014,-1.260000039,-0.490000015,-0.008178473,0.133526078,0.01669076,TRUE
1889,1000_radii_1,-1,R,0,5,60.2707541,0,-5.497136593,244.8794403,353.8147264,-0.014,-1.260000039,-0.490000015,-0.008172112,0.13342224,0.01667778,TRUE
1890,1000_radii_1,-1,R,0,5,60.28735883,0,-5.511449337,245.0115051,353.8065896,-0.014,-1.260000039,-0.490000015,-0.008136614,0.132842678,0.016605335,TRUE
1891,1000_radii_1,-1,R,0,5,60.30407948,0,-5.525882244,245.1445007,353.7983956,-0.014,-1.260000039,-0.490000015,-0.008194151,0.133782051,0.016722756,TRUE
1892,1000_radii_1,-1,R,0,5,60.32070836,0,-5.540252686,245.2767487,353.7902479,-0.014,-1.260000039,-0.490000015,-0.008147855,0.133026206,0.016628276,TRUE
1893,1000_radii_1,-1,R,0,5,60.33737678,0,-5.55467701,245.409317,353.7820802,-0.014,-1.260000039,-0.490000015,-0.008167675,0.133349794,0.016668724,TRUE
1894,1000_radii_1,-1,R,0,5,60.35410135,0,-5.56916666,245.5423126,353.7738857,-0.014,-1.260000039,-0.490000015,-0.008193855,0.133777221,0.016722153,TRUE
1895,1000_radii_1,-1,R,0,5,60.37073294,0,-5.583597183,245.6745911,353.7657361,-0.014,-1.260000039,-0.490000015,-0.008149778,0.133057599,0.0166322,TRUE
1896,1000_radii_1,-1,R,0,5,60.3873748,0,-5.59805584,245.8069458,353.7575812,-0.014,-1.260000039,-0.490000015,-0.008155103,0.133144533,0.016643067,TRUE
1897,1000_radii_1,-1,R,0,5,60.40405983,0,-5.612569809,245.9396362,353.7494059,-0.014,-1.260000039,-0.490000015,-0.008175514,0.133477781,0.016684723,TRUE
1898,1000_radii_1,-1,R,0,5,60.42075964,0,-5.627115726,246.0724487,353.7412229,-0.014,-1.260000039,-0.490000015,-0.008183058,0.133600938,0.016700117,TRUE
1899,1000_radii_1,-1,R,0,5,60.43748391,0,-5.641701698,246.2054443,353.7330275,-0.014,-1.260000039,-0.490000015,-0.00819489,0.133794125,0.016724266,TRUE
1900,1000_radii_1,-1,R,0,5,60.45405151,0,-5.656169891,246.3371887,353.7249103,-0.014,-1.260000039,-0.490000015,-0.008117978,0.132538409,0.016567301,TRUE
1901,1000_radii_1,-1,R,0,5,60.4707465,0,-5.670769215,246.4699554,353.7167287,-0.014,-1.260000039,-0.490000015,-0.008181135,0.133569545,0.016696193,TRUE
1902,1000_radii_1,-1,R,0,5,60.48736692,0,-5.685319901,246.6021118,353.7085853,-0.014,-1.260000039,-0.490000015,-0.00814327,0.132951346,0.016618918,TRUE
1903,1000_radii_1,-1,R,0,5,60.50409753,0,-5.699987888,246.7351532,353.700387,-0.014,-1.260000039,-0.490000015,-0.008198292,0.133849666,0.016731208,TRUE
1904,1000_radii_1,-1,R,0,5,60.52068385,0,-5.714547634,246.8670349,353.6922603,-0.014,-1.260000039,-0.490000015,-0.008127148,0.132688129,0.016586016,TRUE
1905,1000_radii_1,-1,R,0,5,60.53735046,0,-5.729196548,246.9995575,353.6840935,-0.014,-1.260000039,-0.490000015,-0.00816664,0.133332891,0.016666611,TRUE
1906,1000_radii_1,-1,R,0,5,60.5540056,0,-5.743854523,247.1319885,353.6759319,-0.014,-1.260000039,-0.490000015,-0.008161167,0.133243542,0.016655443,TRUE
1907,1000_radii_1,-1,R,0,5,60.57076307,0,-5.758621216,247.2652283,353.6677208,-0.014,-1.260000039,-0.490000015,-0.008211012,0.134057342,0.016757168,TRUE
1908,1000_radii_1,-1,R,0,5,60.5873687,0,-5.773273468,247.3972626,353.6595845,-0.014,-1.260000039,-0.490000015,-0.00813691,0.132847508,0.016605939,TRUE
1909,1000_radii_1,-1,R,0,5,60.60403652,0,-5.788000107,247.5298004,353.6514168,-0.014,-1.260000039,-0.490000015,-0.008167675,0.133349794,0.016668724,TRUE
1910,1000_radii_1,-1,R,0,5,60.62076984,0,-5.802800655,247.6628265,353.643218,-0.014,-1.260000039,-0.490000015,-0.008198292,0.133849666,0.016731208,TRUE
1911,1000_radii_1,-1,R,0,5,60.63737126,0,-5.817506313,247.7948303,353.6350832,-0.014,-1.260000039,-0.490000015,-0.008135135,0.13281853,0.016602316,TRUE
1912,1000_radii_1,-1,R,0,5,60.6541082,0,-5.832351208,247.9279175,353.6268816,-0.014,-1.260000039,-0.490000015,-0.008201694,0.133905207,0.016738151,TRUE
1913,1000_radii_1,-1,R,0,5,60.67081707,0,-5.84718895,248.0607605,353.6186943,-0.014,-1.260000039,-0.490000015,-0.008187199,0.133668553,0.016708569,TRUE
1914,1000_radii_1,-1,R,0,5,60.68738014,0,-5.861916065,248.1924438,353.6105781,-0.014,-1.260000039,-0.490000015,-0.008115907,0.132504601,0.016563075,TRUE
1915,1000_radii_1,-1,R,0,5,60.70405219,0,-5.876758575,248.3249969,353.6024089,-0.014,-1.260000039,-0.490000015,-0.008169154,0.133373943,0.016671743,TRUE
1916,1000_radii_1,-1,R,0,5,60.72069978,0,-5.891598225,248.4573517,353.5942521,-0.014,-1.260000039,-0.490000015,-0.008157174,0.133178341,0.016647293,TRUE
1917,1000_radii_1,-1,R,0,5,60.73742194,0,-5.906524181,248.5903015,353.5860577,-0.014,-1.260000039,-0.490000015,-0.008194151,0.133782051,0.016722756,TRUE
1918,1000_radii_1,-1,R,0,5,60.75405685,0,-5.921390533,248.7225494,353.5779066,-0.014,-1.260000039,-0.490000015,-0.008150961,0.133076918,0.016634615,TRUE
1919,1000_radii_1,-1,R,0,5,60.77068332,0,-5.93626833,248.8547211,353.5697603,-0.014,-1.260000039,-0.490000015,-0.008146968,0.133011717,0.016626465,TRUE
1920,1000_radii_1,-1,R,0,5,60.78734661,0,-5.951197147,248.9871826,353.5615954,-0.014,-1.260000039,-0.490000015,-0.008164569,0.133299083,0.016662385,TRUE
1921,1000_radii_1,-1,R,0,5,60.80406333,0,-5.96619463,249.1200867,353.5534034,-0.014,-1.260000039,-0.490000015,-0.008191784,0.133743413,0.016717927,TRUE
1922,1000_radii_1,-1,R,0,5,60.82079997,0,-5.981221199,249.2530823,353.5452065,-0.014,-1.260000039,-0.490000015,-0.008197405,0.133835177,0.016729397,TRUE
1923,1000_radii_1,-1,R,0,5,60.83734131,0,-5.996101379,249.384613,353.5370989,-0.014,-1.260000039,-0.490000015,-0.008107328,0.13236454,0.016545568,TRUE
1924,1000_radii_1,-1,R,0,5,60.85404716,0,-6.011146069,249.5174255,353.5289125,-0.014,-1.260000039,-0.490000015,-0.008186755,0.133661309,0.016707664,TRUE
1925,1000_radii_1,-1,R,0,5,60.8706854,0,-6.026146412,249.6496735,353.5207601,-0.014,-1.260000039,-0.490000015,-0.008152293,0.133098651,0.016637331,TRUE
1926,1000_radii_1,-1,R,0,5,60.88734507,0,-6.041187286,249.7821198,353.5125961,-0.014,-1.260000039,-0.490000015,-0.008164125,0.133291838,0.01666148,TRUE
1927,1000_radii_1,-1,R,0,5,60.90400021,0,-6.056240559,249.914505,353.5044355,-0.014,-1.260000039,-0.490000015,-0.008160576,0.133233882,0.016654235,TRUE
1928,1000_radii_1,-1,R,0,5,60.92073353,0,-6.071384907,250.0475159,353.4962354,-0.014,-1.260000039,-0.490000015,-0.008199623,0.1338714,0.016733925,TRUE
1929,1000_radii_1,-1,R,0,5,60.93736211,0,-6.08645153,250.1796722,353.4880881,-0.014,-1.260000039,-0.490000015,-0.008147412,0.133018962,0.01662737,TRUE
1930,1000_radii_1,-1,R,0,5,60.95407128,0,-6.101612091,250.3124847,353.4799004,-0.014,-1.260000039,-0.490000015,-0.008187939,0.133680627,0.016710078,TRUE
1931,1000_radii_1,-1,R,0,5,60.97068507,0,-6.116704464,250.4445343,353.4717593,-0.014,-1.260000039,-0.490000015,-0.008140904,0.132912709,0.016614089,TRUE
1932,1000_radii_1,-1,R,0,5,60.9873544,0,-6.131865978,250.5770264,353.4635916,-0.014,-1.260000039,-0.490000015,-0.008168119,0.133357039,0.01666963,TRUE
1933,1000_radii_1,-1,R,0,5,61.0040521,0,-6.147071838,250.7097321,353.4554095,-0.014,-1.260000039,-0.490000015,-0.008181579,0.133576789,0.016697099,TRUE
1934,1000_radii_1,-1,R,0,5,61.02074467,0,-6.162292957,250.8424072,353.4472294,-0.014,-1.260000039,-0.490000015,-0.008179804,0.133547811,0.016693476,TRUE
1935,1000_radii_1,-1,R,0,5,61.03737355,0,-6.177473545,250.9745636,353.4390821,-0.014,-1.260000039,-0.490000015,-0.008147855,0.133026206,0.016628276,TRUE
1936,1000_radii_1,-1,R,0,5,61.0540139,0,-6.192684174,251.1068115,353.4309278,-0.014,-1.260000039,-0.490000015,-0.008153772,0.1331228,0.01664035,TRUE
1937,1000_radii_1,-1,R,0,5,61.07073575,0,-6.207988739,251.2397156,353.4227343,-0.014,-1.260000039,-0.490000015,-0.008194003,0.133779636,0.016722454,TRUE
1938,1000_radii_1,-1,R,0,5,61.0873432,0,-6.223206997,251.3717041,353.4145961,-0.014,-1.260000039,-0.490000015,-0.00813765,0.132859582,0.016607448,TRUE
1939,1000_radii_1,-1,R,0,5,61.10403909,0,-6.238524914,251.5043945,353.4064159,-0.014,-1.260000039,-0.490000015,-0.008180839,0.133564715,0.016695589,TRUE
1940,1000_radii_1,-1,R,0,5,61.12072592,0,-6.253853798,251.6370087,353.3982387,-0.014,-1.260000039,-0.490000015,-0.00817655,0.133494685,0.016686836,TRUE
1941,1000_radii_1,-1,R,0,5,61.13733035,0,-6.269125938,251.7689667,353.3901029,-0.014,-1.260000039,-0.490000015,-0.008136318,0.132837849,0.016604731,TRUE
1942,1000_radii_1,-1,R,0,5,61.15406126,0,-6.284532547,251.9019165,353.3819051,-0.014,-1.260000039,-0.490000015,-0.008197849,0.133842422,0.016730303,TRUE
1943,1000_radii_1,-1,R,0,5,61.17067112,0,-6.299847126,252.033905,353.3737659,-0.014,-1.260000039,-0.490000015,-0.008138981,0.132881316,0.016610164,TRUE
1944,1000_radii_1,-1,R,0,5,61.18733924,0,-6.315233707,252.1663513,353.3655992,-0.014,-1.260000039,-0.490000015,-0.008167084,0.133340135,0.016667517,TRUE
1945,1000_radii_1,-1,R,0,5,61.20408554,0,-6.330712795,252.2994385,353.3573923,-0.014,-1.260000039,-0.490000015,-0.008206279,0.133980067,0.016747508,TRUE
1946,1000_radii_1,-1,R,0,5,61.22064862,0,-6.346039772,252.4310455,353.349277,-0.014,-1.260000039,-0.490000015,-0.008115611,0.132499771,0.016562471,TRUE
1947,1000_radii_1,-1,R,0,5,61.23737621,0,-6.361538887,252.5639648,353.3410802,-0.014,-1.260000039,-0.490000015,-0.008196665,0.133823103,0.016727888,TRUE
1948,1000_radii_1,-1,R,0,5,61.25405912,0,-6.377015114,252.6965332,353.3329058,-0.014,-1.260000039,-0.490000015,-0.008174627,0.133463292,0.016682911,TRUE
1949,1000_radii_1,-1,R,0,5,61.27068015,0,-6.392451286,252.8285828,353.3247623,-0.014,-1.260000039,-0.490000015,-0.008143418,0.132953761,0.01661922,TRUE
1950,1000_radii_1,-1,R,0,5,61.28733137,0,-6.407937527,252.960907,353.3166022,-0.014,-1.260000039,-0.490000015,-0.008160132,0.133226638,0.01665333,TRUE
1951,1000_radii_1,-1,R,0,5,61.30408219,0,-6.42353344,253.0939941,353.308394,-0.014,-1.260000039,-0.490000015,-0.008207758,0.134004216,0.016750527,TRUE
1952,1000_radii_1,-1,R,0,5,61.32065342,0,-6.438981056,253.2256622,353.3002744,-0.014,-1.260000039,-0.490000015,-0.008119901,0.132569802,0.016571225,TRUE
1953,1000_radii_1,-1,R,0,5,61.33734086,0,-6.454555035,253.3582458,353.2920976,-0.014,-1.260000039,-0.490000015,-0.008176402,0.13349227,0.016686534,TRUE
1954,1000_radii_1,-1,R,0,5,61.35407961,0,-6.470189571,253.4911804,353.2838993,-0.014,-1.260000039,-0.490000015,-0.008198292,0.133849666,0.016731208,TRUE
1955,1000_radii_1,-1,R,0,5,61.37065899,0,-6.485707283,253.6229553,353.2757726,-0.014,-1.260000039,-0.490000015,-0.008127,0.132685714,0.016585714,TRUE
1956,1000_radii_1,-1,R,0,5,61.38737088,0,-6.501362324,253.7557373,353.2675834,-0.014,-1.260000039,-0.490000015,-0.008189122,0.133699946,0.016712493,TRUE
1957,1000_radii_1,-1,R,0,5,61.40407733,0,-6.517031193,253.8884735,353.259397,-0.014,-1.260000039,-0.490000015,-0.00818646,0.133656479,0.01670706,TRUE
1958,1000_radii_1,-1,R,0,5,61.42066365,0,-6.532605648,254.0202484,353.2512703,-0.014,-1.260000039,-0.490000015,-0.008127296,0.132690544,0.016586318,TRUE
1959,1000_radii_1,-1,R,0,5,61.43731879,0,-6.548264027,254.1525726,353.2431087,-0.014,-1.260000039,-0.490000015,-0.008161167,0.133243542,0.016655443,TRUE
1960,1000_radii_1,-1,R,0,5,61.45408803,0,-6.56404829,254.2857971,353.2348919,-0.014,-1.260000039,-0.490000015,-0.008216929,0.134153936,0.016769242,TRUE
1961,1000_radii_1,-1,R,0,5,61.47065292,0,-6.579658985,254.4173889,353.2267747,-0.014,-1.260000039,-0.490000015,-0.008116795,0.13251909,0.016564886,TRUE
1962,1000_radii_1,-1,R,0,5,61.48731863,0,-6.595383167,254.5497742,353.2186093,-0.014,-1.260000039,-0.490000015,-0.008166048,0.133323231,0.016665404,TRUE
1963,1000_radii_1,-1,R,0,5,61.50399671,0,-6.611129761,254.6821899,353.2104411,-0.014,-1.260000039,-0.490000015,-0.008167971,0.133354624,0.016669328,TRUE
1964,1000_radii_1,-1,R,0,5,61.52065457,0,-6.62689352,254.8145905,353.2022743,-0.014,-1.260000039,-0.490000015,-0.008167084,0.133340135,0.016667517,TRUE
1965,1000_radii_1,-1,R,0,5,61.53730608,0,-6.642660618,254.9468689,353.1941147,-0.014,-1.260000039,-0.490000015,-0.008158949,0.133207319,0.016650915,TRUE
1966,1000_radii_1,-1,R,0,5,61.55399292,0,-6.658472061,255.0793457,353.1859426,-0.014,-1.260000039,-0.490000015,-0.008172112,0.13342224,0.01667778,TRUE
1967,1000_radii_1,-1,R,0,5,61.57065108,0,-6.674293518,255.2117462,353.1777754,-0.014,-1.260000039,-0.490000015,-0.008167527,0.13334738,0.016668422,TRUE
1968,1000_radii_1,-1,R,0,5,61.58733188,0,-6.690145016,255.3442383,353.1696024,-0.014,-1.260000039,-0.490000015,-0.008173296,0.133441558,0.016680195,TRUE
1969,1000_radii_1,-1,R,0,5,61.60397464,0,-6.705949783,255.476181,353.1614628,-0.014,-1.260000039,-0.490000015,-0.008139425,0.13288856,0.01661107,TRUE
1970,1000_radii_1,-1,R,0,5,61.62070374,0,-6.721917629,255.6093292,353.1532483,-0.014,-1.260000039,-0.490000015,-0.008213823,0.134103224,0.016762903,TRUE
1971,1000_radii_1,-1,R,0,5,61.63737578,0,-6.737814903,255.7417297,353.145081,-0.014,-1.260000039,-0.490000015,-0.008167675,0.133349794,0.016668724,TRUE
1972,1000_radii_1,-1,R,0,5,61.65402277,0,-6.75371027,255.8739471,353.1369243,-0.014,-1.260000039,-0.490000015,-0.008157026,0.133175926,0.016646991,TRUE
1973,1000_radii_1,-1,R,0,5,61.67071746,0,-6.769670486,256.0065613,353.1287432,-0.014,-1.260000039,-0.490000015,-0.008180691,0.1335623,0.016695288,TRUE
1974,1000_radii_1,-1,R,0,5,61.68738286,0,-6.785621643,256.1389465,353.1205773,-0.014,-1.260000039,-0.490000015,-0.008166344,0.133328061,0.016666008,TRUE
1975,1000_radii_1,-1,R,0,5,61.70401868,0,-6.801562786,256.2710876,353.1124258,-0.014,-1.260000039,-0.490000015,-0.008151553,0.133086577,0.016635822,TRUE
1976,1000_radii_1,-1,R,0,5,61.72061466,0,-6.817484379,256.4028931,353.1042933,-0.014,-1.260000039,-0.490000015,-0.008131881,0.132765404,0.016595675,TRUE
1977,1000_radii_1,-1,R,0,5,61.73731599,0,-6.833526134,256.535553,353.0961094,-0.014,-1.260000039,-0.490000015,-0.008183797,0.133613012,0.016701626,TRUE
1978,1000_radii_1,-1,R,0,5,61.7540155,0,-6.849584579,256.6681824,353.0879269,-0.014,-1.260000039,-0.490000015,-0.008182466,0.133591278,0.01669891,TRUE
1979,1000_radii_1,-1,R,0,5,61.77066038,0,-6.865610123,256.8003845,353.0797715,-0.014,-1.260000039,-0.490000015,-0.008156138,0.133161437,0.01664518,TRUE
1980,1000_radii_1,-1,R,0,5,61.78738645,0,-6.881731987,256.9332275,353.0715761,-0.014,-1.260000039,-0.490000015,-0.00819563,0.133806199,0.016725775,TRUE
1981,1000_radii_1,-1,R,0,5,61.80398817,0,-6.897725582,257.0648499,353.0634551,-0.014,-1.260000039,-0.490000015,-0.008120788,0.132584291,0.016573036,TRUE
1982,1000_radii_1,-1,R,0,5,61.82067923,0,-6.913871765,257.1975708,353.0552659,-0.014,-1.260000039,-0.490000015,-0.008188826,0.133695116,0.01671189,TRUE
1983,1000_radii_1,-1,R,0,5,61.83734433,0,-6.929991722,257.3299255,353.0471001,-0.014,-1.260000039,-0.490000015,-0.0081659,0.133320816,0.016665102,TRUE
1984,1000_radii_1,-1,R,0,5,61.85402603,0,-6.946143627,257.4623718,353.0389271,-0.014,-1.260000039,-0.490000015,-0.008172556,0.133429484,0.016678686,TRUE
1985,1000_radii_1,-1,R,0,5,61.87071136,0,-6.962329865,257.5949402,353.0307474,-0.014,-1.260000039,-0.490000015,-0.008180247,0.133555056,0.016694382,TRUE
1986,1000_radii_1,-1,R,0,5,61.88743049,0,-6.978559971,257.7277222,353.0225539,-0.014,-1.260000039,-0.490000015,-0.008192968,0.133762732,0.016720341,TRUE
1987,1000_radii_1,-1,R,0,5,61.90400534,0,-6.994630814,257.8590393,353.014451,-0.014,-1.260000039,-0.490000015,-0.008103039,0.13229451,0.016536814,TRUE
1988,1000_radii_1,-1,R,0,5,61.92068825,0,-7.010901451,257.9918213,353.0062571,-0.014,-1.260000039,-0.490000015,-0.008194151,0.133782051,0.016722756,TRUE
1989,1000_radii_1,-1,R,0,5,61.93730536,0,-7.027086735,258.1237488,352.9981155,-0.014,-1.260000039,-0.490000015,-0.008141791,0.132927198,0.0166159,TRUE
1990,1000_radii_1,-1,R,0,5,61.95401634,0,-7.043354034,258.2561951,352.9899421,-0.014,-1.260000039,-0.490000015,-0.008173444,0.133443973,0.016680497,TRUE
1991,1000_radii_1,-1,R,0,5,61.97068235,0,-7.05965519,258.3887634,352.9817605,-0.014,-1.260000039,-0.490000015,-0.008181135,0.133569545,0.016696193,TRUE
1992,1000_radii_1,-1,R,0,5,61.98733296,0,-7.075931549,258.5209656,352.9736018,-0.014,-1.260000039,-0.490000015,-0.008159096,0.133209734,0.016651217,TRUE
1993,1000_radii_1,-1,R,0,5,62.00394585,0,-7.092187405,258.6528625,352.9654622,-0.014,-1.260000039,-0.490000015,-0.008139425,0.13288856,0.01661107,TRUE
1994,1000_radii_1,-1,R,0,5,62.02064445,0,-7.108549118,258.7854614,352.9572787,-0.014,-1.260000039,-0.490000015,-0.008183058,0.133600938,0.016700117,TRUE
1995,1000_radii_1,-1,R,0,5,62.03729869,0,-7.124884605,258.9176941,352.9491186,-0.014,-1.260000039,-0.490000015,-0.008160576,0.133233882,0.016654235,TRUE
1996,1000_radii_1,-1,R,0,5,62.05405042,0,-7.141335011,259.0506897,352.9409103,-0.014,-1.260000039,-0.490000015,-0.008208498,0.13401629,0.016752036,TRUE
1997,1000_radii_1,-1,R,0,5,62.07063976,0,-7.157644749,259.1824036,352.9327812,-0.014,-1.260000039,-0.490000015,-0.008128775,0.132714692,0.016589336,TRUE
1998,1000_radii_1,-1,R,0,5,62.08736372,0,-7.174106598,259.3151855,352.9245858,-0.014,-1.260000039,-0.490000015,-0.008195186,0.133798954,0.016724869,TRUE
1999,1000_radii_1,-1,R,0,5,62.10400407,0,-7.190472126,259.447052,352.9164486,-0.014,-1.260000039,-0.490000015,-0.008137945,0.132864412,0.016608051,TRUE
2000,1000_radii_1,-1,R,0,5,62.12067642,0,-7.206951141,259.5796509,352.9082637,-0.014,-1.260000039,-0.490000015,-0.008184833,0.133629916,0.016703739,TRUE
2001,1000_radii_1,-1,R,0,5,62.1373542,0,-7.223423004,259.7120667,352.9000912,-0.014,-1.260000039,-0.490000015,-0.008172112,0.13342224,0.01667778,TRUE
2002,1000_radii_1,-1,R,0,5,62.15400964,0,-7.239863396,259.8440552,352.8919444,-0.014,-1.260000039,-0.490000015,-0.008147116,0.133014132,0.016626766,TRUE
2003,1000_radii_1,-1,R,0,5,62.17062554,0,-7.256340504,259.9761963,352.8837886,-0.014,-1.260000039,-0.490000015,-0.00815599,0.133159022,0.016644878,TRUE
2004,1000_radii_1,-1,R,0,5,62.18733019,0,-7.272895813,260.1087952,352.8756032,-0.014,-1.260000039,-0.490000015,-0.008185276,0.13363716,0.016704645,TRUE
2005,1000_radii_1,-1,R,0,5,62.20404238,0,-7.289476871,260.2414551,352.8674145,-0.014,-1.260000039,-0.490000015,-0.008188678,0.133692702,0.016711588,TRUE
2006,1000_radii_1,-1,R,0,5,62.22060908,0,-7.305933475,260.3729553,352.8592963,-0.014,-1.260000039,-0.490000015,-0.00811783,0.132535994,0.016566999,TRUE
2007,1000_radii_1,-1,R,0,5,62.23733425,0,-7.322566032,260.5057068,352.8511004,-0.014,-1.260000039,-0.490000015,-0.008195482,0.133803784,0.016725473,TRUE
2008,1000_radii_1,-1,R,0,5,62.25403225,0,-7.339189053,260.6382446,352.8429193,-0.014,-1.260000039,-0.490000015,-0.008181283,0.13357196,0.016696495,TRUE
2009,1000_radii_1,-1,R,0,5,62.2706391,0,-7.355743408,260.7700806,352.8347812,-0.014,-1.260000039,-0.490000015,-0.008138241,0.132869242,0.016608655,TRUE
2010,1000_radii_1,-1,R,0,5,62.28729303,0,-7.372360706,260.9022522,352.8266206,-0.014,-1.260000039,-0.490000015,-0.008160132,0.133226638,0.01665333,TRUE
2011,1000_radii_1,-1,R,0,5,62.30395119,0,-7.389002323,261.0344849,352.8184581,-0.014,-1.260000039,-0.490000015,-0.008162794,0.133270105,0.016658763,TRUE
2012,1000_radii_1,-1,R,0,5,62.32064497,0,-7.405697823,261.1669922,352.8102789,-0.014,-1.260000039,-0.490000015,-0.008179804,0.133547811,0.016693476,TRUE
2013,1000_radii_1,-1,R,0,5,62.33730222,0,-7.422374725,261.2991943,352.8021169,-0.014,-1.260000039,-0.490000015,-0.008161611,0.133250786,0.016656348,TRUE
2014,1000_radii_1,-1,R,0,5,62.35402226,0,-7.439123154,261.4318237,352.7939305,-0.014,-1.260000039,-0.490000015,-0.008187347,0.133670968,0.016708871,TRUE
2015,1000_radii_1,-1,R,0,5,62.37070427,0,-7.455873489,261.5643005,352.7857513,-0.014,-1.260000039,-0.490000015,-0.008178916,0.133533322,0.016691665,TRUE
2016,1000_radii_1,-1,R,0,5,62.38734914,0,-7.472595692,261.6964111,352.7775946,-0.014,-1.260000039,-0.490000015,-0.008156138,0.133161437,0.01664518,TRUE
2017,1000_radii_1,-1,R,0,5,62.40399734,0,-7.489321232,261.8283997,352.7694468,-0.014,-1.260000039,-0.490000015,-0.008148595,0.13303828,0.016629785,TRUE
2018,1000_radii_1,-1,R,0,5,62.42062833,0,-7.506086349,261.9605408,352.7612882,-0.014,-1.260000039,-0.490000015,-0.008158653,0.133202489,0.016650311,TRUE
2019,1000_radii_1,-1,R,0,5,62.43731185,0,-7.522904873,262.0929565,352.7531123,-0.014,-1.260000039,-0.490000015,-0.008175366,0.133475366,0.016684421,TRUE
2020,1000_radii_1,-1,R,0,5,62.45395914,0,-7.539704323,262.2250671,352.7449551,-0.014,-1.260000039,-0.490000015,-0.008157026,0.133175926,0.016646991,TRUE
2021,1000_radii_1,-1,R,0,5,62.47065534,0,-7.556571484,262.3575745,352.736774,-0.014,-1.260000039,-0.490000015,-0.008180691,0.1335623,0.016695288,TRUE
2022,1000_radii_1,-1,R,0,5,62.4872981,0,-7.573406219,262.4896545,352.7286181,-0.014,-1.260000039,-0.490000015,-0.008155842,0.133156607,0.016644576,TRUE
2023,1000_radii_1,-1,R,0,5,62.50394781,0,-7.590263844,262.6217651,352.7204609,-0.014,-1.260000039,-0.490000015,-0.008157765,0.133188,0.0166485,TRUE
2024,1000_radii_1,-1,R,0,5,62.52062408,0,-7.607168674,262.7540894,352.7122893,-0.014,-1.260000039,-0.490000015,-0.008171521,0.13341258,0.016676573,TRUE
2025,1000_radii_1,-1,R,0,5,62.53728495,0,-7.624076366,262.8862915,352.7041249,-0.014,-1.260000039,-0.490000015,-0.00816383,0.133287009,0.016660876,TRUE
2026,1000_radii_1,-1,R,0,5,62.5539084,0,-7.640965939,263.018219,352.6959796,-0.014,-1.260000039,-0.490000015,-0.008145933,0.132994813,0.016624352,TRUE
2027,1000_radii_1,-1,R,0,5,62.57064776,0,-7.657991409,263.151062,352.687777,-0.014,-1.260000039,-0.490000015,-0.008202434,0.133917282,0.01673966,TRUE
2028,1000_radii_1,-1,R,0,5,62.58727271,0,-7.674918652,263.2829895,352.6796317,-0.014,-1.260000039,-0.490000015,-0.00814608,0.132997228,0.016624654,TRUE
2029,1000_radii_1,-1,R,0,5,62.60391367,0,-7.691880703,263.4150391,352.6714768,-0.014,-1.260000039,-0.490000015,-0.008153772,0.1331228,0.01664035,TRUE
2030,1000_radii_1,-1,R,0,5,62.62065454,0,-7.708963394,263.5478516,352.6632748,-0.014,-1.260000039,-0.490000015,-0.008202582,0.133919696,0.016739962,TRUE
2031,1000_radii_1,-1,R,0,5,62.63727979,0,-7.725948811,263.6797791,352.6551275,-0.014,-1.260000039,-0.490000015,-0.00814682,0.133009302,0.016626163,TRUE
2032,1000_radii_1,-1,R,0,5,62.65393373,0,-7.742981434,263.8119202,352.6469674,-0.014,-1.260000039,-0.490000015,-0.008160428,0.133231467,0.016653933,TRUE
2033,1000_radii_1,-1,R,0,5,62.67069029,0,-7.760138035,263.9448853,352.6387568,-0.014,-1.260000039,-0.490000015,-0.008210865,0.134054927,0.016756866,TRUE
2034,1000_radii_1,-1,R,0,5,62.68728748,0,-7.777150631,264.0765686,352.6306233,-0.014,-1.260000039,-0.490000015,-0.008132769,0.132779893,0.016597487,TRUE
2035,1000_radii_1,-1,R,0,5,62.70401144,0,-7.794289112,264.2090759,352.6224394,-0.014,-1.260000039,-0.490000015,-0.008183945,0.133615427,0.016701928,TRUE
2036,1000_radii_1,-1,R,0,5,62.72064122,0,-7.811394215,264.3411865,352.6142807,-0.014,-1.260000039,-0.490000015,-0.008159096,0.133209734,0.016651217,TRUE
2037,1000_radii_1,-1,R,0,5,62.73729546,0,-7.828521252,264.4733276,352.6061196,-0.014,-1.260000039,-0.490000015,-0.008160576,0.133233882,0.016654235,TRUE
2038,1000_radii_1,-1,R,0,5,62.75401399,0,-7.845711708,264.6058044,352.5979385,-0.014,-1.260000039,-0.490000015,-0.008181874,0.133581619,0.016697702,TRUE
2039,1000_radii_1,-1,R,0,5,62.77061419,0,-7.86284256,264.7376709,352.5897937,-0.014,-1.260000039,-0.490000015,-0.008144453,0.132970665,0.016621333,TRUE
2040,1000_radii_1,-1,R,0,5,62.78729167,0,-7.880049229,264.8699646,352.5816221,-0.014,-1.260000039,-0.490000015,-0.008171521,0.13341258,0.016676573,TRUE
2041,1000_radii_1,-1,R,0,5,62.80403616,0,-7.897334576,265.0027161,352.5734224,-0.014,-1.260000039,-0.490000015,-0.008199919,0.133876229,0.016734529,TRUE
2042,1000_radii_1,-1,R,0,5,62.82062097,0,-7.914492607,265.1343384,352.5652914,-0.014,-1.260000039,-0.490000015,-0.00813055,0.13274367,0.016592959,TRUE
2043,1000_radii_1,-1,R,0,5,62.83729422,0,-7.931754112,265.2666321,352.5571208,-0.014,-1.260000039,-0.490000015,-0.008170781,0.133400506,0.016675063,TRUE
2044,1000_radii_1,-1,R,0,5,62.85397291,0,-7.949035168,265.3989258,352.5489497,-0.014,-1.260000039,-0.490000015,-0.008171077,0.133405336,0.016675667,TRUE
2045,1000_radii_1,-1,R,0,5,62.87066518,0,-7.96635437,265.5313416,352.5407696,-0.014,-1.260000039,-0.490000015,-0.008180247,0.133555056,0.016694382,TRUE
2046,1000_radii_1,-1,R,0,5,62.88730311,0,-7.983634472,265.6633301,352.5326166,-0.014,-1.260000039,-0.490000015,-0.008152884,0.133108311,0.016638539,TRUE
2047,1000_radii_1,-1,R,0,5,62.90392595,0,-8.000918388,265.7951965,352.5244708,-0.014,-1.260000039,-0.490000015,-0.008145637,0.132989984,0.016623748,TRUE
2048,1000_radii_1,-1,R,0,5,62.92059981,0,-8.018273354,265.9274597,352.5163016,-0.014,-1.260000039,-0.490000015,-0.00817019,0.133390847,0.016673856,TRUE
2049,1000_radii_1,-1,R,0,5,62.93724529,0,-8.035616875,266.0594788,352.5081449,-0.014,-1.260000039,-0.490000015,-0.008156138,0.133161437,0.01664518,TRUE
2050,1000_radii_1,-1,R,0,5,62.95406192,0,-8.053131104,266.1926575,352.4999175,-0.014,-1.260000039,-0.490000015,-0.00822743,0.134325389,0.016790674,TRUE
2051,1000_radii_1,-1,R,0,5,62.97064764,0,-8.070477486,266.3244019,352.4917779,-0.014,-1.260000039,-0.490000015,-0.00813972,0.13289339,0.016611674,TRUE
2052,1000_radii_1,-1,R,0,5,62.98723124,0,-8.087813377,266.4559326,352.4836512,-0.014,-1.260000039,-0.490000015,-0.008126261,0.13267364,0.016584205,TRUE
2053,1000_radii_1,-1,R,0,5,63.00394645,0,-8.105303764,266.588501,352.4754615,-0.014,-1.260000039,-0.490000015,-0.008189861,0.13371202,0.016714003,TRUE
2054,1000_radii_1,-1,R,0,5,63.02060582,0,-8.122756958,266.7206421,352.467299,-0.014,-1.260000039,-0.490000015,-0.008163238,0.133277349,0.016659669,TRUE
2055,1000_radii_1,-1,R,0,5,63.03728269,0,-8.140246391,266.8529053,352.4591265,-0.014,-1.260000039,-0.490000015,-0.008171669,0.133414995,0.016676874,TRUE
2056,1000_radii_1,-1,R,0,5,63.05393451,0,-8.157729149,266.9849854,352.4509668,-0.014,-1.260000039,-0.490000015,-0.008159836,0.133221808,0.016652726,TRUE
2057,1000_radii_1,-1,R,0,5,63.07065002,0,-8.175296783,267.1175537,352.4427757,-0.014,-1.260000039,-0.490000015,-0.008190601,0.133724094,0.016715512,TRUE
2058,1000_radii_1,-1,R,0,5,63.08726683,0,-8.192779541,267.2493286,352.4346342,-0.014,-1.260000039,-0.490000015,-0.008142235,0.132934442,0.016616805,TRUE
2059,1000_radii_1,-1,R,0,5,63.10396815,0,-8.21036911,267.3817749,352.4264507,-0.014,-1.260000039,-0.490000015,-0.008183206,0.133603353,0.016700419,TRUE
2060,1000_radii_1,-1,R,0,5,63.12064291,0,-8.227952003,267.5140076,352.4182796,-0.014,-1.260000039,-0.490000015,-0.008171077,0.133405336,0.016675667,TRUE
2061,1000_radii_1,-1,R,0,5,63.1372573,0,-8.245488167,267.645752,352.4101391,-0.014,-1.260000039,-0.490000015,-0.008140756,0.132910294,0.016613787,TRUE
2062,1000_radii_1,-1,R,0,5,63.154198,0,-8.263385773,267.7800598,352.4018402,-0.014,-1.260000039,-0.490000015,-0.008299462,0.135501416,0.016937677,TRUE
2063,1000_radii_1,-1,R,0,5,63.170602,0,-8.280740738,267.9101563,352.3937993,-0.014,-1.260000039,-0.490000015,-0.00803929,0.131253715,0.016406714,TRUE
2064,1000_radii_1,-1,R,0,5,63.18732989,0,-8.298454285,268.0428162,352.3856039,-0.014,-1.260000039,-0.490000015,-0.008196665,0.133823103,0.016727888,TRUE
2065,1000_radii_1,-1,R,0,5,63.20391922,0,-8.316040039,268.1743774,352.3774753,-0.014,-1.260000039,-0.490000015,-0.008128923,0.132717107,0.016589638,TRUE
2066,1000_radii_1,-1,R,0,5,63.22059187,0,-8.333731651,268.3065796,352.3693051,-0.014,-1.260000039,-0.490000015,-0.008169302,0.133376358,0.016672045,TRUE
2067,1000_radii_1,-1,R,0,5,63.23727297,0,-8.351451874,268.4388428,352.3611317,-0.014,-1.260000039,-0.490000015,-0.008173887,0.133451218,0.016681402,TRUE
2068,1000_radii_1,-1,R,0,5,63.25397973,0,-8.369218826,268.5713196,352.3529449,-0.014,-1.260000039,-0.490000015,-0.008186607,0.133658894,0.016707362,TRUE
2069,1000_radii_1,-1,R,0,5,63.27058506,0,-8.386896133,268.7029724,352.3448086,-0.014,-1.260000039,-0.490000015,-0.008136466,0.132840264,0.016605033,TRUE
2070,1000_radii_1,-1,R,0,5,63.28727311,0,-8.404680252,268.8352966,352.3366308,-0.014,-1.260000039,-0.490000015,-0.008177289,0.133506759,0.016688345,TRUE
2071,1000_radii_1,-1,R,0,5,63.30394847,0,-8.422470093,268.9674988,352.3284593,-0.014,-1.260000039,-0.490000015,-0.008170929,0.133402921,0.016675365,TRUE
2072,1000_radii_1,-1,R,0,5,63.32057554,0,-8.440226555,269.0993347,352.3203135,-0.014,-1.260000039,-0.490000015,-0.008147116,0.133014132,0.016626766,TRUE
2073,1000_radii_1,-1,R,0,5,63.33730011,0,-8.458105087,269.2319336,352.3121181,-0.014,-1.260000039,-0.490000015,-0.008194595,0.133789295,0.016723662,TRUE
2074,1000_radii_1,-1,R,0,5,63.3539791,0,-8.475954056,269.3641663,352.303946,-0.014,-1.260000039,-0.490000015,-0.008172112,0.13342224,0.01667778,TRUE
2075,1000_radii_1,-1,R,0,5,63.37065808,0,-8.493824959,269.4963989,352.2957735,-0.014,-1.260000039,-0.490000015,-0.008173444,0.133443973,0.016680497,TRUE
2076,1000_radii_1,-1,R,0,5,63.38728726,0,-8.511658669,269.6282349,352.2876244,-0.014,-1.260000039,-0.490000015,-0.008148151,0.133031036,0.016628879,TRUE
2077,1000_radii_1,-1,R,0,5,63.40394693,0,-8.529543877,269.7603149,352.2794619,-0.014,-1.260000039,-0.490000015,-0.008162942,0.13327252,0.016659065,TRUE
2078,1000_radii_1,-1,R,0,5,63.42059392,0,-8.54743576,269.8923035,352.2713041,-0.014,-1.260000039,-0.490000015,-0.008157617,0.133185585,0.016648198,TRUE
2079,1000_radii_1,-1,R,0,5,63.43729555,0,-8.565404892,270.0247192,352.2631202,-0.014,-1.260000039,-0.490000015,-0.008183945,0.133615427,0.016701928,TRUE
2080,1000_radii_1,-1,R,0,5,63.45390692,0,-8.583294868,270.1564026,352.2549801,-0.014,-1.260000039,-0.490000015,-0.008139572,0.132890975,0.016611372,TRUE
2081,1000_radii_1,-1,R,0,5,63.47060402,0,-8.601297379,270.2887573,352.2467985,-0.014,-1.260000039,-0.490000015,-0.00818217,0.133586449,0.016698306,TRUE
2082,1000_radii_1,-1,R,0,5,63.48726399,0,-8.619276047,270.4208069,352.2386355,-0.014,-1.260000039,-0.490000015,-0.008162498,0.133265275,0.016658159,TRUE
2083,1000_radii_1,-1,R,0,5,63.50391491,0,-8.637267113,270.5527954,352.2304769,-0.014,-1.260000039,-0.490000015,-0.00815954,0.133216978,0.016652122,TRUE
2084,1000_radii_1,-1,R,0,5,63.52058635,0,-8.655296326,270.6849365,352.2223072,-0.014,-1.260000039,-0.490000015,-0.008168711,0.133366698,0.016670837,TRUE
2085,1000_radii_1,-1,R,0,5,63.53726745,0,-8.673356056,270.8171692,352.2141342,-0.014,-1.260000039,-0.490000015,-0.008173739,0.133448803,0.0166811,TRUE
2086,1000_radii_1,-1,R,0,5,63.55397511,0,-8.691464424,270.9496155,352.2059464,-0.014,-1.260000039,-0.490000015,-0.008187199,0.133668553,0.016708569,TRUE
2087,1000_radii_1,-1,R,0,5,63.57057743,0,-8.709475517,271.0812073,352.1978116,-0.014,-1.260000039,-0.490000015,-0.008134839,0.1328137,0.016601713,TRUE
2088,1000_radii_1,-1,R,0,5,63.5873687,0,-8.727711678,271.2142944,352.1895838,-0.014,-1.260000039,-0.490000015,-0.008227874,0.134332634,0.016791579,TRUE
2089,1000_radii_1,-1,R,0,5,63.60392936,0,-8.745715141,271.3455505,352.1814699,-0.014,-1.260000039,-0.490000015,-0.008114428,0.132480453,0.016560057,TRUE
2090,1000_radii_1,-1,R,0,5,63.6205516,0,-8.763805389,271.4772949,352.1733251,-0.014,-1.260000039,-0.490000015,-0.008144897,0.132977909,0.016622239,TRUE
2091,1000_radii_1,-1,R,0,5,63.63722878,0,-8.781973839,271.6094666,352.165153,-0.014,-1.260000039,-0.490000015,-0.008171669,0.133414995,0.016676874,TRUE
2092,1000_radii_1,-1,R,0,5,63.65389992,0,-8.80015564,271.7416077,352.1569829,-0.014,-1.260000039,-0.490000015,-0.008169302,0.133376358,0.016672045,TRUE
2093,1000_radii_1,-1,R,0,5,63.67054449,0,-8.818325996,271.8735046,352.148828,-0.014,-1.260000039,-0.490000015,-0.008155695,0.133154193,0.016644274,TRUE
2094,1000_radii_1,-1,R,0,5,63.68724884,0,-8.83658123,272.0058899,352.1406426,-0.014,-1.260000039,-0.490000015,-0.008185276,0.13363716,0.016704645,TRUE
2095,1000_radii_1,-1,R,0,5,63.70389372,0,-8.854789734,272.1377869,352.1324868,-0.014,-1.260000039,-0.490000015,-0.00815599,0.133159022,0.016644878,TRUE
2096,1000_radii_1,-1,R,0,5,63.72057089,0,-8.873041153,272.2698669,352.1243191,-0.014,-1.260000039,-0.490000015,-0.00816664,0.133332891,0.016666611,TRUE
2097,1000_radii_1,-1,R,0,5,63.73724958,0,-8.891335487,272.4021301,352.1161423,-0.014,-1.260000039,-0.490000015,-0.008177437,0.133509174,0.016688647,TRUE
2098,1000_radii_1,-1,R,0,5,63.75390472,0,-8.909611702,272.5341187,352.1079812,-0.014,-1.260000039,-0.490000015,-0.008161167,0.133243542,0.016655443,TRUE
2099,1000_radii_1,-1,R,0,5,63.77057405,0,-8.927923203,272.6662292,352.099813,-0.014,-1.260000039,-0.490000015,-0.008168415,0.133361869,0.016670234,TRUE
2100,1000_radii_1,-1,R,0,5,63.78724156,0,-8.946249962,272.7983093,352.0916467,-0.014,-1.260000039,-0.490000015,-0.00816664,0.133332891,0.016666611,TRUE
2101,1000_radii_1,-1,R,0,5,63.80395164,0,-8.964643478,272.9307251,352.0834579,-0.014,-1.260000039,-0.490000015,-0.008188087,0.133683042,0.01671038,TRUE
2102,1000_radii_1,-1,R,0,5,63.82058595,0,-8.98296833,273.0625,352.0753088,-0.014,-1.260000039,-0.490000015,-0.008149187,0.13304794,0.016630992,TRUE
2103,1000_radii_1,-1,R,0,5,63.83731324,0,-9.001413345,273.1950073,352.0671144,-0.014,-1.260000039,-0.490000015,-0.008194447,0.13378688,0.01672336,TRUE
2104,1000_radii_1,-1,R,0,5,63.8540046,0,-9.019831657,273.327179,352.0589404,-0.014,-1.260000039,-0.490000015,-0.008174183,0.133456047,0.016682006,TRUE
2105,1000_radii_1,-1,R,0,5,63.87065703,0,-9.038250923,273.4592285,352.0507741,-0.014,-1.260000039,-0.490000015,-0.008166048,0.133323231,0.016665404,TRUE
2106,1000_radii_1,-1,R,0,5,63.88726961,0,-9.056632042,273.5908508,352.0426345,-0.014,-1.260000039,-0.490000015,-0.008140756,0.132910294,0.016613787,TRUE
2107,1000_radii_1,-1,R,0,5,63.90392535,0,-9.075077057,273.7228088,352.0344734,-0.014,-1.260000039,-0.490000015,-0.008161019,0.133241127,0.016655141,TRUE
2108,1000_radii_1,-1,R,0,5,63.92056238,0,-9.093523026,273.8546448,352.0263195,-0.014,-1.260000039,-0.490000015,-0.008152884,0.133108311,0.016638539,TRUE
2109,1000_radii_1,-1,R,0,5,63.9372462,0,-9.112037659,273.9868164,352.0181446,-0.014,-1.260000039,-0.490000015,-0.008175071,0.133470536,0.016683817,TRUE
2110,1000_radii_1,-1,R,0,5,63.953879,0,-9.130513191,274.1185913,352.0099955,-0.014,-1.260000039,-0.490000015,-0.00814963,0.133055184,0.016631898,TRUE
2111,1000_radii_1,-1,R,0,5,63.97056131,0,-9.149065018,274.2507629,352.0018201,-0.014,-1.260000039,-0.490000015,-0.008174923,0.133468122,0.016683515,TRUE
2112,1000_radii_1,-1,R,0,5,63.98725629,0,-9.167648315,274.3830261,351.9936399,-0.014,-1.260000039,-0.490000015,-0.008180395,0.133557471,0.016694684,TRUE
2113,1000_radii_1,-1,R,0,5,64.0039054,0,-9.186199188,274.5149231,351.9854813,-0.014,-1.260000039,-0.490000015,-0.008157913,0.133190415,0.016648802,TRUE
2114,1000_radii_1,-1,R,0,5,64.02051345,0,-9.204724312,274.6464844,351.9773436,-0.014,-1.260000039,-0.490000015,-0.008138389,0.132871656,0.016608957,TRUE
2115,1000_radii_1,-1,R,0,5,64.03723771,0,-9.223397255,274.7789612,351.9691477,-0.014,-1.260000039,-0.490000015,-0.008194742,0.13379171,0.016723964,TRUE
2116,1000_radii_1,-1,R,0,5,64.0538844,0,-9.242002487,274.9108276,351.9609919,-0.014,-1.260000039,-0.490000015,-0.008157026,0.133175926,0.016646991,TRUE
2117,1000_radii_1,-1,R,0,5,64.07065214,0,-9.260756493,275.0436096,351.9527779,-0.014,-1.260000039,-0.490000015,-0.008213971,0.134105639,0.016763205,TRUE
2118,1000_radii_1,-1,R,0,5,64.08729641,0,-9.279400826,275.1754761,351.9446201,-0.014,-1.260000039,-0.490000015,-0.008157617,0.133185585,0.016648198,TRUE
2119,1000_radii_1,-1,R,0,5,64.10389148,0,-9.298005104,275.3069153,351.9364872,-0.014,-1.260000039,-0.490000015,-0.008131733,0.132762989,0.016595374,TRUE
2120,1000_radii_1,-1,R,0,5,64.12056685,0,-9.316717148,275.4389954,351.928318,-0.014,-1.260000039,-0.490000015,-0.008170781,0.133400506,0.016675063,TRUE
2121,1000_radii_1,-1,R,0,5,64.13724583,0,-9.335453033,275.571106,351.920145,-0.014,-1.260000039,-0.490000015,-0.008173,0.133436729,0.016679591,TRUE
2122,1000_radii_1,-1,R,0,5,64.15390188,0,-9.354182243,275.7030334,351.9119825,-0.014,-1.260000039,-0.490000015,-0.008161907,0.133255616,0.016656952,TRUE
2123,1000_radii_1,-1,R,0,5,64.17054646,0,-9.372915268,275.8348694,351.9038267,-0.014,-1.260000039,-0.490000015,-0.008155399,0.133149363,0.01664367,TRUE
2124,1000_radii_1,-1,R,0,5,64.18723722,0,-9.391720772,275.9670715,351.895648,-0.014,-1.260000039,-0.490000015,-0.00817862,0.133528493,0.016691062,TRUE
2125,1000_radii_1,-1,R,0,5,64.20389598,0,-9.410509109,276.098999,351.8874865,-0.014,-1.260000039,-0.490000015,-0.008162794,0.133270105,0.016658763,TRUE
2126,1000_radii_1,-1,R,0,5,64.2205318,0,-9.429290771,276.2307434,351.8793344,-0.014,-1.260000039,-0.490000015,-0.008151849,0.133091407,0.016636426,TRUE
2127,1000_radii_1,-1,R,0,5,64.2372292,0,-9.448159218,276.3629761,351.8711529,-0.014,-1.260000039,-0.490000015,-0.008181431,0.133574374,0.016696797,TRUE
2128,1000_radii_1,-1,R,0,5,64.25389883,0,-9.46701622,276.4949951,351.8629847,-0.014,-1.260000039,-0.490000015,-0.008168119,0.133357039,0.01666963,TRUE
2129,1000_radii_1,-1,R,0,5,64.27054099,0,-9.485860825,276.6268005,351.8548288,-0.014,-1.260000039,-0.490000015,-0.008154659,0.133137289,0.016642161,TRUE
2130,1000_radii_1,-1,R,0,5,64.28719251,0,-9.504733086,276.758667,351.8466711,-0.014,-1.260000039,-0.490000015,-0.008158801,0.133204904,0.016650613,TRUE
2131,1000_radii_1,-1,R,0,5,64.30387331,0,-9.52366066,276.8907776,351.8384972,-0.014,-1.260000039,-0.490000015,-0.008174331,0.133458462,0.016682308,TRUE
2132,1000_radii_1,-1,R,0,5,64.32060754,0,-9.542665482,277.0232849,351.8302975,-0.014,-1.260000039,-0.490000015,-0.008199476,0.133868985,0.016733623,TRUE
2133,1000_radii_1,-1,R,0,5,64.33728683,0,-9.561627388,277.155365,351.8221245,-0.014,-1.260000039,-0.490000015,-0.008172852,0.133434314,0.016679289,TRUE
2134,1000_radii_1,-1,R,0,5,64.35389186,0,-9.580522537,277.2868347,351.8139887,-0.014,-1.260000039,-0.490000015,-0.008135875,0.132830604,0.016603826,TRUE
2135,1000_radii_1,-1,R,0,5,64.37060375,0,-9.599560738,277.4191895,351.8057985,-0.014,-1.260000039,-0.490000015,-0.008189566,0.133707191,0.016713399,TRUE
2136,1000_radii_1,-1,R,0,5,64.38721482,0,-9.618499756,277.5507202,351.7976599,-0.014,-1.260000039,-0.490000015,-0.008138833,0.132878901,0.016609863,TRUE
2137,1000_radii_1,-1,R,0,5,64.40388324,0,-9.637524605,277.6827087,351.7894926,-0.014,-1.260000039,-0.490000015,-0.008167823,0.133352209,0.016669026,TRUE
2138,1000_radii_1,-1,R,0,5,64.42057702,0,-9.656597137,277.8148804,351.7813129,-0.014,-1.260000039,-0.490000015,-0.008179952,0.133550226,0.016693778,TRUE
2139,1000_radii_1,-1,R,0,5,64.43724001,0,-9.675653458,277.9468079,351.7731466,-0.014,-1.260000039,-0.490000015,-0.008165013,0.133306327,0.016663291,TRUE
2140,1000_radii_1,-1,R,0,5,64.45387311,0,-9.694692612,278.0784912,351.7649965,-0.014,-1.260000039,-0.490000015,-0.008149778,0.133057599,0.0166322,TRUE
2141,1000_radii_1,-1,R,0,5,64.47056448,0,-9.713820457,278.2106628,351.7568188,-0.014,-1.260000039,-0.490000015,-0.00817936,0.133540567,0.016692571,TRUE
2142,1000_radii_1,-1,R,0,5,64.48725041,0,-9.732958794,278.3427734,351.748642,-0.014,-1.260000039,-0.490000015,-0.008175958,0.133485025,0.016685628,TRUE
2143,1000_radii_1,-1,R,0,5,64.50388804,0,-9.75206089,278.4744873,351.740489,-0.014,-1.260000039,-0.490000015,-0.008152293,0.133098651,0.016637331,TRUE
2144,1000_radii_1,-1,R,0,5,64.52055254,0,-9.771212578,278.6064148,351.7323236,-0.014,-1.260000039,-0.490000015,-0.008165752,0.133318402,0.0166648,TRUE
2145,1000_radii_1,-1,R,0,5,64.53722549,0,-9.790393829,278.7384338,351.7241545,-0.014,-1.260000039,-0.490000015,-0.00817019,0.133390847,0.016673856,TRUE
2146,1000_radii_1,-1,R,0,5,64.55387791,0,-9.809569359,278.8702698,351.7159948,-0.014,-1.260000039,-0.490000015,-0.00815954,0.133216978,0.016652122,TRUE
2147,1000_radii_1,-1,R,0,5,64.57060339,0,-9.828847885,279.0026855,351.707799,-0.014,-1.260000039,-0.490000015,-0.008195334,0.133801369,0.016725171,TRUE
2148,1000_radii_1,-1,R,0,5,64.58721657,0,-9.848015785,279.1342163,351.6996574,-0.014,-1.260000039,-0.490000015,-0.008140608,0.132907879,0.016613485,TRUE
2149,1000_radii_1,-1,R,0,5,64.60387413,0,-9.867253304,279.2660828,351.6914959,-0.014,-1.260000039,-0.490000015,-0.008161907,0.133255616,0.016656952,TRUE
2150,1000_radii_1,-1,R,0,5,64.6206168,0,-9.886605263,279.3985901,351.6832943,-0.014,-1.260000039,-0.490000015,-0.00820273,0.133922111,0.016740264,TRUE
2151,1000_radii_1,-1,R,0,5,64.63722274,0,-9.905819893,279.5300293,351.6751575,-0.014,-1.260000039,-0.490000015,-0.008136614,0.132842678,0.016605335,TRUE
2152,1000_radii_1,-1,R,0,5,64.65388935,0,-9.925127029,279.6619873,351.6669893,-0.014,-1.260000039,-0.490000015,-0.008167675,0.133349794,0.016668724,TRUE
2153,1000_radii_1,-1,R,0,5,64.67053152,0,-9.944422722,279.7937317,351.6588335,-0.014,-1.260000039,-0.490000015,-0.008154955,0.133142118,0.016642765,TRUE
2154,1000_radii_1,-1,R,0,5,64.6872102,0,-9.963780403,279.9257507,351.6506615,-0.014,-1.260000039,-0.490000015,-0.008173,0.133436729,0.016679591,TRUE
2155,1000_radii_1,-1,R,0,5,64.70392662,0,-9.98319912,280.058075,351.6424713,-0.014,-1.260000039,-0.490000015,-0.008190897,0.133728924,0.016716116,TRUE
2156,1000_radii_1,-1,R,0,5,64.72051565,0,-10.00248814,280.1893616,351.6343431,-0.014,-1.260000039,-0.490000015,-0.008128183,0.132705033,0.016588129,TRUE
2157,1000_radii_1,-1,R,0,5,64.73721245,0,-10.02192307,280.3215332,351.6261606,-0.014,-1.260000039,-0.490000015,-0.008181874,0.133581619,0.016697702,TRUE
2158,1000_radii_1,-1,R,0,5,64.75385793,0,-10.04131603,280.4532776,351.6180038,-0.014,-1.260000039,-0.490000015,-0.008156286,0.133163852,0.016645481,TRUE
2159,1000_radii_1,-1,R,0,5,64.77054899,0,-10.06078053,280.5853882,351.6098261,-0.014,-1.260000039,-0.490000015,-0.008178325,0.133523663,0.016690458,TRUE
2160,1000_radii_1,-1,R,0,5,64.78720081,0,-10.08021832,280.7171631,351.6016674,-0.014,-1.260000039,-0.490000015,-0.008159244,0.133212149,0.016651519,TRUE
2161,1000_radii_1,-1,R,0,5,64.80386169,0,-10.09968567,280.8490295,351.593503,-0.014,-1.260000039,-0.490000015,-0.008163977,0.133289424,0.016661178,TRUE
2162,1000_radii_1,-1,R,0,5,64.82062218,0,-10.11928368,280.9816284,351.5852919,-0.014,-1.260000039,-0.490000015,-0.008210717,0.134052512,0.016756564,TRUE
2163,1000_radii_1,-1,R,0,5,64.83723808,0,-10.13873959,281.1131592,351.5771484,-0.014,-1.260000039,-0.490000015,-0.008143418,0.132953761,0.01661922,TRUE
2164,1000_radii_1,-1,L,0,6,64.85387601,0,-10.1582365,281.2448425,351.5689964,-0.014,-1.260000039,-0.490000015,-0.008152736,0.133105896,0.016638237,FALSE
2165,1000_radii_1,-1,L,0,6,64.87057553,0,-10.17781639,281.3769531,351.5608168,-0.014,-1.260000039,-0.490000015,-0.008179656,0.133545396,0.016693175,FALSE
2166,1000_radii_1,-1,L,0,6,64.88721074,0,-10.19735241,281.5086365,351.5526628,-0.014,-1.260000039,-0.490000015,-0.008153328,0.133115555,0.016639444,FALSE
2167,1000_radii_1,-1,L,0,6,64.90384023,0,-10.21689796,281.6402588,351.5445137,-0.014,-1.260000039,-0.490000015,-0.008149482,0.133052769,0.016631596,FALSE
2168,1000_radii_1,-1,L,0,6,64.92057566,0,-10.23658466,281.7726746,351.5363131,-0.014,-1.260000039,-0.490000015,-0.008200363,0.133883474,0.016735434,FALSE
2169,1000_radii_1,-1,L,0,6,64.93720545,0,-10.25616169,281.9042358,351.5281668,-0.014,-1.260000039,-0.490000015,-0.008146968,0.133011717,0.016626465,FALSE
2170,1000_radii_1,-1,L,0,6,64.95473687,0,-10.27682495,282.0429688,351.5195742,-0.014,-1.260000039,-0.490000015,-0.008590842,0.140258647,0.017532331,FALSE
2171,1000_radii_1,-1,L,0,6,64.97051573,0,-10.29544353,282.1678467,351.5118418,-0.014,-1.260000039,-0.490000015,-0.007733119,0.126254999,0.015781875,FALSE
2172,1000_radii_1,-1,L,0,6,64.9872569,0,-10.31521225,282.300293,351.5036383,-0.014,-1.260000039,-0.490000015,-0.008203025,0.133926941,0.016740868,FALSE
2173,1000_radii_1,-1,L,0,6,65.00383869,0,-10.33481026,282.431488,351.4955149,-0.014,-1.260000039,-0.490000015,-0.008124486,0.132644662,0.016580583,FALSE
2174,1000_radii_1,-1,L,0,6,65.02053699,0,-10.35456753,282.5636292,351.4873323,-0.014,-1.260000039,-0.490000015,-0.008182762,0.133596108,0.016699514,FALSE
2175,1000_radii_1,-1,L,0,6,65.03718489,0,-10.37428188,282.695343,351.4791737,-0.014,-1.260000039,-0.490000015,-0.008157322,0.133180756,0.016647594,FALSE
2176,1000_radii_1,-1,L,0,6,65.05387293,0,-10.394063,282.8273621,351.4709978,-0.014,-1.260000039,-0.490000015,-0.008177141,0.133504344,0.016688043,FALSE
2177,1000_radii_1,-1,L,0,6,65.07054377,0,-10.4138422,282.959259,351.4628286,-0.014,-1.260000039,-0.490000015,-0.008168563,0.133364284,0.016670535,FALSE
2178,1000_radii_1,-1,L,0,6,65.08722276,0,-10.43365097,283.091217,351.4546556,-0.014,-1.260000039,-0.490000015,-0.008173,0.133436729,0.016679591,FALSE
2179,1000_radii_1,-1,L,0,6,65.10381481,0,-10.45337486,283.2224731,351.4465256,-0.014,-1.260000039,-0.490000015,-0.008130254,0.13273884,0.016592355,FALSE
2180,1000_radii_1,-1,L,0,6,65.12050829,0,-10.47323704,283.3545227,351.4383459,-0.014,-1.260000039,-0.490000015,-0.00817936,0.133540567,0.016692571,FALSE
2181,1000_radii_1,-1,L,0,6,65.13716584,0,-10.49307728,283.4862976,351.4301834,-0.014,-1.260000039,-0.490000015,-0.008162646,0.13326769,0.016658461,FALSE
2182,1000_radii_1,-1,L,0,6,65.15382944,0,-10.51294231,283.618103,351.422019,-0.014,-1.260000039,-0.490000015,-0.008165013,0.133306327,0.016663291,FALSE
2183,1000_radii_1,-1,L,0,6,65.17049031,0,-10.53282356,283.7499084,351.4138536,-0.014,-1.260000039,-0.490000015,-0.008163977,0.133289424,0.016661178,FALSE
2184,1000_radii_1,-1,L,0,6,65.18726378,0,-10.55278301,283.8821106,351.4056664,-0.014,-1.260000039,-0.490000015,-0.008188678,0.133692702,0.016711588,FALSE
2185,1000_radii_1,-1,L,0,6,65.20382655,0,-10.57265759,284.0136108,351.3975201,-0.014,-1.260000039,-0.490000015,-0.00814608,0.132997228,0.016624654,FALSE
2186,1000_radii_1,-1,L,0,6,65.22050131,0,-10.59261131,284.1455078,351.389348,-0.014,-1.260000039,-0.490000015,-0.008170633,0.133398091,0.016674761,FALSE
2187,1000_radii_1,-1,L,0,6,65.23718815,0,-10.61259842,284.2774963,351.3811722,-0.014,-1.260000039,-0.490000015,-0.00817655,0.133494685,0.016686836,FALSE
2188,1000_radii_1,-1,L,0,6,65.25387831,0,-10.63260746,284.4095154,351.3729935,-0.014,-1.260000039,-0.490000015,-0.008178029,0.133518833,0.016689854,FALSE
2189,1000_radii_1,-1,L,0,6,65.27049089,0,-10.65254307,284.5409241,351.3648548,-0.014,-1.260000039,-0.490000015,-0.00814046,0.132905464,0.016613183,FALSE
2190,1000_radii_1,-1,L,0,6,65.28714995,0,-10.67255211,284.6726685,351.3566923,-0.014,-1.260000039,-0.490000015,-0.008162498,0.133265275,0.016658159,FALSE
2191,1000_radii_1,-1,L,0,6,65.30388086,0,-10.69266796,284.8049927,351.3484926,-0.014,-1.260000039,-0.490000015,-0.008198588,0.133854496,0.016731812,FALSE
2192,1000_radii_1,-1,L,0,6,65.32054777,0,-10.71272469,284.9367981,351.3403254,-0.014,-1.260000039,-0.490000015,-0.008166788,0.133335305,0.016666913,FALSE
2193,1000_radii_1,-1,L,0,6,65.33722253,0,-10.73280907,285.0686646,351.3321571,-0.014,-1.260000039,-0.490000015,-0.008170338,0.133393262,0.016674158,FALSE
2194,1000_radii_1,-1,L,0,6,65.35385232,0,-10.75285625,285.2001648,351.324008,-0.014,-1.260000039,-0.490000015,-0.008147707,0.133023791,0.016627974,FALSE
2195,1000_radii_1,-1,L,0,6,65.37047969,0,-10.77292442,285.331665,351.3158588,-0.014,-1.260000039,-0.490000015,-0.008148447,0.133035865,0.016629483,FALSE
2196,1000_radii_1,-1,L,0,6,65.38716833,0,-10.79308319,285.4636536,351.307682,-0.014,-1.260000039,-0.490000015,-0.008177585,0.133511589,0.016688949,FALSE
2197,1000_radii_1,-1,L,0,6,65.40380114,0,-10.81319141,285.5951843,351.2995319,-0.014,-1.260000039,-0.490000015,-0.008149482,0.133052769,0.016631596,FALSE
2198,1000_radii_1,-1,L,0,6,65.42051876,0,-10.83342266,285.7273865,351.2913418,-0.014,-1.260000039,-0.490000015,-0.008191636,0.133740998,0.016717625,FALSE
2199,1000_radii_1,-1,L,0,6,65.43716424,0,-10.85358524,285.8590088,351.2831841,-0.014,-1.260000039,-0.490000015,-0.008156286,0.133163852,0.016645481,FALSE
2200,1000_radii_1,-1,L,0,6,65.45381606,0,-10.87377453,285.9906921,351.2750254,-0.014,-1.260000039,-0.490000015,-0.00815954,0.133216978,0.016652122,FALSE
2201,1000_radii_1,-1,L,0,6,65.47054063,0,-10.89406872,286.1229248,351.2668314,-0.014,-1.260000039,-0.490000015,-0.008194447,0.13378688,0.01672336,FALSE
2202,1000_radii_1,-1,L,0,6,65.48713238,0,-10.91421032,286.2540283,351.2587061,-0.014,-1.260000039,-0.490000015,-0.008125077,0.132654321,0.01658179,FALSE
2203,1000_radii_1,-1,L,0,6,65.50380775,0,-10.93449783,286.3859558,351.2505293,-0.014,-1.260000039,-0.490000015,-0.008176402,0.13349227,0.016686534,FALSE
2204,1000_radii_1,-1,L,0,6,65.52053111,0,-10.9548502,286.5181885,351.2423334,-0.014,-1.260000039,-0.490000015,-0.008195038,0.13379654,0.016724567,FALSE
2205,1000_radii_1,-1,L,0,6,65.53721191,0,-10.97516727,286.6500854,351.2341604,-0.014,-1.260000039,-0.490000015,-0.008173296,0.133441558,0.016680195,FALSE
2206,1000_radii_1,-1,L,0,6,65.55380668,0,-10.99539948,286.7812805,351.2260294,-0.014,-1.260000039,-0.490000015,-0.008131437,0.132758159,0.01659477,FALSE
2207,1000_radii_1,-1,L,0,6,65.57049744,0,-11.0157671,286.9132385,351.2178507,-0.014,-1.260000039,-0.490000015,-0.008178325,0.133523663,0.016690458,FALSE
2208,1000_radii_1,-1,L,0,6,65.58731829,0,-11.03622723,287.0456848,351.2096434,-0.014,-1.260000039,-0.490000015,-0.008208054,0.134009045,0.016751131,FALSE
2209,1000_radii_1,-1,L,0,6,65.6038859,0,-11.05656815,287.1772156,351.2014904,-0.014,-1.260000039,-0.490000015,-0.008152736,0.133105896,0.016638237,FALSE
2210,1000_radii_1,-1,L,0,6,65.62046588,0,-11.07685661,287.3082886,351.1933661,-0.014,-1.260000039,-0.490000015,-0.00812419,0.132639832,0.016579979,FALSE
2211,1000_radii_1,-1,L,0,6,65.63721037,0,-11.09736443,287.4406433,351.1851616,-0.014,-1.260000039,-0.490000015,-0.008204357,0.133948674,0.016743584,FALSE
2212,1000_radii_1,-1,L,0,6,65.65386038,0,-11.11777782,287.5722656,351.1770029,-0.014,-1.260000039,-0.490000015,-0.008158949,0.133207319,0.016650915,FALSE
2213,1000_radii_1,-1,L,0,6,65.67049831,0,-11.13819313,287.7037964,351.1688509,-0.014,-1.260000039,-0.490000015,-0.008152441,0.133101066,0.016637633,FALSE
2214,1000_radii_1,-1,L,0,6,65.68719299,0,-11.15869713,287.8357849,351.1606693,-0.014,-1.260000039,-0.490000015,-0.008180395,0.133557471,0.016694684,FALSE
2215,1000_radii_1,-1,L,0,6,65.70385447,0,-11.17917919,287.9674988,351.1525059,-0.014,-1.260000039,-0.490000015,-0.008164125,0.133291838,0.01666148,FALSE
2216,1000_radii_1,-1,L,0,6,65.72048547,0,-11.19964218,288.0989685,351.1443558,-0.014,-1.260000039,-0.490000015,-0.008149039,0.133045525,0.016630691,FALSE
2217,1000_radii_1,-1,L,0,6,65.73717985,0,-11.22020245,288.2309265,351.1361771,-0.014,-1.260000039,-0.490000015,-0.008180247,0.133555056,0.016694382,FALSE
2218,1000_radii_1,-1,L,0,6,65.75378247,0,-11.24066925,288.3621521,351.1280413,-0.014,-1.260000039,-0.490000015,-0.008135579,0.132825775,0.016603222,FALSE
2219,1000_radii_1,-1,L,0,6,65.77045089,0,-11.26123428,288.4938965,351.119874,-0.014,-1.260000039,-0.490000015,-0.008167379,0.133344965,0.016668121,FALSE
2220,1000_radii_1,-1,L,0,6,65.78727145,0,-11.28200626,288.6268616,351.1116323,-0.014,-1.260000039,-0.490000015,-0.008242073,0.134564458,0.016820557,FALSE
2221,1000_radii_1,-1,L,0,6,65.80382516,0,-11.3024683,288.7576904,351.1035204,-0.014,-1.260000039,-0.490000015,-0.008111322,0.132429741,0.016553718,FALSE
2222,1000_radii_1,-1,L,0,6,65.82053162,0,-11.32313442,288.8897095,351.095336,-0.014,-1.260000039,-0.490000015,-0.008184833,0.133629916,0.016703739,FALSE
2223,1000_radii_1,-1,L,0,6,65.83738448,0,-11.34400272,289.0228882,351.0870781,-0.014,-1.260000039,-0.490000015,-0.008257604,0.134818016,0.016852252,FALSE
2224,1000_radii_1,-1,L,0,6,65.8538908,0,-11.36445999,289.1533203,351.0789909,-0.014,-1.260000039,-0.490000015,-0.008087361,0.132038537,0.016504817,TRUE
2225,1000_radii_1,-1,L,0,6,65.87052874,0,-11.38510513,289.2848511,351.0708351,-0.014,-1.260000039,-0.490000015,-0.008154363,0.133132459,0.016641557,TRUE
2226,1000_radii_1,-1,L,0,6,65.88722101,0,-11.40582657,289.416748,351.0626593,-0.014,-1.260000039,-0.490000015,-0.008177141,0.133504344,0.016688043,TRUE
2227,1000_radii_1,-1,L,0,6,65.90380189,0,-11.42643833,289.547821,351.0545321,-0.014,-1.260000039,-0.490000015,-0.008126557,0.132678469,0.016584809,TRUE
2228,1000_radii_1,-1,L,0,6,65.92050322,0,-11.44721031,289.6797791,351.0463505,-0.014,-1.260000039,-0.490000015,-0.00818217,0.133586449,0.016698306,TRUE
2229,1000_radii_1,-1,L,0,6,65.93791903,0,-11.46889782,289.8174133,351.037816,-0.014,-1.260000039,-0.490000015,-0.008534933,0.139345838,0.01741823,TRUE
2230,1000_radii_1,-1,L,0,6,65.95387025,0,-11.48877716,289.9434509,351.0299988,-0.014,-1.260000039,-0.490000015,-0.007816096,0.127609723,0.015951215,TRUE
2231,1000_radii_1,-1,L,0,6,65.97054984,0,-11.50958347,290.0752563,351.0218258,-0.014,-1.260000039,-0.490000015,-0.008173592,0.133446388,0.016680799,TRUE
2232,1000_radii_1,-1,L,0,6,65.98733176,0,-11.53038883,290.2069397,351.0136604,-0.014,-1.260000039,-0.490000015,-0.008165752,0.133318402,0.0166648,TRUE
2233,1000_radii_1,-1,L,0,6,66.00379522,0,-11.55110741,290.3379517,351.0055351,-0.014,-1.260000039,-0.490000015,-0.008124338,0.132642247,0.016580281,TRUE
2234,1000_radii_1,-1,L,0,6,66.02049836,0,-11.57199955,290.4699402,350.9973507,-0.014,-1.260000039,-0.490000015,-0.008184981,0.133632331,0.016704041,TRUE
2235,1000_radii_1,-1,L,0,6,66.03720451,0,-11.59291172,290.6019287,350.9891653,-0.014,-1.260000039,-0.490000015,-0.008185572,0.13364199,0.016705249,TRUE
2236,1000_radii_1,-1,L,0,6,66.05384033,0,-11.61375809,290.7333984,350.9810123,-0.014,-1.260000039,-0.490000015,-0.008152293,0.133098651,0.016637331,TRUE
2237,1000_radii_1,-1,L,0,6,66.07045261,0,-11.6345911,290.8646545,350.9728727,-0.014,-1.260000039,-0.490000015,-0.008140016,0.13289822,0.016612277,TRUE
2238,1000_radii_1,-1,L,0,6,66.08713341,0,-11.65550327,290.9962769,350.9647093,-0.014,-1.260000039,-0.490000015,-0.008163534,0.133282179,0.016660272,TRUE
2239,1000_radii_1,-1,L,0,6,66.10379549,0,-11.67646217,291.1280823,350.9565353,-0.014,-1.260000039,-0.490000015,-0.008174479,0.133460877,0.01668261,TRUE
2240,1000_radii_1,-1,L,0,6,66.12045576,0,-11.69741249,291.2597046,350.9483709,-0.014,-1.260000039,-0.490000015,-0.008163682,0.133284594,0.016660574,TRUE
2241,1000_radii_1,-1,L,0,6,66.13714834,0,-11.71839428,291.3914185,350.9402018,-0.014,-1.260000039,-0.490000015,-0.008168711,0.133366698,0.016670837,TRUE
2242,1000_radii_1,-1,L,0,6,66.15377812,0,-11.73936939,291.5229492,350.9320431,-0.014,-1.260000039,-0.490000015,-0.008158949,0.133207319,0.016650915,TRUE
2243,1000_radii_1,-1,L,0,6,66.17044081,0,-11.76037884,291.6545715,350.9238777,-0.014,-1.260000039,-0.490000015,-0.008164717,0.133301498,0.016662687,TRUE
2244,1000_radii_1,-1,L,0,6,66.1871536,0,-11.78144646,291.786438,350.915699,-0.014,-1.260000039,-0.490000015,-0.0081801,0.133552641,0.01669408,TRUE
2245,1000_radii_1,-1,L,0,6,66.20386549,0,-11.80257893,291.9186096,350.9075012,-0.014,-1.260000039,-0.490000015,-0.008197849,0.133842422,0.016730303,TRUE
2246,1000_radii_1,-1,L,0,6,66.22041046,0,-11.82349586,292.0493164,350.8993931,-0.014,-1.260000039,-0.490000015,-0.00810718,0.132362126,0.016545266,TRUE
2247,1000_radii_1,-1,L,0,6,66.23716491,0,-11.84465981,292.181427,350.8911982,-0.014,-1.260000039,-0.490000015,-0.00819563,0.133806199,0.016725775,TRUE
2248,1000_radii_1,-1,L,0,6,66.25383665,0,-11.86581135,292.3133545,350.8830147,-0.014,-1.260000039,-0.490000015,-0.008183501,0.133608182,0.016701023,TRUE
2249,1000_radii_1,-1,L,0,6,66.27053858,0,-11.8869791,292.4452515,350.8748322,-0.014,-1.260000039,-0.490000015,-0.008182614,0.133593693,0.016699212,TRUE
2250,1000_radii_1,-1,L,0,6,66.28715176,0,-11.90803146,292.5763245,350.8667011,-0.014,-1.260000039,-0.490000015,-0.008130846,0.1327485,0.016593562,TRUE
2251,1000_radii_1,-1,L,0,6,66.30379332,0,-11.92919064,292.7079468,350.8585367,-0.014,-1.260000039,-0.490000015,-0.008164717,0.133301498,0.016662687,TRUE
2252,1000_radii_1,-1,L,0,6,66.32044695,0,-11.95035744,292.8394775,350.8503752,-0.014,-1.260000039,-0.490000015,-0.008160576,0.133233882,0.016654235,TRUE
2253,1000_radii_1,-1,L,0,6,66.33718601,0,-11.97165108,292.9716797,350.8421736,-0.014,-1.260000039,-0.490000015,-0.00820199,0.133910037,0.016738755,TRUE
2254,1000_radii_1,-1,L,0,6,66.353785,0,-11.9927845,293.1027832,350.8340406,-0.014,-1.260000039,-0.490000015,-0.008133212,0.132787137,0.016598392,TRUE
2255,1000_radii_1,-1,L,0,6,66.3704326,0,-12.01399899,293.2342529,350.8258839,-0.014,-1.260000039,-0.490000015,-0.008157026,0.133175926,0.016646991,TRUE
2256,1000_radii_1,-1,L,0,6,66.38707868,0,-12.0352335,293.3657227,350.8177261,-0.014,-1.260000039,-0.490000015,-0.008157469,0.133183171,0.016647896,TRUE
2257,1000_radii_1,-1,L,0,6,66.40388656,0,-12.05667782,293.4983826,350.809495,-0.014,-1.260000039,-0.490000015,-0.00823098,0.134383345,0.016797918,TRUE
2258,1000_radii_1,-1,L,0,6,66.42042217,0,-12.07781792,293.6290588,350.8013868,-0.014,-1.260000039,-0.490000015,-0.00810718,0.132362126,0.016545266,TRUE
2259,1000_radii_1,-1,L,0,6,66.43712561,0,-12.09916401,293.7608643,350.7932091,-0.014,-1.260000039,-0.490000015,-0.008178768,0.133530907,0.016691363,TRUE
2260,1000_radii_1,-1,L,0,6,66.45378709,0,-12.12050343,293.8925171,350.7850399,-0.014,-1.260000039,-0.490000015,-0.008169154,0.133373943,0.016671743,TRUE
2261,1000_radii_1,-1,L,0,6,66.47044102,0,-12.14184093,294.0240479,350.7768793,-0.014,-1.260000039,-0.490000015,-0.008161019,0.133241127,0.016655141,TRUE
2262,1000_radii_1,-1,L,0,6,66.48709465,0,-12.16319466,294.1555481,350.7687187,-0.014,-1.260000039,-0.490000015,-0.008160132,0.133226638,0.01665333,TRUE
2263,1000_radii_1,-1,L,0,6,66.50382103,0,-12.18466187,294.2876282,350.7605219,-0.014,-1.260000039,-0.490000015,-0.008196222,0.133815858,0.016726982,TRUE
2264,1000_radii_1,-1,L,0,6,66.52053926,0,-12.2061367,294.4196472,350.7523298,-0.014,-1.260000039,-0.490000015,-0.00819208,0.133748243,0.01671853,TRUE
2265,1000_radii_1,-1,L,0,6,66.53719953,0,-12.22755432,294.551178,350.7441673,-0.014,-1.260000039,-0.490000015,-0.008163238,0.133277349,0.016659669,TRUE
2266,1000_radii_1,-1,L,0,6,66.55376864,0,-12.24887466,294.6820068,350.7360487,-0.014,-1.260000039,-0.490000015,-0.008119013,0.132555313,0.016569414,TRUE
2267,1000_radii_1,-1,L,0,6,66.57050227,0,-12.2704258,294.8141479,350.727849,-0.014,-1.260000039,-0.490000015,-0.008199771,0.133873814,0.016734227,TRUE
2268,1000_radii_1,-1,L,0,6,66.5871882,0,-12.29193115,294.9458618,350.7196722,-0.014,-1.260000039,-0.490000015,-0.008175219,0.133472951,0.016684119,TRUE
2269,1000_radii_1,-1,L,0,6,66.60384062,0,-12.31341553,295.0773315,350.7115126,-0.014,-1.260000039,-0.490000015,-0.008159836,0.133221808,0.016652726,TRUE
2270,1000_radii_1,-1,L,0,6,66.62046044,0,-12.33487701,295.2085571,350.7033691,-0.014,-1.260000039,-0.490000015,-0.00814401,0.13296342,0.016620428,TRUE
2271,1000_radii_1,-1,L,0,6,66.63710834,0,-12.35639286,295.3399963,350.6952105,-0.014,-1.260000039,-0.490000015,-0.008157765,0.133188,0.0166485,TRUE
2272,1000_radii_1,-1,L,0,6,66.65377616,0,-12.37794971,295.4715576,350.6870451,-0.014,-1.260000039,-0.490000015,-0.008166344,0.133328061,0.016666008,TRUE
2273,1000_radii_1,-1,L,0,6,66.67044488,0,-12.39953136,295.6031494,350.6788759,-0.014,-1.260000039,-0.490000015,-0.008168415,0.133361869,0.016670234,TRUE
2274,1000_radii_1,-1,L,0,6,66.68711331,0,-12.42112923,295.7347412,350.6707096,-0.014,-1.260000039,-0.490000015,-0.008167527,0.13334738,0.016668422,TRUE
2275,1000_radii_1,-1,L,0,6,66.70377448,0,-12.44273663,295.866272,350.6625452,-0.014,-1.260000039,-0.490000015,-0.008164125,0.133291838,0.01666148,TRUE
2276,1000_radii_1,-1,L,0,6,66.72044985,0,-12.46438026,295.9978943,350.6543751,-0.014,-1.260000039,-0.490000015,-0.008170485,0.133395676,0.01667446,TRUE
2277,1000_radii_1,-1,L,0,6,66.73707752,0,-12.48598289,296.1291504,350.6462269,-0.014,-1.260000039,-0.490000015,-0.008148151,0.133031036,0.016628879,TRUE
2278,1000_radii_1,-1,L,0,6,66.75378881,0,-12.50771046,296.2610474,350.6380377,-0.014,-1.260000039,-0.490000015,-0.008188087,0.133683042,0.01671038,TRUE
2279,1000_radii_1,-1,L,0,6,66.77055714,0,-12.52953339,296.3934021,350.6298208,-0.014,-1.260000039,-0.490000015,-0.008216781,0.134151521,0.01676894,TRUE
2280,1000_radii_1,-1,L,0,6,66.78713923,0,-12.5511179,296.5242004,350.6217022,-0.014,-1.260000039,-0.490000015,-0.008120049,0.132572216,0.016571527,TRUE
2281,1000_radii_1,-1,L,0,6,66.80377143,0,-12.57281208,296.6555481,350.6135464,-0.014,-1.260000039,-0.490000015,-0.008154363,0.133132459,0.016641557,TRUE
2282,1000_radii_1,-1,L,0,6,66.82045284,0,-12.59457588,296.7872009,350.6053743,-0.014,-1.260000039,-0.490000015,-0.008173444,0.133443973,0.016680497,TRUE
2283,1000_radii_1,-1,L,0,6,66.83711009,0,-12.61632919,296.9186707,350.5972109,-0.014,-1.260000039,-0.490000015,-0.00816235,0.13326286,0.016657858,TRUE
2284,1000_radii_1,-1,L,0,6,66.85376885,0,-12.63810253,297.0501404,350.5890474,-0.014,-1.260000039,-0.490000015,-0.00816309,0.133274934,0.016659367,TRUE
2285,1000_radii_1,-1,L,0,6,66.87044663,0,-12.65992069,297.1817627,350.5808764,-0.014,-1.260000039,-0.490000015,-0.008172704,0.133431899,0.016678987,TRUE
2286,1000_radii_1,-1,L,0,6,66.88709242,0,-12.68171406,297.3131409,350.5727196,-0.014,-1.260000039,-0.490000015,-0.008156286,0.133163852,0.016645481,TRUE
2287,1000_radii_1,-1,L,0,6,66.90383268,0,-12.70364475,297.4452209,350.5645189,-0.014,-1.260000039,-0.490000015,-0.008200955,0.133893133,0.016736642,TRUE
2288,1000_radii_1,-1,L,0,6,66.92049386,0,-12.72549915,297.5767212,350.5563536,-0.014,-1.260000039,-0.490000015,-0.008165161,0.133308742,0.016663593,TRUE
2289,1000_radii_1,-1,L,0,6,66.93709587,0,-12.74729252,297.7077332,350.5482178,-0.014,-1.260000039,-0.490000015,-0.008135431,0.13282336,0.01660292,TRUE
2290,1000_radii_1,-1,L,0,6,66.95382708,0,-12.7692709,297.8397522,350.5400209,-0.014,-1.260000039,-0.490000015,-0.008197405,0.133835177,0.016729397,TRUE
2291,1000_radii_1,-1,L,0,6,66.97046502,0,-12.79115009,297.9710693,350.531867,-0.014,-1.260000039,-0.490000015,-0.008153476,0.13311797,0.016639746,TRUE
2292,1000_radii_1,-1,L,0,6,66.98717328,0,-12.8131361,298.1029053,350.5236807,-0.014,-1.260000039,-0.490000015,-0.008186164,0.133651649,0.016706456,TRUE
2293,1000_radii_1,-1,L,0,6,67.00385952,0,-12.83511543,298.2345886,350.5155039,-0.014,-1.260000039,-0.490000015,-0.008176846,0.133499514,0.016687439,TRUE
2294,1000_radii_1,-1,L,0,6,67.02046334,0,-12.85700417,298.3656006,350.5073681,-0.014,-1.260000039,-0.490000015,-0.008136171,0.132835434,0.016604429,TRUE
2295,1000_radii_1,-1,L,0,6,67.03711124,0,-12.87896824,298.4969482,350.4992104,-0.014,-1.260000039,-0.490000015,-0.008157322,0.133180756,0.016647594,TRUE
2296,1000_radii_1,-1,L,0,6,67.05376728,0,-12.90096188,298.6283569,350.4910498,-0.014,-1.260000039,-0.490000015,-0.008161167,0.133243542,0.016655443,TRUE
2297,1000_radii_1,-1,L,0,6,67.0704351,0,-12.92299175,298.7598877,350.4828815,-0.014,-1.260000039,-0.490000015,-0.008167823,0.133352209,0.016669026,TRUE
2298,1000_radii_1,-1,L,0,6,67.08708662,0,-12.94501591,298.8912659,350.4747229,-0.014,-1.260000039,-0.490000015,-0.008158801,0.133204904,0.016650613,TRUE
2299,1000_radii_1,-1,L,0,6,67.10375867,0,-12.96708679,299.0227966,350.4665537,-0.014,-1.260000039,-0.490000015,-0.008169006,0.133371528,0.016671441,TRUE
2300,1000_radii_1,-1,L,0,6,67.12041773,0,-12.98915768,299.1542053,350.4583921,-0.014,-1.260000039,-0.490000015,-0.008162203,0.133260445,0.016657556,TRUE
2301,1000_radii_1,-1,L,0,6,67.13711151,0,-13.01129913,299.2859192,350.4502106,-0.014,-1.260000039,-0.490000015,-0.008181283,0.13357196,0.016696495,TRUE
2302,1000_radii_1,-1,L,0,6,67.15375186,0,-13.03338432,299.4172058,350.4420557,-0.014,-1.260000039,-0.490000015,-0.008153476,0.13311797,0.016639746,TRUE
2303,1000_radii_1,-1,L,0,6,67.17040217,0,-13.05550194,299.5485535,350.433897,-0.014,-1.260000039,-0.490000015,-0.008158801,0.133204904,0.016650613,TRUE
2304,1000_radii_1,-1,L,0,6,67.18707452,0,-13.07766819,299.6800842,350.4257288,-0.014,-1.260000039,-0.490000015,-0.008169598,0.133381187,0.016672648,TRUE
2305,1000_radii_1,-1,L,0,6,67.20374566,0,-13.09985161,299.8115845,350.4175596,-0.014,-1.260000039,-0.490000015,-0.008169006,0.133371528,0.016671441,TRUE
2306,1000_radii_1,-1,L,0,6,67.22040925,0,-13.12204361,299.9430237,350.4093943,-0.014,-1.260000039,-0.490000015,-0.008165309,0.133311157,0.016663895,TRUE
2307,1000_radii_1,-1,L,0,6,67.23709216,0,-13.14427853,300.0746155,350.4012203,-0.014,-1.260000039,-0.490000015,-0.008174331,0.133458462,0.016682308,TRUE
2308,1000_radii_1,-1,L,0,6,67.25379348,0,-13.16655731,300.2063599,350.3930368,-0.014,-1.260000039,-0.490000015,-0.008183501,0.133608182,0.016701023,TRUE
2309,1000_radii_1,-1,L,0,6,67.27042236,0,-13.1887598,300.3375244,350.3848877,-0.014,-1.260000039,-0.490000015,-0.008148447,0.133035865,0.016629483,TRUE
2310,1000_radii_1,-1,L,0,6,67.28706392,0,-13.21099758,300.4687805,350.3767338,-0.014,-1.260000039,-0.490000015,-0.008154511,0.133134874,0.016641859,TRUE
2311,1000_radii_1,-1,L,0,6,67.3038072,0,-13.2333889,300.6008301,350.3685293,-0.014,-1.260000039,-0.490000015,-0.008204061,0.133943845,0.016742981,TRUE
2312,1000_radii_1,-1,L,0,6,67.32042763,0,-13.25563431,300.7319031,350.3603859,-0.014,-1.260000039,-0.490000015,-0.008143566,0.132956176,0.016619522,TRUE
2313,1000_radii_1,-1,L,0,6,67.3370707,0,-13.27793026,300.8631592,350.3522301,-0.014,-1.260000039,-0.490000015,-0.008155251,0.133146948,0.016643369,TRUE
2314,1000_radii_1,-1,L,0,6,67.35380432,0,-13.30036545,300.9951477,350.3440304,-0.014,-1.260000039,-0.490000015,-0.008199476,0.133868985,0.016733623,TRUE
2315,1000_radii_1,-1,L,0,6,67.37040634,0,-13.32264328,301.1260681,350.3358965,-0.014,-1.260000039,-0.490000015,-0.008134987,0.132816115,0.016602014,TRUE
2316,1000_radii_1,-1,L,0,6,67.38706691,0,-13.34501839,301.2574768,350.3277311,-0.014,-1.260000039,-0.490000015,-0.00816383,0.133287009,0.016660876,TRUE
2317,1000_radii_1,-1,L,0,6,67.40374016,0,-13.36742878,301.3889771,350.319562,-0.014,-1.260000039,-0.490000015,-0.008169746,0.133383602,0.01667295,TRUE
2318,1000_radii_1,-1,L,0,6,67.42038927,0,-13.38982487,301.5202637,350.3114042,-0.014,-1.260000039,-0.490000015,-0.008157913,0.133190415,0.016648802,TRUE
2319,1000_radii_1,-1,L,0,6,67.43708274,0,-13.41230106,301.6519165,350.3032246,-0.014,-1.260000039,-0.490000015,-0.0081801,0.133552641,0.01669408,TRUE
2320,1000_radii_1,-1,L,0,6,67.45375388,0,-13.43476486,301.7833862,350.2950554,-0.014,-1.260000039,-0.490000015,-0.008168711,0.133366698,0.016670837,TRUE
2321,1000_radii_1,-1,L,0,6,67.47046245,0,-13.45729828,301.9151306,350.2868681,-0.014,-1.260000039,-0.490000015,-0.008187347,0.133670968,0.016708871,TRUE
2322,1000_radii_1,-1,L,0,6,67.48711427,0,-13.47977352,302.0464478,350.2787094,-0.014,-1.260000039,-0.490000015,-0.008159392,0.133214564,0.01665182,TRUE
2323,1000_radii_1,-1,L,0,6,67.50378149,0,-13.50228882,302.1778564,350.2705412,-0.014,-1.260000039,-0.490000015,-0.008166936,0.13333772,0.016667215,TRUE
2324,1000_radii_1,-1,L,0,6,67.52046168,0,-13.5248394,302.3093872,350.2623701,-0.014,-1.260000039,-0.490000015,-0.008173148,0.133439144,0.016679893,TRUE
2325,1000_radii_1,-1,L,0,6,67.53706158,0,-13.54729939,302.4402771,350.2542353,-0.014,-1.260000039,-0.490000015,-0.008133508,0.132791967,0.016598996,TRUE
2326,1000_radii_1,-1,L,0,6,67.55372185,0,-13.56986237,302.5716553,350.2460718,-0.014,-1.260000039,-0.490000015,-0.008163977,0.133289424,0.016661178,TRUE
2327,1000_radii_1,-1,L,0,6,67.57048506,0,-13.59258366,302.7038269,350.2378559,-0.014,-1.260000039,-0.490000015,-0.008214414,0.134112883,0.01676411,TRUE
2328,1000_radii_1,-1,L,0,6,67.5871239,0,-13.61515236,302.8349915,350.2297049,-0.014,-1.260000039,-0.490000015,-0.008152588,0.133103481,0.016637935,TRUE
2329,1000_radii_1,-1,L,0,6,67.60374252,0,-13.63771343,302.9660034,350.2215614,-0.014,-1.260000039,-0.490000015,-0.008143122,0.132948931,0.016618616,TRUE
2330,1000_radii_1,-1,L,0,6,67.62047131,0,-13.66044331,303.0979004,350.2133636,-0.014,-1.260000039,-0.490000015,-0.008197257,0.133832762,0.016729095,TRUE
2331,1000_radii_1,-1,L,0,6,67.63708359,0,-13.68303299,303.2288513,350.205224,-0.014,-1.260000039,-0.490000015,-0.008140016,0.13289822,0.016612277,TRUE
2332,1000_radii_1,-1,L,0,6,67.65372696,0,-13.70568466,303.3600464,350.1970692,-0.014,-1.260000039,-0.490000015,-0.008155399,0.133149363,0.01664367,TRUE
2333,1000_radii_1,-1,L,0,6,67.67045726,0,-13.72847271,303.4919434,350.1888704,-0.014,-1.260000039,-0.490000015,-0.008197996,0.133844836,0.016730605,TRUE
2334,1000_radii_1,-1,L,0,6,67.68709308,0,-13.75115108,303.6230774,350.1807203,-0.014,-1.260000039,-0.490000015,-0.008151553,0.133086577,0.016635822,TRUE
2335,1000_radii_1,-1,L,0,6,67.70370657,0,-13.77381706,303.7540283,350.1725788,-0.014,-1.260000039,-0.490000015,-0.008140608,0.132907879,0.016613485,TRUE
2336,1000_radii_1,-1,L,0,6,67.72046705,0,-13.79670238,303.8861389,350.1643658,-0.014,-1.260000039,-0.490000015,-0.008212492,0.134081491,0.016760186,TRUE
2337,1000_radii_1,-1,L,0,6,67.73713004,0,-13.81947327,304.0174866,350.1562004,-0.014,-1.260000039,-0.490000015,-0.008164717,0.133301498,0.016662687,TRUE
2338,1000_radii_1,-1,L,0,6,67.75374956,0,-13.84220505,304.1484985,350.148057,-0.014,-1.260000039,-0.490000015,-0.008143862,0.132961005,0.016620126,TRUE
2339,1000_radii_1,-1,L,0,6,67.77050583,0,-13.86514091,304.2805786,350.1398468,-0.014,-1.260000039,-0.490000015,-0.008210421,0.134047683,0.01675596,TRUE
2340,1000_radii_1,-1,L,0,6,67.78702211,0,-13.88776684,304.4107666,350.1317539,-0.014,-1.260000039,-0.490000015,-0.008092685,0.132125471,0.016515684,TRUE
2341,1000_radii_1,-1,L,0,6,67.80371227,0,-13.91065025,304.5423279,350.1235762,-0.014,-1.260000039,-0.490000015,-0.008178325,0.133523663,0.016690458,TRUE
2342,1000_radii_1,-1,L,0,6,67.82039488,0,-13.9335413,304.6737976,350.1154003,-0.014,-1.260000039,-0.490000015,-0.008174331,0.133458462,0.016682308,TRUE
2343,1000_radii_1,-1,L,0,6,67.83704097,0,-13.95639706,304.8049622,350.1072464,-0.014,-1.260000039,-0.490000015,-0.008155103,0.133144533,0.016643067,TRUE
2344,1000_radii_1,-1,L,0,6,67.85376976,0,-13.97938347,304.9367676,350.0990505,-0.014,-1.260000039,-0.490000015,-0.008194742,0.13379171,0.016723964,TRUE
2345,1000_radii_1,-1,L,0,6,67.87048527,0,-14.00237942,305.068512,350.0908594,-0.014,-1.260000039,-0.490000015,-0.008191636,0.133740998,0.016717625,TRUE
2346,1000_radii_1,-1,L,0,6,67.88710238,0,-14.02526283,305.1994934,350.082715,-0.014,-1.260000039,-0.490000015,-0.008144749,0.132975495,0.016621937,TRUE
2347,1000_radii_1,-1,L,0,6,67.90368779,0,-14.04811478,305.3302002,350.0745888,-0.014,-1.260000039,-0.490000015,-0.008127,0.132685714,0.016585714,TRUE
2348,1000_radii_1,-1,L,0,6,67.92045069,0,-14.07122421,305.4622803,350.0663767,-0.014,-1.260000039,-0.490000015,-0.008212048,0.134074246,0.016759281,TRUE
2349,1000_radii_1,-1,L,0,6,67.93707987,0,-14.09417629,305.5933228,350.0582275,-0.014,-1.260000039,-0.490000015,-0.008149187,0.13304794,0.016630992,TRUE
2350,1000_radii_1,-1,L,0,6,67.95374407,0,-14.11719322,305.7246399,350.0500622,-0.014,-1.260000039,-0.490000015,-0.008165752,0.133318402,0.0166648,TRUE
2351,1000_radii_1,-1,L,0,6,67.9704626,0,-14.1403017,305.8563843,350.0418701,-0.014,-1.260000039,-0.490000015,-0.008191636,0.133740998,0.016717625,TRUE
2352,1000_radii_1,-1,L,0,6,67.98718475,0,-14.16342354,305.9880676,350.03368,-0.014,-1.260000039,-0.490000015,-0.008189714,0.133709605,0.016713701,TRUE
2353,1000_radii_1,-1,L,0,6,68.0037264,0,-14.18634129,306.1184998,350.0255699,-0.014,-1.260000039,-0.490000015,-0.008110582,0.132417667,0.016552208,TRUE
2354,1000_radii_1,-1,L,0,6,68.02038939,0,-14.20943069,306.2497864,350.0174046,-0.014,-1.260000039,-0.490000015,-0.008165013,0.133306327,0.016663291,TRUE
2355,1000_radii_1,-1,L,0,6,68.03711486,0,-14.23262501,306.3815613,350.0092087,-0.014,-1.260000039,-0.490000015,-0.008195482,0.133803784,0.016725473,TRUE
2356,1000_radii_1,-1,L,0,6,68.05370389,0,-14.25565052,306.5122681,350.0010796,-0.014,-1.260000039,-0.490000015,-0.008129071,0.132719522,0.01658994,TRUE
2357,1000_radii_1,-1,L,0,6,68.07039314,0,-14.27883148,306.6437378,349.9929028,-0.014,-1.260000039,-0.490000015,-0.008177437,0.133509174,0.016688647,TRUE
2358,1000_radii_1,-1,L,0,6,68.08705493,0,-14.30199432,306.7749939,349.9847383,-0.014,-1.260000039,-0.490000015,-0.008164421,0.133296668,0.016662084,TRUE
2359,1000_radii_1,-1,L,0,6,68.10377165,0,-14.32525253,306.9067078,349.9765463,-0.014,-1.260000039,-0.490000015,-0.008191488,0.133738583,0.016717323,TRUE
2360,1000_radii_1,-1,L,0,6,68.1203972,0,-14.34840202,307.0376892,349.9684,-0.014,-1.260000039,-0.490000015,-0.008146524,0.133004473,0.016625559,TRUE
2361,1000_radii_1,-1,L,0,6,68.13703091,0,-14.37158108,307.1687317,349.9602489,-0.014,-1.260000039,-0.490000015,-0.00815037,0.133067258,0.016633407,TRUE
2362,1000_radii_1,-1,L,0,6,68.15369451,0,-14.39482021,307.2999878,349.9520836,-0.014,-1.260000039,-0.490000015,-0.008164865,0.133303913,0.016662989,TRUE
2363,1000_radii_1,-1,L,0,6,68.17037531,0,-14.41810322,307.4313965,349.9439096,-0.014,-1.260000039,-0.490000015,-0.008173887,0.133451218,0.016681402,TRUE
2364,1000_radii_1,-1,L,0,6,68.18702531,0,-14.44136238,307.562561,349.935751,-0.014,-1.260000039,-0.490000015,-0.008158653,0.133202489,0.016650311,TRUE
2365,1000_radii_1,-1,L,0,6,68.20370189,0,-14.46467686,307.6939087,349.9275808,-0.014,-1.260000039,-0.490000015,-0.008171521,0.13341258,0.016676573,TRUE
2366,1000_radii_1,-1,L,0,6,68.22043762,0,-14.48809242,307.8257141,349.9193802,-0.014,-1.260000039,-0.490000015,-0.008200363,0.133883474,0.016735434,TRUE
2367,1000_radii_1,-1,L,0,6,68.23702485,0,-14.51131916,307.9563599,349.911253,-0.014,-1.260000039,-0.490000015,-0.008127888,0.132700203,0.016587525,TRUE
2368,1000_radii_1,-1,L,0,6,68.25376753,0,-14.53478146,308.0882263,349.9030485,-0.014,-1.260000039,-0.490000015,-0.008203617,0.1339366,0.016742075,TRUE
2369,1000_radii_1,-1,L,0,6,68.27043866,0,-14.55816364,308.2195435,349.8948793,-0.014,-1.260000039,-0.490000015,-0.008169154,0.133373943,0.016671743,TRUE
2370,1000_radii_1,-1,L,0,6,68.28709139,0,-14.58153725,308.350708,349.8867207,-0.014,-1.260000039,-0.490000015,-0.00815954,0.133216978,0.016652122,TRUE
2371,1000_radii_1,-1,L,0,6,68.30370518,0,-14.60487652,308.4815674,349.8785791,-0.014,-1.260000039,-0.490000015,-0.008141052,0.132915124,0.01661439,TRUE
2372,1000_radii_1,-1,L,0,6,68.32036968,0,-14.62830353,308.612793,349.8704138,-0.014,-1.260000039,-0.490000015,-0.008165013,0.133306327,0.016663291,TRUE
2373,1000_radii_1,-1,L,0,6,68.33702693,0,-14.65174103,308.743988,349.8622513,-0.014,-1.260000039,-0.490000015,-0.008162203,0.133260445,0.016657556,TRUE
2374,1000_radii_1,-1,L,0,6,68.35370592,0,-14.67522717,308.8753357,349.8540792,-0.014,-1.260000039,-0.490000015,-0.008172852,0.133434314,0.016679289,TRUE
2375,1000_radii_1,-1,L,0,6,68.37034778,0,-14.69867992,309.0063782,349.8459234,-0.014,-1.260000039,-0.490000015,-0.008154511,0.133134874,0.016641859,TRUE
2376,1000_radii_1,-1,L,0,6,68.38703884,0,-14.72222042,309.1378174,349.8377466,-0.014,-1.260000039,-0.490000015,-0.008178473,0.133526078,0.01669076,TRUE
2377,1000_radii_1,-1,L,0,6,68.40376733,0,-14.74583244,309.2695313,349.8295479,-0.014,-1.260000039,-0.490000015,-0.008196961,0.133827932,0.016728492,TRUE
2378,1000_radii_1,-1,L,0,6,68.42045356,0,-14.7694025,309.4009094,349.821373,-0.014,-1.260000039,-0.490000015,-0.00817581,0.133482611,0.016685326,TRUE
2379,1000_radii_1,-1,L,0,6,68.43704018,0,-14.7928524,309.5315247,349.8132458,-0.014,-1.260000039,-0.490000015,-0.008127592,0.132695373,0.016586922,TRUE
2380,1000_radii_1,-1,L,0,6,68.45370166,0,-14.81642723,309.6627197,349.8050804,-0.014,-1.260000039,-0.490000015,-0.008164569,0.133299083,0.016662385,TRUE
2381,1000_radii_1,-1,L,0,6,68.47050501,0,-14.84021854,309.7950134,349.7968483,-0.014,-1.260000039,-0.490000015,-0.008232903,0.134414738,0.016801842,TRUE
2382,1000_radii_1,-1,L,0,6,68.4870207,0,-14.86362362,309.9250488,349.7887554,-0.014,-1.260000039,-0.490000015,-0.008092833,0.132127886,0.016515986,TRUE
2383,1000_radii_1,-1,L,0,6,68.50374406,0,-14.88734341,310.0567322,349.7805595,-0.014,-1.260000039,-0.490000015,-0.008195186,0.133798954,0.016724869,TRUE
2384,1000_radii_1,-1,L,0,6,68.52035935,0,-14.91092491,310.1875305,349.772418,-0.014,-1.260000039,-0.490000015,-0.008140904,0.132912709,0.016614089,TRUE
2385,1000_radii_1,-1,L,0,6,68.5370326,0,-14.93460751,310.3187866,349.7642488,-0.014,-1.260000039,-0.490000015,-0.008169598,0.133381187,0.016672648,TRUE
2386,1000_radii_1,-1,L,0,6,68.55369288,0,-14.95829296,310.4499512,349.7560844,-0.014,-1.260000039,-0.490000015,-0.008164125,0.133291838,0.01666148,TRUE
2387,1000_radii_1,-1,L,0,6,68.57043133,0,-14.98210621,310.5817261,349.7478838,-0.014,-1.260000039,-0.490000015,-0.008201694,0.133905207,0.016738151,TRUE
2388,1000_radii_1,-1,L,0,6,68.58709553,0,-15.00583458,310.7129211,349.7397175,-0.014,-1.260000039,-0.490000015,-0.008165752,0.133318402,0.0166648,TRUE
2389,1000_radii_1,-1,L,0,6,68.60367943,0,-15.02946663,310.8434753,349.7315912,-0.014,-1.260000039,-0.490000015,-0.008126261,0.13267364,0.016584205,TRUE
2390,1000_radii_1,-1,L,0,6,68.620356,0,-15.05324936,310.974762,349.7234201,-0.014,-1.260000039,-0.490000015,-0.008171817,0.13341741,0.016677176,TRUE
2391,1000_radii_1,-1,L,0,6,68.63709385,0,-15.07713699,311.1065063,349.7152176,-0.014,-1.260000039,-0.490000015,-0.008201398,0.133900378,0.016737547,TRUE
2392,1000_radii_1,-1,L,0,6,68.65368741,0,-15.10083866,311.2371216,349.7070875,-0.014,-1.260000039,-0.490000015,-0.008130994,0.132750915,0.016593864,TRUE
2393,1000_radii_1,-1,L,0,6,68.67036399,0,-15.12467861,311.3684082,349.6989155,-0.014,-1.260000039,-0.490000015,-0.008171965,0.133419825,0.016677478,TRUE
2394,1000_radii_1,-1,L,0,6,68.68702003,0,-15.14850426,311.4995117,349.6907549,-0.014,-1.260000039,-0.490000015,-0.008160723,0.133236297,0.016654537,TRUE
2395,1000_radii_1,-1,L,0,6,68.70372347,0,-15.17241955,311.6309814,349.6825705,-0.014,-1.260000039,-0.490000015,-0.008184981,0.133632331,0.016704041,TRUE
2396,1000_radii_1,-1,L,0,6,68.72049965,0,-15.196455,311.7630005,349.6743507,-0.014,-1.260000039,-0.490000015,-0.008219739,0.134199818,0.016774977,TRUE
2397,1000_radii_1,-1,L,0,6,68.73703315,0,-15.22016335,311.8931274,349.6662483,-0.014,-1.260000039,-0.490000015,-0.00810156,0.132270362,0.016533795,TRUE
2398,1000_radii_1,-1,L,0,6,68.75366263,0,-15.24402809,312.0240173,349.6580992,-0.014,-1.260000039,-0.490000015,-0.008148743,0.133040695,0.016630087,TRUE
2399,1000_radii_1,-1,L,0,6,68.77041738,0,-15.26809025,312.1558838,349.6498909,-0.014,-1.260000039,-0.490000015,-0.008209533,0.134033194,0.016754149,TRUE
2400,1000_radii_1,-1,L,0,6,68.7870366,0,-15.29197788,312.2866821,349.6417465,-0.014,-1.260000039,-0.490000015,-0.008143566,0.132956176,0.016619522,TRUE
2401,1000_radii_1,-1,L,0,6,68.80369597,0,-15.31594086,312.4177856,349.633584,-0.014,-1.260000039,-0.490000015,-0.008162942,0.13327252,0.016659065,TRUE
2402,1000_radii_1,-1,L,0,6,68.82034417,0,-15.33990574,312.5487976,349.6254263,-0.014,-1.260000039,-0.490000015,-0.008157322,0.133180756,0.016647594,TRUE
2403,1000_radii_1,-1,L,0,6,68.83708081,0,-15.36401749,312.6805115,349.6172256,-0.014,-1.260000039,-0.490000015,-0.008200807,0.133890718,0.01673634,TRUE
2404,1000_radii_1,-1,L,0,6,68.85369913,0,-15.38797855,312.8112793,349.6090822,-0.014,-1.260000039,-0.490000015,-0.00814327,0.132951346,0.016618918,TRUE
2405,1000_radii_1,-1,L,0,6,68.87034008,0,-15.41199017,312.9422302,349.6009274,-0.014,-1.260000039,-0.490000015,-0.008154215,0.133130044,0.016641256,TRUE
2406,1000_radii_1,-1,L,0,6,68.88699703,0,-15.43604374,313.0733032,349.5927658,-0.014,-1.260000039,-0.490000015,-0.008162055,0.133258031,0.016657254,TRUE
2407,1000_radii_1,-1,L,0,6,68.90365398,0,-15.46011639,313.2043762,349.5846033,-0.014,-1.260000039,-0.490000015,-0.008162055,0.133258031,0.016657254,TRUE
2408,1000_radii_1,-1,L,0,6,68.92036919,0,-15.48429108,313.335907,349.5764141,-0.014,-1.260000039,-0.490000015,-0.008190453,0.13372168,0.01671521,TRUE
2409,1000_radii_1,-1,L,0,6,68.9371173,0,-15.50852585,313.4676514,349.5682087,-0.014,-1.260000039,-0.490000015,-0.008204504,0.133951089,0.016743886,TRUE
2410,1000_radii_1,-1,L,0,6,68.95381048,0,-15.532691,313.5989075,349.5600348,-0.014,-1.260000039,-0.490000015,-0.008174627,0.133463292,0.016682911,TRUE
2411,1000_radii_1,-1,L,0,6,68.97044268,0,-15.55681801,313.7298584,349.5518799,-0.014,-1.260000039,-0.490000015,-0.008155251,0.133146948,0.016643369,TRUE
2412,1000_radii_1,-1,L,0,6,68.98706854,0,-15.5809412,313.8606873,349.5437317,-0.014,-1.260000039,-0.490000015,-0.008147855,0.133026206,0.016628276,TRUE
2413,1000_radii_1,-1,L,0,6,69.00373757,0,-15.60514259,313.9918213,349.5355625,-0.014,-1.260000039,-0.490000015,-0.008167971,0.133354624,0.016669328,TRUE
2414,1000_radii_1,-1,L,0,6,69.02036856,0,-15.62930584,314.1226501,349.5274153,-0.014,-1.260000039,-0.490000015,-0.008148743,0.133040695,0.016630087,TRUE
2415,1000_radii_1,-1,L,0,6,69.03702249,0,-15.6535244,314.2536621,349.5192528,-0.014,-1.260000039,-0.490000015,-0.008161167,0.133243542,0.016655443,TRUE
2416,1000_radii_1,-1,L,0,6,69.0536882,0,-15.67777729,314.3847656,349.5110874,-0.014,-1.260000039,-0.490000015,-0.008166344,0.133328061,0.016666008,TRUE
2417,1000_radii_1,-1,L,0,6,69.07034636,0,-15.7020359,314.5158081,349.5029259,-0.014,-1.260000039,-0.490000015,-0.008161907,0.133255616,0.016656952,TRUE
2418,1000_radii_1,-1,L,0,6,69.08702172,0,-15.72634029,314.6469727,349.4947538,-0.014,-1.260000039,-0.490000015,-0.008170929,0.133402921,0.016675365,TRUE
2419,1000_radii_1,-1,L,0,6,69.10368381,0,-15.75064373,314.7780457,349.4865904,-0.014,-1.260000039,-0.490000015,-0.008164569,0.133299083,0.016662385,TRUE
2420,1000_radii_1,-1,L,0,6,69.12035827,0,-15.77498341,314.9092102,349.4784193,-0.014,-1.260000039,-0.490000015,-0.008170485,0.133395676,0.01667446,TRUE
2421,1000_radii_1,-1,L,0,6,69.13702186,0,-15.7993269,315.0402832,349.470253,-0.014,-1.260000039,-0.490000015,-0.008165309,0.133311157,0.016663895,TRUE
2422,1000_radii_1,-1,L,0,6,69.15373073,0,-15.82375526,315.1717224,349.4620657,-0.014,-1.260000039,-0.490000015,-0.008187643,0.133675798,0.016709475,TRUE
2423,1000_radii_1,-1,L,0,6,69.17036927,0,-15.84809685,315.3025818,349.4539156,-0.014,-1.260000039,-0.490000015,-0.008152293,0.133098651,0.016637331,TRUE
2424,1000_radii_1,-1,L,0,6,69.18700388,0,-15.87245464,315.4334106,349.4457617,-0.014,-1.260000039,-0.490000015,-0.008151257,0.133081747,0.016635218,TRUE
2425,1000_radii_1,-1,L,0,6,69.20377524,0,-15.89702988,315.5653076,349.4375439,-0.014,-1.260000039,-0.490000015,-0.008217964,0.13417084,0.016771355,TRUE
2426,1000_radii_1,-1,L,0,6,69.22037876,0,-15.92137814,315.6958923,349.429409,-0.014,-1.260000039,-0.490000015,-0.008135579,0.132825775,0.016603222,TRUE
2427,1000_radii_1,-1,L,0,6,69.23701368,0,-15.94579124,315.8267212,349.421258,-0.014,-1.260000039,-0.490000015,-0.008151257,0.133081747,0.016635218,TRUE
2428,1000_radii_1,-1,L,0,6,69.25365735,0,-15.97023487,315.9576111,349.4131021,-0.014,-1.260000039,-0.490000015,-0.008155251,0.133146948,0.016643369,TRUE
2429,1000_radii_1,-1,L,0,6,69.27038765,0,-15.99482536,316.0891724,349.4049053,-0.014,-1.260000039,-0.490000015,-0.008197849,0.133842422,0.016730303,TRUE
2430,1000_radii_1,-1,L,0,6,69.28705849,0,-16.01934814,316.2202759,349.3967361,-0.014,-1.260000039,-0.490000015,-0.008169006,0.133371528,0.016671441,TRUE
2431,1000_radii_1,-1,L,0,6,69.30374231,0,-16.04390526,316.3514709,349.3885612,-0.014,-1.260000039,-0.490000015,-0.008174479,0.133460877,0.01668261,TRUE
2432,1000_radii_1,-1,L,0,6,69.32037088,0,-16.06840134,316.4822083,349.380414,-0.014,-1.260000039,-0.490000015,-0.008147855,0.133026206,0.016628276,TRUE
2433,1000_radii_1,-1,L,0,6,69.33706164,0,-16.09300804,316.6134644,349.3722353,-0.014,-1.260000039,-0.490000015,-0.00817862,0.133528493,0.016691062,TRUE
2434,1000_radii_1,-1,L,0,6,69.3536869,0,-16.11753654,316.7441711,349.364089,-0.014,-1.260000039,-0.490000015,-0.008146376,0.133002058,0.016625257,TRUE
2435,1000_radii_1,-1,L,0,6,69.37041449,0,-16.1422348,316.8757019,349.3558922,-0.014,-1.260000039,-0.490000015,-0.008196517,0.133820688,0.016727586,TRUE
2436,1000_radii_1,-1,L,0,6,69.38698843,0,-16.16672516,317.006012,349.3477697,-0.014,-1.260000039,-0.490000015,-0.008121084,0.13258912,0.01657364,TRUE
2437,1000_radii_1,-1,L,0,6,69.40373443,0,-16.19149017,317.1376648,349.3395662,-0.014,-1.260000039,-0.490000015,-0.008205836,0.133972823,0.016746603,TRUE
2438,1000_radii_1,-1,L,0,6,69.42031712,0,-16.21603203,317.2680359,349.3314381,-0.014,-1.260000039,-0.490000015,-0.008125817,0.132666395,0.016583299,TRUE
2439,1000_radii_1,-1,L,0,6,69.43706403,0,-16.24083328,317.3996887,349.3232336,-0.014,-1.260000039,-0.490000015,-0.008205836,0.133972823,0.016746603,TRUE
2440,1000_radii_1,-1,L,0,6,69.45371524,0,-16.26551247,317.5305786,349.3150749,-0.014,-1.260000039,-0.490000015,-0.008158949,0.133207319,0.016650915,TRUE
2441,1000_radii_1,-1,L,0,6,69.47034805,0,-16.29018402,317.6613464,349.3069239,-0.014,-1.260000039,-0.490000015,-0.008150518,0.133069673,0.016633709,TRUE
2442,1000_radii_1,-1,L,0,6,69.48700047,0,-16.31490135,317.7922363,349.2987652,-0.014,-1.260000039,-0.490000015,-0.008159096,0.133209734,0.016651217,TRUE
2443,1000_radii_1,-1,L,0,6,69.50366799,0,-16.33966064,317.9232483,349.290597,-0.014,-1.260000039,-0.490000015,-0.008167084,0.133340135,0.016667517,TRUE
2444,1000_radii_1,-1,L,0,6,69.52029234,0,-16.36436272,318.0538635,349.2824564,-0.014,-1.260000039,-0.490000015,-0.008141791,0.132927198,0.0166159,TRUE
2445,1000_radii_1,-1,L,0,6,69.53698914,0,-16.38921738,318.1851807,349.2742691,-0.014,-1.260000039,-0.490000015,-0.008185868,0.13364682,0.016705852,TRUE
2446,1000_radii_1,-1,L,0,6,69.55366963,0,-16.41405106,318.3162842,349.2660961,-0.014,-1.260000039,-0.490000015,-0.008173,0.133436729,0.016679591,TRUE
2447,1000_radii_1,-1,L,0,6,69.57032991,0,-16.4388752,318.4472351,349.2579327,-0.014,-1.260000039,-0.490000015,-0.008163534,0.133282179,0.016660272,TRUE
2448,1000_radii_1,-1,L,0,6,69.58701403,0,-16.46375465,318.5783691,349.2497578,-0.014,-1.260000039,-0.490000015,-0.00817581,0.133482611,0.016685326,TRUE
2449,1000_radii_1,-1,L,0,6,69.60372229,0,-16.48868561,318.7096863,349.2415714,-0.014,-1.260000039,-0.490000015,-0.008186755,0.133661309,0.016707664,TRUE
2450,1000_radii_1,-1,L,0,6,69.62035479,0,-16.51350021,318.840271,349.233429,-0.014,-1.260000039,-0.490000015,-0.008142087,0.132932027,0.016616503,TRUE
2451,1000_radii_1,-1,L,0,6,69.63702171,0,-16.53840446,318.9712524,349.2252636,-0.014,-1.260000039,-0.490000015,-0.008165457,0.133313572,0.016664196,TRUE
2452,1000_radii_1,-1,L,0,6,69.65370583,0,-16.56336594,319.102417,349.2170849,-0.014,-1.260000039,-0.490000015,-0.008177881,0.133516418,0.016689552,TRUE
2453,1000_radii_1,-1,L,0,6,69.67051974,0,-16.58851242,319.2344666,349.2088528,-0.014,-1.260000039,-0.490000015,-0.008232607,0.134409909,0.016801239,TRUE
2454,1000_radii_1,-1,L,0,6,69.68721926,0,-16.61351967,319.3656616,349.2006712,-0.014,-1.260000039,-0.490000015,-0.008180691,0.1335623,0.016695288,TRUE
2455,1000_radii_1,-1,L,0,6,69.70390428,0,-16.63852882,319.4967651,349.1924973,-0.014,-1.260000039,-0.490000015,-0.008175071,0.133470536,0.016683817,TRUE
2456,1000_radii_1,-1,L,0,6,69.72049603,0,-16.66342163,319.6271667,349.1843653,-0.014,-1.260000039,-0.490000015,-0.008131142,0.132753329,0.016594166,TRUE
2457,1000_radii_1,-1,L,0,6,69.73714091,0,-16.68841171,319.7579651,349.1762094,-0.014,-1.260000039,-0.490000015,-0.00815673,0.133171096,0.016646387,TRUE
2458,1000_radii_1,-1,L,0,6,69.76572867,0,-16.7310276,319.9808655,349.1623087,-0.014,-1.260000039,-0.490000015,-0.013899883,0.226936859,0.028367107,TRUE
2459,1000_radii_1,-1,L,0,6,69.77055382,0,-16.73863792,320.0206299,349.1598301,-0.014,-1.260000039,-0.490000015,-0.0024791,0.040475107,0.005059388,TRUE
2460,1000_radii_1,-1,L,0,6,69.78699404,0,-16.76338005,320.1498413,349.1517725,-0.014,-1.260000039,-0.490000015,-0.008057631,0.131553155,0.016444144,TRUE
2461,1000_radii_1,-1,L,0,6,69.80369265,0,-16.78852844,320.2810669,349.143589,-0.014,-1.260000039,-0.490000015,-0.008184093,0.133617842,0.01670223,TRUE
2462,1000_radii_1,-1,L,0,6,69.82028168,0,-16.81350136,320.4112854,349.1354666,-0.014,-1.260000039,-0.490000015,-0.008121084,0.13258912,0.01657364,TRUE
2463,1000_radii_1,-1,L,0,6,69.83696399,0,-16.83868408,320.542511,349.127284,-0.014,-1.260000039,-0.490000015,-0.008183354,0.133605767,0.016700721,TRUE
2464,1000_radii_1,-1,L,0,6,69.85363755,0,-16.86384583,320.6735229,349.119113,-0.014,-1.260000039,-0.490000015,-0.008170633,0.133398091,0.016674761,TRUE
2465,1000_radii_1,-1,L,0,6,69.87036574,0,-16.88909912,320.8049011,349.11092,-0.014,-1.260000039,-0.490000015,-0.008194003,0.133779636,0.016722454,TRUE
2466,1000_radii_1,-1,L,0,6,69.88700699,0,-16.91425705,320.9356689,349.1027622,-0.014,-1.260000039,-0.490000015,-0.008157174,0.133178341,0.016647293,TRUE
2467,1000_radii_1,-1,L,0,6,69.90365036,0,-16.93943024,321.0664368,349.0946054,-0.014,-1.260000039,-0.490000015,-0.008156138,0.133161437,0.01664518,TRUE
2468,1000_radii_1,-1,L,0,6,69.92031154,0,-16.96463394,321.1972656,349.0864458,-0.014,-1.260000039,-0.490000015,-0.008159984,0.133224223,0.016653028,TRUE
2469,1000_radii_1,-1,L,0,6,69.93702192,0,-16.9899559,321.3285828,349.0782547,-0.014,-1.260000039,-0.490000015,-0.00819208,0.133748243,0.01671853,TRUE
2470,1000_radii_1,-1,L,0,6,69.95369366,0,-17.01521301,321.4594727,349.0700884,-0.014,-1.260000039,-0.490000015,-0.008164865,0.133303913,0.016662989,TRUE
2471,1000_radii_1,-1,L,0,6,69.97034095,0,-17.04047775,321.5903015,349.0619278,-0.014,-1.260000039,-0.490000015,-0.008161315,0.133245956,0.016655745,TRUE
2472,1000_radii_1,-1,L,0,6,69.98697406,0,-17.06572533,321.7209473,349.0537786,-0.014,-1.260000039,-0.490000015,-0.00814963,0.133055184,0.016631898,TRUE
2473,1000_radii_1,-1,L,0,6,70.00364309,0,-17.09104729,321.8518677,349.0456104,-0.014,-1.260000039,-0.490000015,-0.008168119,0.133357039,0.01666963,TRUE
2474,1000_radii_1,-1,L,0,6,70.02050832,0,-17.11649132,321.9833374,349.0374088,-0.014,-1.260000039,-0.490000015,-0.008201398,0.133900378,0.016737547,TRUE
2475,1000_radii_1,-1,L,0,6,70.03697661,0,-17.14173889,322.113678,349.0292759,-0.014,-1.260000039,-0.490000015,-0.008131881,0.132765404,0.016595675,TRUE
2476,1000_radii_1,-1,L,0,6,70.05362541,0,-17.16708755,322.2444458,349.0211191,-0.014,-1.260000039,-0.490000015,-0.008158357,0.13319766,0.016649707,TRUE
2477,1000_radii_1,-1,L,0,6,70.07033247,0,-17.19254112,322.3756409,349.0129318,-0.014,-1.260000039,-0.490000015,-0.008185868,0.13364682,0.016705852,TRUE
2478,1000_radii_1,-1,L,0,6,70.08698671,0,-17.21793556,322.5064392,349.0047712,-0.014,-1.260000039,-0.490000015,-0.008161167,0.133243542,0.016655443,TRUE
2479,1000_radii_1,-1,L,0,6,70.10363762,0,-17.24334145,322.637207,348.9966116,-0.014,-1.260000039,-0.490000015,-0.008158949,0.133207319,0.016650915,TRUE
2480,1000_radii_1,-1,L,0,6,70.12034197,0,-17.26884651,322.7683716,348.9884281,-0.014,-1.260000039,-0.490000015,-0.008184833,0.133629916,0.016703739,TRUE
2481,1000_radii_1,-1,L,0,6,70.13699016,0,-17.29428673,322.8991089,348.9802694,-0.014,-1.260000039,-0.490000015,-0.008157765,0.133188,0.0166485,TRUE
2482,1000_radii_1,-1,L,0,6,70.15363051,0,-17.31973457,323.0297852,348.9721165,-0.014,-1.260000039,-0.490000015,-0.008154068,0.133127629,0.016640954,TRUE
2483,1000_radii_1,-1,L,0,6,70.17033908,0,-17.34530449,323.1609802,348.9639292,-0.014,-1.260000039,-0.490000015,-0.008187495,0.133673383,0.016709173,TRUE
2484,1000_radii_1,-1,L,0,6,70.18704403,0,-17.37088394,323.2921448,348.9557438,-0.014,-1.260000039,-0.490000015,-0.008184833,0.133629916,0.016703739,TRUE
2485,1000_radii_1,-1,L,0,6,70.20360801,0,-17.39626884,323.4222107,348.9476271,-0.014,-1.260000039,-0.490000015,-0.008116647,0.132516675,0.016564584,TRUE
2486,1000_radii_1,-1,L,0,6,70.22030994,0,-17.42186737,323.5532532,348.9394474,-0.014,-1.260000039,-0.490000015,-0.008178768,0.133530907,0.016691363,TRUE
2487,1000_radii_1,-1,L,0,6,70.23695482,0,-17.44742966,323.684021,348.9312868,-0.014,-1.260000039,-0.490000015,-0.008161315,0.133245956,0.016655745,TRUE
2488,1000_radii_1,-1,L,0,6,70.25359758,0,-17.47299004,323.8146973,348.923131,-0.014,-1.260000039,-0.490000015,-0.008154807,0.133139704,0.016642463,TRUE
2489,1000_radii_1,-1,L,0,6,70.27034539,0,-17.49873161,323.9461975,348.9149246,-0.014,-1.260000039,-0.490000015,-0.008206427,0.133982482,0.01674781,TRUE
2490,1000_radii_1,-1,L,0,6,70.2869628,0,-17.52429008,324.0766602,348.9067822,-0.014,-1.260000039,-0.490000015,-0.008142383,0.132936857,0.016617107,TRUE
2491,1000_radii_1,-1,L,0,6,70.30363847,0,-17.54995728,324.2075806,348.898612,-0.014,-1.260000039,-0.490000015,-0.008171077,0.133405336,0.016675667,TRUE
2492,1000_radii_1,-1,L,0,6,70.32032349,0,-17.57564545,324.338501,348.8904409,-0.014,-1.260000039,-0.490000015,-0.008171669,0.133414995,0.016676874,TRUE
2493,1000_radii_1,-1,L,0,6,70.33695237,0,-17.60129166,324.4690857,348.882288,-0.014,-1.260000039,-0.490000015,-0.008151997,0.133093822,0.016636728,TRUE
2494,1000_radii_1,-1,L,0,6,70.35362985,0,-17.62701797,324.6000061,348.8741159,-0.014,-1.260000039,-0.490000015,-0.008171965,0.133419825,0.016677478,TRUE
2495,1000_radii_1,-1,L,0,6,70.3703197,0,-17.65278435,324.7310181,348.8659382,-0.014,-1.260000039,-0.490000015,-0.00817862,0.133528493,0.016691062,TRUE
2496,1000_radii_1,-1,L,0,6,70.38694255,0,-17.67846298,324.8614807,348.8577938,-0.014,-1.260000039,-0.490000015,-0.008144897,0.132977909,0.016622239,TRUE
2497,1000_radii_1,-1,L,0,6,70.40363814,0,-17.70427322,324.9925232,348.8496122,-0.014,-1.260000039,-0.490000015,-0.008180839,0.133564715,0.016695589,TRUE
2498,1000_radii_1,-1,L,0,6,70.42050729,0,-17.7300396,325.1232605,348.8414516,-0.014,-1.260000039,-0.490000015,-0.008161167,0.133243542,0.016655443,TRUE
2499,1000_radii_1,-1,L,0,6,70.43709663,0,-17.75605392,325.255127,348.8332176,-0.014,-1.260000039,-0.490000015,-0.008233347,0.134421983,0.016802748,TRUE
2500,1000_radii_1,-1,L,0,6,70.45363495,0,-17.78167725,325.3849182,348.8251133,-0.014,-1.260000039,-0.490000015,-0.008103926,0.132308999,0.016538625,TRUE
2501,1000_radii_1,-1,L,0,6,70.4703405,0,-17.80757713,325.5160217,348.8169289,-0.014,-1.260000039,-0.490000015,-0.008185276,0.13363716,0.016704645,TRUE
2502,1000_radii_1,-1,L,0,6,70.4869564,0,-17.83335495,325.6464233,348.8087873,-0.014,-1.260000039,-0.490000015,-0.008141052,0.132915124,0.01661439,TRUE
2503,1000_radii_1,-1,L,0,6,70.50362995,0,-17.85924721,325.7772827,348.8006163,-0.014,-1.260000039,-0.490000015,-0.008171225,0.133407751,0.016675969,TRUE
2504,1000_radii_1,-1,L,0,6,70.52025642,0,-17.88508224,325.9077759,348.792469,-0.014,-1.260000039,-0.490000015,-0.008147116,0.133014132,0.016626766,TRUE
2505,1000_radii_1,-1,L,0,6,70.53697163,0,-17.91107178,326.0389404,348.7842789,-0.014,-1.260000039,-0.490000015,-0.008189861,0.13371202,0.016714003,TRUE
2506,1000_radii_1,-1,L,0,6,70.55363945,0,-17.9370079,326.1697388,348.7761126,-0.014,-1.260000039,-0.490000015,-0.008167231,0.13334255,0.016667819,TRUE
2507,1000_radii_1,-1,L,0,6,70.57030938,0,-17.96293449,326.3003845,348.7679539,-0.014,-1.260000039,-0.490000015,-0.008158801,0.133204904,0.016650613,TRUE
2508,1000_radii_1,-1,L,0,6,70.58694309,0,-17.98888588,326.4310608,348.7597942,-0.014,-1.260000039,-0.490000015,-0.008160428,0.133231467,0.016653933,TRUE
2509,1000_radii_1,-1,L,0,6,70.60361242,0,-18.01487923,326.5618591,348.7516241,-0.014,-1.260000039,-0.490000015,-0.008167823,0.133352209,0.016669026,TRUE
2510,1000_radii_1,-1,L,0,6,70.62035449,0,-18.04100609,326.6932373,348.7434216,-0.014,-1.260000039,-0.490000015,-0.008203913,0.13394143,0.016742679,TRUE
2511,1000_radii_1,-1,L,0,6,70.63693538,0,-18.06690025,326.8233337,348.7352962,-0.014,-1.260000039,-0.490000015,-0.00812493,0.132651906,0.016581488,TRUE
2512,1000_radii_1,-1,L,0,6,70.65365542,0,-18.09302902,326.9545288,348.7271032,-0.014,-1.260000039,-0.490000015,-0.008192672,0.133757902,0.016719738,TRUE
2513,1000_radii_1,-1,L,0,6,70.67033923,0,-18.11911964,327.0854187,348.7189283,-0.014,-1.260000039,-0.490000015,-0.008175071,0.133470536,0.016683817,TRUE
2514,1000_radii_1,-1,L,0,6,70.68694064,0,-18.14509964,327.2156677,348.7107954,-0.014,-1.260000039,-0.490000015,-0.008134396,0.132806456,0.016600807,TRUE
2515,1000_radii_1,-1,L,0,6,70.7036308,0,-18.17123795,327.3466187,348.7026157,-0.014,-1.260000039,-0.490000015,-0.008178177,0.133521248,0.016690156,TRUE
2516,1000_radii_1,-1,L,0,6,70.72026059,0,-18.19729996,327.4770813,348.6944675,-0.014,-1.260000039,-0.490000015,-0.008148595,0.13303828,0.016629785,TRUE
2517,1000_radii_1,-1,L,0,6,70.73701081,0,-18.22356987,327.60849,348.6862593,-0.014,-1.260000039,-0.490000015,-0.008207611,0.134001801,0.016750225,TRUE
2518,1000_radii_1,-1,L,0,6,70.75368195,0,-18.24973488,327.7392578,348.678091,-0.014,-1.260000039,-0.490000015,-0.008169006,0.133371528,0.016671441,TRUE
2519,1000_radii_1,-1,L,0,6,70.77027491,0,-18.27579308,327.8694153,348.66996,-0.014,-1.260000039,-0.490000015,-0.008130106,0.132736426,0.016592053,TRUE
2520,1000_radii_1,-1,L,0,6,70.78694303,0,-18.30199051,328.0001526,348.6617918,-0.014,-1.260000039,-0.490000015,-0.008167675,0.133349794,0.016668724,TRUE
2521,1000_radii_1,-1,L,0,6,70.80361749,0,-18.32821655,328.1309509,348.6536226,-0.014,-1.260000039,-0.490000015,-0.008170781,0.133400506,0.016675063,TRUE
2522,1000_radii_1,-1,L,0,6,70.82027836,0,-18.35443687,328.2616272,348.6454582,-0.014,-1.260000039,-0.490000015,-0.008162942,0.13327252,0.016659065,TRUE
2523,1000_radii_1,-1,L,0,6,70.83695675,0,-18.38070679,328.3924561,348.6372871,-0.014,-1.260000039,-0.490000015,-0.008172408,0.133427069,0.016678384,TRUE
2524,1000_radii_1,-1,L,0,6,70.85362728,0,-18.40698433,328.5232239,348.629117,-0.014,-1.260000039,-0.490000015,-0.008169154,0.133373943,0.016671743,TRUE
2525,1000_radii_1,1000,L,0,7,70.87025133,0,-18.43320465,328.653595,348.6209717,-0.014,-1.260000039,-0.490000015,-0.008145637,0.132989984,0.016623748,FALSE
2526,1000_radii_1,1000,L,0,7,70.88693183,0,-18.45953369,328.7844238,348.6127977,-0.014,-1.260000039,-0.490000015,-0.008173444,0.133443973,0.016680497,FALSE
2527,1000_radii_1,1000,L,0,7,70.90367904,0,-18.48598671,328.9157715,348.6045914,-0.014,-1.260000039,-0.490000015,-0.008206279,0.133980067,0.016747508,FALSE
2528,1000_radii_1,1000,L,0,7,70.9202394,0,-18.51216316,329.0456543,348.5964775,-0.014,-1.260000039,-0.490000015,-0.00811502,0.132490112,0.016561264,FALSE
2529,1000_radii_1,1000,L,0,7,70.93697543,0,-18.53863335,329.1768799,348.5882778,-0.014,-1.260000039,-0.490000015,-0.008199919,0.133876229,0.016734529,FALSE
2530,1000_radii_1,1000,L,0,7,70.95448965,0,-18.56633377,329.3141174,348.5797024,-0.014,-1.260000039,-0.490000015,-0.008575312,0.140005089,0.017500636,FALSE
2531,1000_radii_1,1000,L,0,7,70.97027153,0,-18.59135056,329.4379578,348.5719633,-0.014,-1.260000039,-0.490000015,-0.007738739,0.126346763,0.015793345,FALSE
2532,1000_radii_1,1000,L,0,7,70.98691158,0,-18.61773109,329.5684509,348.5638075,-0.014,-1.260000039,-0.490000015,-0.008155251,0.133146948,0.016643369,FALSE
2533,1000_radii_1,1000,L,0,7,71.00363222,0,-18.64425278,329.6995544,348.5556154,-0.014,-1.260000039,-0.490000015,-0.008192672,0.133757902,0.016719738,FALSE
2534,1000_radii_1,1000,L,0,7,71.0202451,0,-18.67062378,329.8298035,348.5474749,-0.014,-1.260000039,-0.490000015,-0.008140312,0.132903049,0.016612881,FALSE
2535,1000_radii_1,1000,L,0,7,71.0369265,0,-18.69712257,329.9606018,348.5393,-0.014,-1.260000039,-0.490000015,-0.008174183,0.133456047,0.016682006,FALSE
2536,1000_radii_1,1000,L,0,7,71.05361998,0,-18.7236557,330.0914917,348.5311213,-0.014,-1.260000039,-0.490000015,-0.00817936,0.133540567,0.016692571,FALSE
2537,1000_radii_1,1000,L,0,7,71.0702555,0,-18.75011826,330.2219238,348.5229702,-0.014,-1.260000039,-0.490000015,-0.008151701,0.133088992,0.016636124,FALSE
2538,1000_radii_1,1000,L,0,7,71.08696105,0,-18.77671051,330.3529053,348.5147839,-0.014,-1.260000039,-0.490000015,-0.008185572,0.13364199,0.016705249,FALSE
2539,1000_radii_1,1000,L,0,7,71.10358148,0,-18.80318642,330.4832153,348.5066395,-0.014,-1.260000039,-0.490000015,-0.00814401,0.13296342,0.016620428,FALSE
2540,1000_radii_1,1000,L,0,7,71.12031993,0,-18.82983589,330.6142883,348.4984474,-0.014,-1.260000039,-0.490000015,-0.008191784,0.133743413,0.016717927,FALSE
2541,1000_radii_1,1000,L,0,7,71.13689961,0,-18.85631752,330.7444153,348.4903145,-0.014,-1.260000039,-0.490000015,-0.008134396,0.132806456,0.016600807,FALSE
2542,1000_radii_1,1000,L,0,7,71.15363082,0,-18.88302612,330.8755798,348.4821157,-0.014,-1.260000039,-0.490000015,-0.00819844,0.133852081,0.01673151,FALSE
2543,1000_radii_1,1000,L,0,7,71.17024249,0,-18.90955925,331.0057983,348.4739761,-0.014,-1.260000039,-0.490000015,-0.008139277,0.132886145,0.016610768,FALSE
2544,1000_radii_1,1000,L,0,7,71.1869097,0,-18.936203,331.1364441,348.4658079,-0.014,-1.260000039,-0.490000015,-0.008167231,0.13334255,0.016667819,FALSE
2545,1000_radii_1,1000,L,0,7,71.20358869,0,-18.9628849,331.2671814,348.4576349,-0.014,-1.260000039,-0.490000015,-0.008173,0.133436729,0.016679591,FALSE
2546,1000_radii_1,1000,L,0,7,71.22023176,0,-18.98952484,331.3976135,348.449481,-0.014,-1.260000039,-0.490000015,-0.008154511,0.133134874,0.016641859,FALSE
2547,1000_radii_1,1000,L,0,7,71.2369035,0,-19.01623154,331.5282898,348.4413118,-0.014,-1.260000039,-0.490000015,-0.008169598,0.133381187,0.016672648,FALSE
2548,1000_radii_1,1000,L,0,7,71.25360241,0,-19.04299927,331.6591797,348.4331303,-0.014,-1.260000039,-0.490000015,-0.008182318,0.133588863,0.016698608,FALSE
2549,1000_radii_1,1000,L,0,7,71.27024518,0,-19.0696907,331.7895813,348.4249754,-0.014,-1.260000039,-0.490000015,-0.008153328,0.133115555,0.016639444,FALSE
2550,1000_radii_1,1000,L,0,7,71.28689941,0,-19.09642792,331.9201355,348.4168148,-0.014,-1.260000039,-0.490000015,-0.008161611,0.133250786,0.016656348,FALSE
2551,1000_radii_1,1000,L,0,7,71.30356964,0,-19.12320709,332.0507813,348.4086466,-0.014,-1.260000039,-0.490000015,-0.008168563,0.133364284,0.016670535,FALSE
2552,1000_radii_1,1000,L,0,7,71.32024078,0,-19.15000534,332.181427,348.4004774,-0.014,-1.260000039,-0.490000015,-0.008169154,0.133373943,0.016671743,FALSE
2553,1000_radii_1,1000,L,0,7,71.33688989,0,-19.17678642,332.3118896,348.3923187,-0.014,-1.260000039,-0.490000015,-0.008158061,0.13319283,0.016649104,FALSE
2554,1000_radii_1,1000,L,0,7,71.35360993,0,-19.20368576,332.4428406,348.3841305,-0.014,-1.260000039,-0.490000015,-0.008188382,0.133687872,0.016710984,FALSE
2555,1000_radii_1,1000,L,0,7,71.37021315,0,-19.23044395,332.572998,348.3759909,-0.014,-1.260000039,-0.490000015,-0.008139572,0.132890975,0.016611372,FALSE
2556,1000_radii_1,1000,L,0,7,71.3869356,0,-19.25740242,332.7040405,348.367795,-0.014,-1.260000039,-0.490000015,-0.008195038,0.13379654,0.016724567,FALSE
2557,1000_radii_1,1000,L,0,7,71.40362666,0,-19.28432274,332.8348083,348.3596182,-0.014,-1.260000039,-0.490000015,-0.008178029,0.133518833,0.016689854,FALSE
2558,1000_radii_1,1000,L,0,7,71.42022113,0,-19.31111145,332.9648438,348.3514853,-0.014,-1.260000039,-0.490000015,-0.008131881,0.132765404,0.016595675,FALSE
2559,1000_radii_1,1000,L,0,7,71.43694902,0,-19.33812904,333.0958862,348.3432894,-0.014,-1.260000039,-0.490000015,-0.008195778,0.133808614,0.016726077,FALSE
2560,1000_radii_1,1000,L,0,7,71.4535782,0,-19.36500931,333.2261963,348.3351412,-0.014,-1.260000039,-0.490000015,-0.008148743,0.133040695,0.016630087,FALSE
2561,1000_radii_1,1000,L,0,7,71.47023757,0,-19.39195442,333.35672,348.3269787,-0.014,-1.260000039,-0.490000015,-0.008162942,0.13327252,0.016659065,FALSE
2562,1000_radii_1,1000,L,0,7,71.48688577,0,-19.41889954,333.4871521,348.318821,-0.014,-1.260000039,-0.490000015,-0.008157322,0.133180756,0.016647594,FALSE
2563,1000_radii_1,1000,L,0,7,71.50369485,0,-19.44612503,333.6188354,348.310585,-0.014,-1.260000039,-0.490000015,-0.008236009,0.13446545,0.016808181,FALSE
2564,1000_radii_1,1000,L,0,7,71.52023227,0,-19.47293091,333.7483826,348.3024817,-0.014,-1.260000039,-0.490000015,-0.008103631,0.132304169,0.016538021,FALSE
2565,1000_radii_1,1000,L,0,7,71.53695171,0,-19.5000515,333.879364,348.2942877,-0.014,-1.260000039,-0.490000015,-0.008192968,0.133762732,0.016720341,FALSE
2566,1000_radii_1,1000,L,0,7,71.553599,0,-19.52706718,334.0097656,348.2861328,-0.014,-1.260000039,-0.490000015,-0.008155842,0.133156607,0.016644576,FALSE
2567,1000_radii_1,1000,L,0,7,71.5702312,0,-19.55408478,334.1400757,348.2779818,-0.014,-1.260000039,-0.490000015,-0.008150814,0.133074503,0.016634313,FALSE
2568,1000_radii_1,1000,L,0,7,71.58687336,0,-19.58113289,334.2704468,348.2698269,-0.014,-1.260000039,-0.490000015,-0.008154659,0.133137289,0.016642161,FALSE
2569,1000_radii_1,1000,L,0,7,71.60355386,0,-19.60826492,334.401123,348.2616539,-0.014,-1.260000039,-0.490000015,-0.008174035,0.133453633,0.016681704,FALSE
2570,1000_radii_1,1000,L,0,7,71.62021534,0,-19.6353817,334.5316162,348.2534885,-0.014,-1.260000039,-0.490000015,-0.00816383,0.133287009,0.016660876,FALSE
2571,1000_radii_1,1000,L,0,7,71.63692028,0,-19.66259003,334.6624756,348.2453051,-0.014,-1.260000039,-0.490000015,-0.00818572,0.133644405,0.016705551,FALSE
2572,1000_radii_1,1000,L,0,7,71.65363127,0,-19.68982506,334.7933655,348.2371159,-0.014,-1.260000039,-0.490000015,-0.008188234,0.133685457,0.016710682,FALSE
2573,1000_radii_1,1000,L,0,7,71.67028913,0,-19.71699142,334.9238281,348.2289534,-0.014,-1.260000039,-0.490000015,-0.008162055,0.133258031,0.016657254,FALSE
2574,1000_radii_1,1000,L,0,7,71.68689808,0,-19.74409676,335.053894,348.2208157,-0.014,-1.260000039,-0.490000015,-0.008138241,0.132869242,0.016608655,FALSE
2575,1000_radii_1,1000,L,0,7,71.70355353,0,-19.77129936,335.1843567,348.2126522,-0.014,-1.260000039,-0.490000015,-0.008162055,0.133258031,0.016657254,FALSE
2576,1000_radii_1,1000,L,0,7,71.72021199,0,-19.79852295,335.3148193,348.2044907,-0.014,-1.260000039,-0.490000015,-0.008162498,0.133265275,0.016658159,FALSE
2577,1000_radii_1,1000,L,0,7,71.7368466,0,-19.82572556,335.4450989,348.1963387,-0.014,-1.260000039,-0.490000015,-0.008150814,0.133074503,0.016634313,FALSE
2578,1000_radii_1,1000,L,0,7,71.75354068,0,-19.85304451,335.5758362,348.188159,-0.014,-1.260000039,-0.490000015,-0.008179804,0.133547811,0.016693476,FALSE
2579,1000_radii_1,1000,L,0,7,71.77026525,0,-19.88043213,335.7067871,348.1799641,-0.014,-1.260000039,-0.490000015,-0.00819489,0.133794125,0.016724266,FALSE
2580,1000_radii_1,1000,L,0,7,71.7868736,0,-19.90764809,335.836853,348.1718273,-0.014,-1.260000039,-0.490000015,-0.008138241,0.132869242,0.016608655,FALSE
2581,1000_radii_1,1000,L,0,7,71.80356738,0,-19.93502426,335.9675598,348.1636467,-0.014,-1.260000039,-0.490000015,-0.008180247,0.133555056,0.016694382,FALSE
2582,1000_radii_1,1000,L,0,7,71.82020652,0,-19.96232796,336.0978394,348.1554937,-0.014,-1.260000039,-0.490000015,-0.00815318,0.13311314,0.016639143,FALSE
2583,1000_radii_1,1000,L,0,7,71.83687917,0,-19.98970413,336.228363,348.1473236,-0.014,-1.260000039,-0.490000015,-0.008169006,0.133371528,0.016671441,FALSE
2584,1000_radii_1,1000,L,0,7,71.85358261,0,-20.01715088,336.3591614,348.1391401,-0.014,-1.260000039,-0.490000015,-0.008184981,0.133632331,0.016704041,FALSE
2585,1000_radii_1,1000,L,0,7,71.87028424,0,-20.04461288,336.4899292,348.1309557,-0.014,-1.260000039,-0.490000015,-0.008183797,0.133613012,0.016701626,FALSE
2586,1000_radii_1,1000,L,0,7,71.88734356,0,-20.07244492,336.622345,348.1226673,-0.014,-1.260000039,-0.490000015,-0.008288517,0.135322718,0.01691534,TRUE
2587,1000_radii_1,1000,L,0,7,71.90386709,0,-20.09968185,336.7518311,348.114562,-0.014,-1.260000039,-0.490000015,-0.008105406,0.132333147,0.016541643,TRUE
2588,1000_radii_1,1000,L,0,7,71.92061581,0,-20.12725258,336.882843,348.1063614,-0.014,-1.260000039,-0.490000015,-0.008199476,0.133868985,0.016733623,TRUE
2589,1000_radii_1,1000,L,0,7,71.93794529,0,-20.15605164,337.0195923,348.0978022,-0.014,-1.260000039,-0.490000015,-0.008559042,0.139739457,0.017467432,TRUE
2590,1000_radii_1,1000,L,0,7,71.95382135,0,-20.18211365,337.1432495,348.0900621,-0.014,-1.260000039,-0.490000015,-0.007740071,0.126368497,0.015796062,TRUE
2591,1000_radii_1,1000,L,0,7,71.97054018,0,-20.2097168,337.2741089,348.0818701,-0.014,-1.260000039,-0.490000015,-0.008192376,0.133753073,0.016719134,TRUE
2592,1000_radii_1,1000,L,0,7,71.98706643,0,-20.23715782,337.4041138,348.0737333,-0.014,-1.260000039,-0.490000015,-0.008138685,0.132876486,0.016609561,TRUE
2593,1000_radii_1,1000,L,0,7,72.00375507,0,-20.26473808,337.5346985,348.0655575,-0.014,-1.260000039,-0.490000015,-0.008174331,0.133458462,0.016682308,TRUE
2594,1000_radii_1,1000,L,0,7,72.02043074,0,-20.29217911,337.6645203,348.0574293,-0.014,-1.260000039,-0.490000015,-0.008127888,0.132700203,0.016587525,TRUE
2595,1000_radii_1,1000,L,0,7,72.03706747,0,-20.31986237,337.7954102,348.0492363,-0.014,-1.260000039,-0.490000015,-0.008194003,0.133779636,0.016722454,TRUE
2596,1000_radii_1,1000,L,0,7,72.05378751,0,-20.34756279,337.9262695,348.0410423,-0.014,-1.260000039,-0.490000015,-0.008193411,0.133769976,0.016721247,TRUE
2597,1000_radii_1,1000,L,0,7,72.07044627,0,-20.37506485,338.0561218,348.0329132,-0.014,-1.260000039,-0.490000015,-0.008129663,0.132729181,0.016591148,TRUE
2598,1000_radii_1,1000,L,0,7,72.08700904,0,-20.40263176,338.1861877,348.0247688,-0.014,-1.260000039,-0.490000015,-0.008142974,0.132946516,0.016618315,TRUE
2599,1000_radii_1,1000,L,0,7,72.1037973,0,-20.43053246,338.3177185,348.0159454,-0.015,-1.34999997,-0.524999988,-0.008824295,0.13446545,0.016808181,TRUE
2600,1000_radii_1,1000,L,0,7,72.12039781,0,-20.45804405,338.4473267,348.0072508,-0.015,-1.34999997,-0.524999988,-0.008694822,0.132492527,0.016561566,TRUE
2601,1000_radii_1,1000,L,0,7,72.13705868,0,-20.48579216,338.5779419,347.9984856,-0.015,-1.34999997,-0.524999988,-0.008763441,0.133538152,0.016692269,TRUE
2602,1000_radii_1,1000,L,0,7,72.15374431,0,-20.5135479,338.7084961,347.989728,-0.015,-1.34999997,-0.524999988,-0.008759638,0.133480196,0.016685024,TRUE
2603,1000_radii_1,1000,L,0,7,72.1705202,0,-20.54137039,338.8392639,347.9809532,-0.015,-1.34999997,-0.524999988,-0.008774217,0.133702361,0.016712795,TRUE
2604,1000_radii_1,1000,L,0,7,72.18713519,0,-20.56916428,338.9698181,347.971611,-0.016000001,-1.440000068,-0.560000027,-0.009342938,0.133470536,0.016683817,TRUE
2605,1000_radii_1,1000,L,0,7,72.20375381,0,-20.59680176,339.0995178,347.962327,-0.016000001,-1.440000068,-0.560000027,-0.009283605,0.132622928,0.016577866,TRUE
2606,1000_radii_1,1000,L,0,7,72.22039265,0,-20.62461662,339.22995,347.9529915,-0.016000001,-1.440000068,-0.560000027,-0.009335838,0.133369113,0.016671139,TRUE
2607,1000_radii_1,1000,L,0,7,72.2370496,0,-20.6524353,339.3602905,347.9436598,-0.016000001,-1.440000068,-0.560000027,-0.00933026,0.133289424,0.016661178,TRUE
2608,1000_radii_1,1000,L,0,7,72.25387861,0,-20.68049049,339.4916382,347.933671,-0.017000001,-1.530000083,-0.595000032,-0.009990092,0.13432056,0.01679007,TRUE
2609,1000_radii_1,1000,L,0,7,72.27038614,0,-20.70814323,339.6210022,347.9238319,-0.017000001,-1.530000083,-0.595000032,-0.009838686,0.132284851,0.016535606,TRUE
2610,1000_radii_1,1000,L,0,7,72.28705094,0,-20.73600578,339.7512207,347.9139271,-0.017000001,-1.530000083,-0.595000032,-0.00990514,0.133178341,0.016647293,TRUE
2611,1000_radii_1,1000,L,0,7,72.30377551,0,-20.76401138,339.882019,347.9039793,-0.017000001,-1.530000083,-0.595000032,-0.009947706,0.133750658,0.016718832,TRUE
2612,1000_radii_1,1000,L,0,7,72.32038718,0,-20.79189682,340.012146,347.8940811,-0.017000001,-1.530000083,-0.595000032,-0.009897596,0.133076918,0.016634615,TRUE
2613,1000_radii_1,1000,L,0,7,72.3371042,0,-20.81996536,340.1430054,347.8841267,-0.017000001,-1.530000083,-0.595000032,-0.009954171,0.133837592,0.016729699,TRUE
2614,1000_radii_1,1000,L,0,7,72.35379496,0,-20.84789276,340.2731018,347.8742313,-0.017000001,-1.530000083,-0.595000032,-0.009896339,0.133060014,0.016632502,TRUE
2615,1000_radii_1,1000,L,0,7,72.37039487,0,-20.87588692,340.4034119,347.8643188,-0.017000001,-1.530000083,-0.595000032,-0.009911965,0.133270105,0.016658763,TRUE
2616,1000_radii_1,1000,L,0,7,72.38698813,0,-20.90379524,340.5332031,347.8544455,-0.017000001,-1.530000083,-0.595000032,-0.009873709,0.132755744,0.016594468,TRUE
2617,1000_radii_1,1000,L,0,7,72.40392067,0,-20.93208694,340.6646729,347.8444443,-0.017000001,-1.530000083,-0.595000032,-0.010001407,0.134472694,0.016809087,TRUE
2618,1000_radii_1,1000,L,0,7,72.42042941,0,-20.9600544,340.7945251,347.8345652,-0.017000001,-1.530000083,-0.595000032,-0.009878379,0.13281853,0.016602316,TRUE
2619,1000_radii_1,1000,L,0,7,72.43705527,0,-20.98798943,340.9241028,347.8247051,-0.017000001,-1.530000083,-0.595000032,-0.009859341,0.132562557,0.01657032,TRUE
2620,1000_radii_1,1000,L,0,7,72.45368415,0,-21.01619911,341.0548401,347.8147583,-0.017000001,-1.530000083,-0.595000032,-0.009948424,0.133760317,0.01672004,TRUE
2621,1000_radii_1,1000,L,0,7,72.47044947,0,-21.04435158,341.1852112,347.8048382,-0.017000001,-1.530000083,-0.595000032,-0.009919688,0.133373943,0.016671743,TRUE
2622,1000_radii_1,1000,L,0,7,72.48705149,0,-21.07256317,341.3157349,347.7949047,-0.017000001,-1.530000083,-0.595000032,-0.009932799,0.133550226,0.016693778,TRUE
2623,1000_radii_1,1000,L,0,7,72.5038159,0,-21.10090446,341.4467468,347.784935,-0.017000001,-1.530000083,-0.595000032,-0.009970336,0.134054927,0.016756866,TRUE
2624,1000_radii_1,1000,L,0,7,72.52040523,0,-21.12888908,341.5760193,347.7750978,-0.017000001,-1.530000083,-0.595000032,-0.009837249,0.132265532,0.016533192,TRUE
2625,1000_radii_1,1000,L,0,7,72.53718746,0,-21.15740776,341.7076416,347.7650805,-0.017000001,-1.530000083,-0.595000032,-0.010017033,0.134682785,0.016835348,TRUE
2626,1000_radii_1,1000,L,0,7,72.55379339,0,-21.18543434,341.8368835,347.7552443,-0.017000001,-1.530000083,-0.595000032,-0.009835992,0.132248628,0.016531079,TRUE
2627,1000_radii_1,1000,L,0,7,72.57047268,0,-21.21383286,341.9677429,347.745285,-0.017000001,-1.530000083,-0.595000032,-0.009958482,0.133895548,0.016736943,TRUE
2628,1000_radii_1,1000,L,0,7,72.58707228,0,-21.24202538,342.0975342,347.7354078,-0.017000001,-1.530000083,-0.595000032,-0.009878918,0.132825775,0.016603222,TRUE
2629,1000_radii_1,1000,L,0,7,72.60377964,0,-21.27044678,342.2282715,347.7254562,-0.017000001,-1.530000083,-0.595000032,-0.009950939,0.133794125,0.016724266,TRUE
2630,1000_radii_1,1000,L,0,7,72.6204212,0,-21.29875565,342.3583984,347.7155514,-0.017000001,-1.530000083,-0.595000032,-0.009903882,0.133161437,0.01664518,TRUE
2631,1000_radii_1,1000,L,0,7,72.63706789,0,-21.32703781,342.4882813,347.7056665,-0.017000001,-1.530000083,-0.595000032,-0.009886281,0.132924783,0.016615598,TRUE
2632,1000_radii_1,1000,L,0,7,72.65368017,0,-21.35538101,342.6183472,347.6957664,-0.017000001,-1.530000083,-0.595000032,-0.009899752,0.133105896,0.016638237,TRUE
2633,1000_radii_1,1000,L,0,7,72.67042073,0,-21.38381767,342.7487183,347.6858425,-0.017000001,-1.530000083,-0.595000032,-0.009924537,0.133439144,0.016679893,TRUE
2634,1000_radii_1,1000,L,0,7,72.68712689,0,-21.41238213,342.8795776,347.6758804,-0.017000001,-1.530000083,-0.595000032,-0.009961356,0.133934185,0.016741773,TRUE
2635,1000_radii_1,1000,L,0,7,72.70378444,0,-21.44086647,343.0099487,347.6659555,-0.017000001,-1.530000083,-0.595000032,-0.009925255,0.133448803,0.0166811,TRUE
2636,1000_radii_1,1000,L,0,7,72.72034541,0,-21.46918488,343.1394653,347.6560946,-0.017000001,-1.530000083,-0.595000032,-0.009860059,0.132572216,0.016571527,TRUE
2637,1000_radii_1,1000,L,0,7,72.73703405,0,-21.4976635,343.2695923,347.6461859,-0.017000001,-1.530000083,-0.595000032,-0.009908193,0.133219393,0.016652424,TRUE
2638,1000_radii_1,1000,L,0,7,72.75370821,0,-21.52621078,343.3999329,347.6362619,-0.017000001,-1.530000083,-0.595000032,-0.009923998,0.133431899,0.016678987,TRUE
2639,1000_radii_1,1000,L,0,7,72.77042191,0,-21.55472183,343.5299988,347.6263599,-0.017000001,-1.530000083,-0.595000032,-0.009903703,0.133159022,0.016644878,TRUE
2640,1000_radii_1,1000,L,0,7,72.78701396,0,-21.58332253,343.6603699,347.6164322,-0.017000001,-1.530000083,-0.595000032,-0.009926872,0.133470536,0.016683817,TRUE
2641,1000_radii_1,1000,L,0,7,72.80370593,0,-21.61185646,343.7903137,347.6065369,-0.017000001,-1.530000083,-0.595000032,-0.0098958,0.133052769,0.016631596,TRUE
2642,1000_radii_1,1000,L,0,7,72.8203656,0,-21.6405468,343.9208679,347.5965948,-0.017000001,-1.530000083,-0.595000032,-0.009942497,0.133680627,0.016710078,TRUE
2643,1000_radii_1,1000,L,0,7,72.83710586,0,-21.66919136,344.0511169,347.5866756,-0.017000001,-1.530000083,-0.595000032,-0.00991843,0.133357039,0.01666963,TRUE
2644,1000_radii_1,1000,L,0,7,72.8537927,0,-21.69794273,344.1817322,347.5767269,-0.017000001,-1.530000083,-0.595000032,-0.009947706,0.133750658,0.016718832,TRUE
2645,1000_radii_1,1000,L,0,7,72.87043697,0,-21.72658348,344.3117371,347.5668268,-0.017000001,-1.530000083,-0.595000032,-0.009901907,0.133134874,0.016641859,TRUE
2646,1000_radii_1,1000,L,0,7,72.88703748,0,-21.75526237,344.4418335,347.5569181,-0.017000001,-1.530000083,-0.595000032,-0.009907295,0.133207319,0.016650915,TRUE
2647,1000_radii_1,1000,L,0,7,72.90380883,0,-21.7841301,344.5726624,347.5469542,-0.017000001,-1.530000083,-0.595000032,-0.009964768,0.133980067,0.016747508,TRUE
2648,1000_radii_1,1000,L,0,7,72.92041326,0,-21.81277466,344.7023621,347.537075,-0.017000001,-1.530000083,-0.595000032,-0.009879456,0.132833019,0.016604127,TRUE
2649,1000_radii_1,1000,L,0,7,72.93708742,0,-21.84160423,344.8327942,347.5271378,-0.017000001,-1.530000083,-0.595000032,-0.009935852,0.133591278,0.01669891,TRUE
2650,1000_radii_1,1000,L,0,7,72.95375313,0,-21.87039757,344.9629517,347.5172234,-0.017000001,-1.530000083,-0.595000032,-0.009915377,0.133315987,0.016664498,TRUE
2651,1000_radii_1,1000,L,0,7,72.97047317,0,-21.8991642,345.0928955,347.5073242,-0.017000001,-1.530000083,-0.595000032,-0.009898494,0.133088992,0.016636124,TRUE
2652,1000_radii_1,1000,L,0,7,72.98716513,0,-21.92819023,345.2239075,347.497345,-0.017000001,-1.530000083,-0.595000032,-0.009980214,0.134187743,0.016773468,TRUE
2653,1000_radii_1,1000,L,0,7,73.00377711,0,-21.95696449,345.3536682,347.4874592,-0.017000001,-1.530000083,-0.595000032,-0.009885922,0.132919953,0.016614994,TRUE
2654,1000_radii_1,1000,L,0,7,73.02043074,0,-21.98576164,345.483429,347.4775724,-0.017000001,-1.530000083,-0.595000032,-0.009886102,0.132922368,0.016615296,TRUE
2655,1000_radii_1,1000,L,0,7,73.03704302,0,-22.01459885,345.6132507,347.46768,-0.017000001,-1.530000083,-0.595000032,-0.009891849,0.132999643,0.016624955,TRUE
2656,1000_radii_1,1000,L,0,7,73.05374434,0,-22.04363632,345.7438965,347.4577284,-0.017000001,-1.530000083,-0.595000032,-0.009952914,0.133820688,0.016727586,TRUE
2657,1000_radii_1,1000,L,0,7,73.07046408,0,-22.07269669,345.8745117,347.4477749,-0.017000001,-1.530000083,-0.595000032,-0.009953094,0.133823103,0.016727888,TRUE
2658,1000_radii_1,1000,L,0,7,73.08702806,0,-22.10137749,346.0033264,347.4379597,-0.017000001,-1.530000083,-0.595000032,-0.009815517,0.131973337,0.016496667,TRUE
2659,1000_radii_1,1000,L,0,7,73.10371671,0,-22.13051796,346.1340942,347.4279938,-0.017000001,-1.530000083,-0.595000032,-0.009964588,0.133977652,0.016747207,TRUE
2660,1000_radii_1,1000,L,0,7,73.12041109,0,-22.15959167,346.2644653,347.4180603,-0.017000001,-1.530000083,-0.595000032,-0.009934595,0.133574374,0.016696797,TRUE
2661,1000_radii_1,1000,L,0,7,73.1371097,0,-22.1885891,346.3943787,347.4081583,-0.017000001,-1.530000083,-0.595000032,-0.009900829,0.133120385,0.016640048,TRUE
2662,1000_radii_1,1000,L,0,7,73.15372499,0,-22.21766281,346.5245361,347.3982401,-0.017000001,-1.530000083,-0.595000032,-0.009919149,0.133366698,0.016670837,TRUE
2663,1000_radii_1,1000,L,0,7,73.17057423,0,-22.24700546,346.6557922,347.3888245,-0.016000001,-1.440000068,-0.560000027,-0.009414441,0.134492013,0.016811502,TRUE
2664,1000_radii_1,1000,L,0,7,73.1870718,0,-22.27584839,346.7846985,347.3795786,-0.016000001,-1.440000068,-0.560000027,-0.009247093,0.132101323,0.016512665,TRUE
2665,1000_radii_1,1000,L,0,7,73.20373087,0,-22.30500984,346.9149475,347.3702354,-0.016000001,-1.440000068,-0.560000027,-0.009342431,0.133463292,0.016682911,TRUE
2666,1000_radii_1,1000,L,0,7,73.22046117,0,-22.33414459,347.0449829,347.3614912,-0.015,-1.34999997,-0.524999988,-0.008744583,0.133250786,0.016656348,TRUE
2667,1000_radii_1,1000,L,0,7,73.23712536,0,-22.36340523,347.1754761,347.353301,-0.014,-1.260000039,-0.490000015,-0.008191193,0.133733754,0.016716719,TRUE
2668,1000_radii_1,1000,L,0,7,73.25376149,0,-22.3925972,347.3055725,347.3457174,-0.013,-1.170000024,-0.455000009,-0.007583308,0.133332891,0.016666611,TRUE
2669,1000_radii_1,1000,L,0,7,73.27039067,0,-22.42173767,347.4353638,347.3387337,-0.012,-1.080000009,-0.420000004,-0.006983622,0.133021376,0.016627672,TRUE
2670,1000_radii_1,1000,L,0,7,73.28712097,0,-22.45102501,347.5657349,347.3323021,-0.011,-0.989999995,-0.384999998,-0.006430242,0.133615427,0.016701928,TRUE
2671,1000_radii_1,1000,L,0,7,73.30378728,0,-22.48025703,347.6958008,347.3258877,-0.011,-0.989999995,-0.384999998,-0.006415135,0.133301498,0.016662687,TRUE
2672,1000_radii_1,1000,L,0,7,73.32043035,0,-22.50951004,347.8258972,347.3200541,-0.01,-0.89999998,-0.349999992,-0.005833208,0.133330476,0.016666309,TRUE
2673,1000_radii_1,1000,L,0,7,73.33704715,0,-22.53864861,347.9554138,347.3142471,-0.01,-0.89999998,-0.349999992,-0.005807535,0.13274367,0.016592959,TRUE
2674,1000_radii_1,1000,L,0,7,73.35379345,0,-22.56810951,348.0863037,347.3083782,-0.01,-0.89999998,-0.349999992,-0.00586934,0.134156351,0.016769544,TRUE
2675,1000_radii_1,1000,L,0,7,73.37043109,0,-22.59733582,348.216095,347.3025579,-0.01,-0.89999998,-0.349999992,-0.005820002,0.133028621,0.016628578,TRUE
2676,1000_radii_1,1000,L,0,7,73.38698028,0,-22.62636375,348.3449402,347.2967806,-0.01,-0.89999998,-0.349999992,-0.005777848,0.1320651,0.016508138,TRUE
2677,1000_radii_1,1000,L,0,7,73.40370635,0,-22.65587997,348.4758911,347.2909069,-0.01,-0.89999998,-0.349999992,-0.005872404,0.134226381,0.016778298,TRUE
2678,1000_radii_1,1000,L,0,7,73.42031471,0,-22.68512535,348.6055603,347.2850924,-0.01,-0.89999998,-0.349999992,-0.005815776,0.132932027,0.016616503,TRUE
2679,1000_radii_1,1000,L,0,7,73.43699037,0,-22.71441841,348.7353821,347.2792683,-0.01,-0.89999998,-0.349999992,-0.005822643,0.133088992,0.016636124,TRUE
2680,1000_radii_1,1000,L,0,7,73.45367902,0,-22.74383736,348.8656921,347.2734232,-0.01,-0.89999998,-0.349999992,-0.005844935,0.133598523,0.016699815,TRUE
2681,1000_radii_1,1000,L,0,7,73.47034503,0,-22.77326012,348.9959717,347.267581,-0.01,-0.89999998,-0.349999992,-0.005843245,0.133559885,0.016694986,TRUE
2682,1000_radii_1,1000,L,0,7,73.48702221,0,-22.80253029,349.1255188,347.2617712,-0.01,-0.89999998,-0.349999992,-0.005810282,0.132806456,0.016600807,TRUE
2683,1000_radii_1,1000,L,0,7,73.5037193,0,-22.83205605,349.256134,347.2559128,-0.01,-0.89999998,-0.349999992,-0.005858458,0.133907622,0.016738453,TRUE
2684,1000_radii_1,1000,L,0,7,73.5204155,0,-22.86153412,349.3864746,347.2500668,-0.01,-0.89999998,-0.349999992,-0.005846097,0.133625086,0.016703136,TRUE
2685,1000_radii_1,1000,L,0,7,73.53701902,0,-22.89089584,349.5162354,347.2442455,-0.01,-0.89999998,-0.349999992,-0.005820425,0.13303828,0.016629785,TRUE
2686,1000_radii_1,1000,L,0,7,73.55372819,0,-22.92030334,349.6461487,347.2384186,-0.01,-0.89999998,-0.349999992,-0.005827081,0.133190415,0.016648802,TRUE
2687,1000_radii_1,1000,L,0,7,73.57039058,0,-22.94983673,349.7765503,347.2325687,-0.01,-0.89999998,-0.349999992,-0.005849267,0.133697531,0.016712191,TRUE
2688,1000_radii_1,1000,L,0,7,73.58705779,0,-22.97930908,349.9066162,347.2267361,-0.01,-0.89999998,-0.349999992,-0.005834793,0.133366698,0.016670837,TRUE
2689,1000_radii_1,1000,L,0,7,73.60374584,0,-23.00875664,350.036499,347.2209082,-0.01,-0.89999998,-0.349999992,-0.005827081,0.133190415,0.016648802,TRUE
2690,1000_radii_1,1000,L,0,7,73.62033306,0,-23.03813553,350.1660156,347.2150974,-0.01,-0.89999998,-0.349999992,-0.005810705,0.132816115,0.016602014,TRUE
2691,1000_radii_1,1000,L,0,7,73.6370039,0,-23.0676918,350.2962646,347.2092543,-0.01,-0.89999998,-0.349999992,-0.005843245,0.133559885,0.016694986,TRUE
2692,1000_radii_1,1000,L,0,7,73.653685,0,-23.09723663,350.4263916,347.2034149,-0.01,-0.89999998,-0.349999992,-0.005838491,0.133451218,0.016681402,TRUE
2693,1000_radii_1,1000,L,0,7,73.67036489,0,-23.12673759,350.5562744,347.197588,-0.01,-0.89999998,-0.349999992,-0.005827081,0.133190415,0.016648802,TRUE
2694,1000_radii_1,1000,L,0,7,73.68697989,0,-23.15625381,350.6861572,347.1917601,-0.01,-0.89999998,-0.349999992,-0.005827609,0.133202489,0.016650311,TRUE
2695,1000_radii_1,1000,L,0,7,73.70359397,0,-23.18572617,350.8157959,347.1859446,-0.01,-0.89999998,-0.349999992,-0.005816304,0.132944102,0.016618013,TRUE
2696,1000_radii_1,1000,L,0,7,73.72028564,0,-23.21524429,350.9455872,347.1801205,-0.01,-0.89999998,-0.349999992,-0.005822855,0.133093822,0.016636728,TRUE
2697,1000_radii_1,1000,L,0,7,73.73700175,0,-23.24494171,351.0760803,347.1742668,-0.01,-0.89999998,-0.349999992,-0.005855395,0.133837592,0.016729699,TRUE
2698,1000_radii_1,1000,L,0,7,73.75366323,0,-23.27458954,351.2062988,347.1684217,-0.01,-0.89999998,-0.349999992,-0.005843034,0.133555056,0.016694382,TRUE
2699,1000_radii_1,1000,L,0,7,73.77030751,0,-23.30411148,351.335907,347.1626062,-0.01,-0.89999998,-0.349999992,-0.00581567,0.132929613,0.016616202,TRUE
2700,1000_radii_1,1000,L,0,7,73.78697895,0,-23.33375168,351.4659729,347.1567698,-0.01,-0.89999998,-0.349999992,-0.005836483,0.133405336,0.016675667,TRUE
2701,1000_radii_1,1000,L,0,7,73.80373853,0,-23.36359596,351.5968628,347.150897,-0.01,-0.89999998,-0.349999992,-0.005873883,0.134260189,0.016782524,TRUE
2702,1000_radii_1,1000,L,0,7,73.8203662,0,-23.39318275,351.7265625,347.1450758,-0.01,-0.89999998,-0.349999992,-0.005820742,0.133045525,0.016630691,TRUE
2703,1000_radii_1,1000,L,0,7,73.83703463,0,-23.42272377,351.8560181,347.1392679,-0.01,-0.89999998,-0.349999992,-0.005809226,0.132782307,0.016597788,TRUE
2704,1000_radii_1,1000,L,0,7,73.85371392,0,-23.45253944,351.9866028,347.1334066,-0.01,-0.89999998,-0.349999992,-0.00586036,0.133951089,0.016743886,TRUE
2705,1000_radii_1,1000,L,0,7,73.87033072,0,-23.48214722,352.1162415,347.1275892,-0.01,-0.89999998,-0.349999992,-0.00581715,0.13296342,0.016620428,TRUE
2706,1000_radii_1,1000,L,0,7,73.88703567,0,-23.51188087,352.2463379,347.1217508,-0.01,-0.89999998,-0.349999992,-0.005839019,0.133463292,0.016682911,TRUE
2707,1000_radii_1,1000,L,0,7,73.90376356,0,-23.54170036,352.37677,347.1158962,-0.01,-0.89999998,-0.349999992,-0.005853387,0.13379171,0.016723964,TRUE
2708,1000_radii_1,1000,L,0,7,73.92037432,0,-23.57137489,352.5065002,347.110074,-0.01,-0.89999998,-0.349999992,-0.005822432,0.133084162,0.01663552,TRUE
2709,1000_radii_1,1000,L,0,7,73.93693498,0,-23.60094833,352.6357422,347.1042738,-0.01,-0.89999998,-0.349999992,-0.005799823,0.132567387,0.016570923,TRUE
2710,1000_radii_1,1000,L,0,7,73.95375554,0,-23.63082123,352.7662048,347.0984192,-0.01,-0.89999998,-0.349999992,-0.005856028,0.133852081,0.01673151,TRUE
2711,1000_radii_1,1000,L,0,7,73.97032948,0,-23.66056824,352.8960571,347.0925903,-0.01,-0.89999998,-0.349999992,-0.005828665,0.133226638,0.01665333,TRUE
2712,1000_radii_1,1000,L,0,7,73.98695293,0,-23.69027519,353.0256958,347.086772,-0.01,-0.89999998,-0.349999992,-0.005818417,0.132992398,0.01662405,TRUE
2713,1000_radii_1,1000,L,0,7,74.00379039,0,-23.72026634,353.1564941,347.0808992,-0.01,-0.89999998,-0.349999992,-0.005871559,0.134207062,0.016775883,TRUE
2714,1000_radii_1,1000,L,0,7,74.02028977,0,-23.74988556,353.285614,347.0751047,-0.01,-0.89999998,-0.349999992,-0.00579602,0.132480453,0.016560057,TRUE
2715,1000_radii_1,1000,L,0,7,74.03707351,0,-23.77991867,353.4164734,347.0692301,-0.01,-0.89999998,-0.349999992,-0.005874517,0.134274678,0.016784335,TRUE
2716,1000_radii_1,1000,L,0,7,74.05373317,0,-23.80965424,353.54599,347.0634155,-0.01,-0.89999998,-0.349999992,-0.005813452,0.132878901,0.016609863,TRUE
2717,1000_radii_1,1000,L,0,7,74.07037866,0,-23.83950806,353.6759644,347.0575809,-0.01,-0.89999998,-0.349999992,-0.005834265,0.133354624,0.016669328,TRUE
2718,1000_radii_1,1000,L,0,7,74.08699908,0,-23.86933327,353.8057556,347.0517559,-0.01,-0.89999998,-0.349999992,-0.005826024,0.133166267,0.016645783,TRUE
2719,1000_radii_1,1000,L,0,7,74.10371792,0,-23.8993206,353.9361877,347.0459013,-0.01,-0.89999998,-0.349999992,-0.005854866,0.133825518,0.01672819,TRUE
2720,1000_radii_1,1000,L,0,7,74.12029578,0,-23.92897415,354.065094,347.0401125,-0.01,-0.89999998,-0.349999992,-0.005787356,0.132282436,0.016535304,TRUE
2721,1000_radii_1,1000,L,0,7,74.1369316,0,-23.95887947,354.1950378,347.0342798,-0.01,-0.89999998,-0.349999992,-0.005833948,0.13334738,0.016668422,TRUE
2722,1000_radii_1,1000,L,0,7,74.15364651,0,-23.98890114,354.3254395,347.0284262,-0.01,-0.89999998,-0.349999992,-0.005853915,0.133803784,0.016725473,TRUE
2723,1000_radii_1,1000,L,0,7,74.17029622,0,-24.01869011,354.4547729,347.0226202,-0.01,-0.89999998,-0.349999992,-0.005806056,0.132709862,0.016588733,TRUE
2724,1000_radii_1,1000,L,0,7,74.18702682,0,-24.04883957,354.5856018,347.0167456,-0.01,-0.89999998,-0.349999992,-0.005873672,0.134255359,0.01678192,TRUE
2725,1000_radii_1,1000,L,0,7,74.20362823,0,-24.0786953,354.7150879,347.010932,-0.01,-0.89999998,-0.349999992,-0.005813874,0.13288856,0.01661107,TRUE
2726,1000_radii_1,1000,L,0,7,74.22032956,0,-24.1086731,354.8450317,347.0050974,-0.01,-0.89999998,-0.349999992,-0.005835004,0.133371528,0.016671441,TRUE
2727,1000_radii_1,1000,L,0,7,74.23695482,0,-24.13857651,354.9746094,346.999279,-0.01,-0.89999998,-0.349999992,-0.005817889,0.132980324,0.016622541,TRUE
2728,1000_radii_1,1000,L,0,7,74.25367969,0,-24.16871834,355.1051636,346.9934187,-0.01,-0.89999998,-0.349999992,-0.005861945,0.133987312,0.016748414,TRUE
2729,1000_radii_1,1000,L,0,7,74.27037769,0,-24.19879532,355.2353821,346.9875708,-0.01,-0.89999998,-0.349999992,-0.005846626,0.13363716,0.016704645,TRUE
2730,1000_radii_1,1000,L,0,7,74.2870123,0,-24.22862625,355.3644714,346.9817743,-0.01,-0.89999998,-0.349999992,-0.005796231,0.132485282,0.01656066,TRUE
2731,1000_radii_1,1000,L,0,7,74.30362549,0,-24.25868607,355.4944763,346.9759369,-0.01,-0.89999998,-0.349999992,-0.005838174,0.133443973,0.016680497,TRUE
2732,1000_radii_1,1000,L,0,7,74.32031806,0,-24.28879547,355.6246338,346.9700909,-0.01,-0.89999998,-0.349999992,-0.005845252,0.133605767,0.016700721,TRUE
2733,1000_radii_1,1000,L,0,7,74.33703297,0,-24.31884193,355.7544556,346.9642601,-0.01,-0.89999998,-0.349999992,-0.005830356,0.133265275,0.016658159,TRUE
2734,1000_radii_1,1000,L,0,7,74.35366879,0,-24.34890366,355.8843079,346.9584303,-0.01,-0.89999998,-0.349999992,-0.005830884,0.133277349,0.016659669,TRUE
2735,1000_radii_1,1000,L,0,7,74.3703677,0,-24.37911034,356.0147095,346.9519882,-0.011,-0.989999995,-0.384999998,-0.006441864,0.133856911,0.016732114,TRUE
2736,1000_radii_1,1000,L,0,7,74.3870491,0,-24.40919113,356.1445007,346.9455767,-0.011,-0.989999995,-0.384999998,-0.006411881,0.133233882,0.016654235,TRUE
2737,1000_radii_1,1000,L,0,7,74.40369398,0,-24.43930244,356.274353,346.9391603,-0.011,-0.989999995,-0.384999998,-0.006415599,0.133311157,0.016663895,TRUE
2738,1000_radii_1,1000,L,0,7,74.42029871,0,-24.4693222,356.4037476,346.9327669,-0.011,-0.989999995,-0.384999998,-0.006392938,0.132840264,0.016605033,TRUE
2739,1000_radii_1,1000,L,0,7,74.43702599,0,-24.49953461,356.533905,346.9263363,-0.011,-0.989999995,-0.384999998,-0.006430707,0.133625086,0.016703136,TRUE
2740,1000_radii_1,1000,L,0,7,74.45370408,0,-24.52975845,356.6640625,346.9199057,-0.011,-0.989999995,-0.384999998,-0.006430126,0.133613012,0.016701626,TRUE
2741,1000_radii_1,1000,L,0,7,74.47032903,0,-24.55985451,356.7936096,346.9135075,-0.011,-0.989999995,-0.384999998,-0.006399794,0.132982739,0.016622842,TRUE
2742,1000_radii_1,1000,L,0,7,74.48704334,0,-24.590065,356.923584,346.9070854,-0.011,-0.989999995,-0.384999998,-0.006421294,0.133429484,0.016678686,TRUE
2743,1000_radii_1,1000,L,0,7,74.50359494,0,-24.62013054,357.0528564,346.9006987,-0.011,-0.989999995,-0.384999998,-0.006387127,0.132719522,0.01658994,TRUE
2744,1000_radii_1,1000,L,0,7,74.52028811,0,-24.65039635,357.1829224,346.8942719,-0.011,-0.989999995,-0.384999998,-0.006426524,0.133538152,0.016692269,TRUE
2745,1000_radii_1,1000,L,0,7,74.53696257,0,-24.68059158,357.3126221,346.8878632,-0.011,-0.989999995,-0.384999998,-0.006408743,0.133168682,0.016646085,TRUE
2746,1000_radii_1,1000,L,0,7,74.55364941,0,-24.71087837,357.4426575,346.8814383,-0.011,-0.989999995,-0.384999998,-0.00642478,0.133501929,0.016687741,TRUE
2747,1000_radii_1,1000,L,0,7,74.57032991,0,-24.74121475,357.5728149,346.8750057,-0.011,-0.989999995,-0.384999998,-0.006432218,0.133656479,0.01670706,TRUE
2748,1000_radii_1,1000,L,0,7,74.58695426,0,-24.77141762,357.7023621,346.8686047,-0.011,-0.989999995,-0.384999998,-0.006401189,0.133011717,0.016626465,TRUE
2749,1000_radii_1,1000,L,0,7,74.6037066,0,-24.80176163,357.832428,346.8621769,-0.011,-0.989999995,-0.384999998,-0.006427686,0.1335623,0.016695288,TRUE
2750,1000_radii_1,1000,L,0,7,74.62032793,0,-24.83208847,357.9623718,346.8557558,-0.011,-0.989999995,-0.384999998,-0.006420945,0.13342224,0.01667778,TRUE
2751,1000_radii_1,1000,L,0,7,74.63694504,0,-24.86231804,358.0918274,346.8493567,-0.011,-0.989999995,-0.384999998,-0.006397586,0.132936857,0.016617107,TRUE
2752,1000_radii_1,1000,L,0,7,74.65366206,0,-24.89265633,358.2216797,346.8429413,-0.011,-0.989999995,-0.384999998,-0.006417343,0.13334738,0.016668422,TRUE
2753,1000_radii_1,1000,L,0,7,74.67033289,0,-24.92304611,358.3516846,346.8365164,-0.011,-0.989999995,-0.384999998,-0.006425361,0.133514003,0.01668925,TRUE
2754,1000_radii_1,1000,L,0,7,74.68694578,0,-24.95337486,358.4813538,346.8301067,-0.011,-0.989999995,-0.384999998,-0.006409208,0.133178341,0.016647293,TRUE
2755,1000_radii_1,1000,L,0,7,74.70362174,0,-24.98370361,358.6109619,346.8237009,-0.011,-0.989999995,-0.384999998,-0.006406186,0.133115555,0.016639444,TRUE
2756,1000_radii_1,1000,L,0,7,74.72032367,0,-25.01417732,358.7411194,346.8172665,-0.011,-0.989999995,-0.384999998,-0.006433729,0.133687872,0.016710984,TRUE
2757,1000_radii_1,1000,L,0,7,74.73702953,0,-25.04469872,358.8714294,346.8108263,-0.011,-0.989999995,-0.384999998,-0.006440702,0.133832762,0.016729095,TRUE
2758,1000_radii_1,1000,L,0,7,74.75364754,0,-25.07503319,359.0008545,346.8044281,-0.011,-0.989999995,-0.384999998,-0.006398051,0.132946516,0.016618315,TRUE
2759,1000_radii_1,1000,L,0,7,74.77031023,0,-25.10536957,359.130249,346.7980318,-0.011,-0.989999995,-0.384999998,-0.006395378,0.132890975,0.016611372,TRUE
2760,1000_radii_1,1000,L,0,7,74.78700581,0,-25.13596535,359.2606812,346.7915859,-0.011,-0.989999995,-0.384999998,-0.006447093,0.133965578,0.016745697,TRUE
2761,1000_radii_1,1000,L,0,7,74.8036682,0,-25.1664238,359.3904724,346.7851706,-0.011,-0.989999995,-0.384999998,-0.006415251,0.133303913,0.016662989,TRUE
2762,1000_radii_1,1000,L,0,7,74.82030795,0,-25.19678879,359.5197754,346.7787781,-0.011,-0.989999995,-0.384999998,-0.00639224,0.132825775,0.016603222,TRUE
2763,1000_radii_1,1000,L,0,7,74.83705455,0,-25.2274704,359.6503601,346.7717361,-0.012,-1.080000009,-0.420000004,-0.007042701,0.134146691,0.016768336,TRUE
2764,1000_radii_1,1000,L,0,7,74.85366592,0,-25.2578392,359.779541,346.7647686,-0.012,-1.080000009,-0.420000004,-0.006967395,0.132712277,0.016589035,TRUE
2765,1000_radii_1,1000,L,0,7,74.87036151,0,-25.28849602,359.9098816,346.7571516,-0.013,-1.170000024,-0.455000009,-0.007615859,0.133905207,0.016738151,TRUE
2766,1000_radii_1,1000,L,0,7,74.88707883,0,-25.31891823,360.0391541,346.7495995,-0.013,-1.170000024,-0.455000009,-0.007552955,0.132799211,0.016599901,TRUE
2767,1000_radii_1,1000,L,0,7,74.90377895,0,-25.34976387,360.1701355,346.7413559,-0.014,-1.260000039,-0.490000015,-0.008242665,0.134574118,0.016821765,TRUE
2768,1000_radii_1,1000,L,0,7,74.92033176,0,-25.38013268,360.2990112,346.732667,-0.015,-1.34999997,-0.524999988,-0.008689751,0.132415252,0.016551906,TRUE
2769,1000_radii_1,1000,L,0,7,74.93695611,0,-25.41063881,360.4283752,346.7239437,-0.015,-1.34999997,-0.524999988,-0.008723189,0.132924783,0.016615598,TRUE
2770,1000_radii_1,1000,L,0,7,74.95367766,0,-25.44122505,360.5580139,346.7152033,-0.015,-1.34999997,-0.524999988,-0.008740779,0.13319283,0.016649104,TRUE
2771,1000_radii_1,1000,L,0,7,74.9703328,0,-25.47193146,360.6880798,346.7064333,-0.015,-1.34999997,-0.524999988,-0.008769305,0.133627501,0.016703438,TRUE
2772,1000_radii_1,1000,L,0,7,74.98697044,0,-25.5025959,360.8178711,346.6976824,-0.015,-1.34999997,-0.524999988,-0.008751555,0.133357039,0.01666963,TRUE
2773,1000_radii_1,1000,L,0,7,75.00361652,0,-25.5332222,360.9474182,346.6889467,-0.015,-1.34999997,-0.524999988,-0.008735233,0.133108311,0.016638539,TRUE
2774,1000_radii_1,1000,L,0,7,75.02039271,0,-25.56399155,361.0774536,346.6801767,-0.015,-1.34999997,-0.524999988,-0.008770097,0.133639575,0.016704947,TRUE
2775,1000_radii_1,1000,L,0,7,75.03696665,0,-25.59462357,361.2068481,346.6714516,-0.015,-1.34999997,-0.524999988,-0.008725249,0.132956176,0.016619522,TRUE
2776,1000_radii_1,1000,L,0,7,75.05374676,0,-25.6256218,361.337677,346.6626282,-0.015,-1.34999997,-0.524999988,-0.008823978,0.13446062,0.016807578,TRUE
2777,1000_radii_1,1000,L,0,7,75.0703213,0,-25.65610313,361.4662476,346.6539555,-0.015,-1.34999997,-0.524999988,-0.008671209,0.132132716,0.016516589,TRUE
2778,1000_radii_1,1000,L,0,7,75.08700421,0,-25.68696785,361.596344,346.6451817,-0.015,-1.34999997,-0.524999988,-0.00877501,0.133714435,0.016714304,TRUE
2779,1000_radii_1,1000,L,0,7,75.10364426,0,-25.71777916,361.7261353,346.6364279,-0.015,-1.34999997,-0.524999988,-0.008753774,0.133390847,0.016673856,TRUE
2780,1000_radii_1,1000,L,0,7,75.12030182,0,-25.74855995,361.8557129,346.6276875,-0.015,-1.34999997,-0.524999988,-0.008739828,0.133178341,0.016647293,TRUE
2781,1000_radii_1,1000,L,0,7,75.13701401,0,-25.77939034,361.9854126,346.6189394,-0.015,-1.34999997,-0.524999988,-0.008748069,0.133303913,0.016662989,TRUE
2782,1000_radii_1,1000,L,0,7,75.15368092,0,-25.81033897,362.115509,346.6101627,-0.015,-1.34999997,-0.524999988,-0.008776277,0.133733754,0.016716719,TRUE
2783,1000_radii_1,1000,L,0,7,75.17026302,0,-25.8410759,362.2446289,346.6014538,-0.015,-1.34999997,-0.524999988,-0.008710194,0.132726766,0.016590846,TRUE
2784,1000_radii_1,1000,L,0,7,75.18695528,0,-25.87191391,362.3740845,346.59272,-0.015,-1.34999997,-0.524999988,-0.008733331,0.133079333,0.016634917,TRUE
2785,1000_radii_1,1000,L,0,7,75.2035582,0,-25.90276527,362.5035095,346.5839872,-0.015,-1.34999997,-0.524999988,-0.008731905,0.133057599,0.0166322,TRUE
2786,1000_radii_1,1000,L,0,7,75.22034978,0,-25.93395233,362.6342468,346.5751677,-0.015,-1.34999997,-0.524999988,-0.008820809,0.134412323,0.01680154,TRUE
2787,1000_radii_1,1000,L,0,7,75.2369195,0,-25.96476555,362.7633362,346.5664577,-0.015,-1.34999997,-0.524999988,-0.008709401,0.132714692,0.016589336,TRUE
2788,1000_radii_1,1000,L,0,7,75.25360513,0,-25.99571419,362.8929138,346.5577154,-0.015,-1.34999997,-0.524999988,-0.008742364,0.133216978,0.016652122,TRUE
2789,1000_radii_1,1000,L,0,7,75.27029709,0,-26.02681541,363.0230408,346.5489359,-0.015,-1.34999997,-0.524999988,-0.008779605,0.133784465,0.016723058,TRUE
2790,1000_radii_1,1000,L,0,7,75.28698665,0,-26.05785942,363.152832,346.5401783,-0.015,-1.34999997,-0.524999988,-0.008758053,0.133456047,0.016682006,TRUE
2791,1000_radii_1,1000,L,0,7,75.30359681,0,-26.0886879,363.2816467,346.5314856,-0.015,-1.34999997,-0.524999988,-0.008691811,0.132446645,0.016555831,TRUE
2792,1000_radii_1,1000,L,0,7,75.32030146,0,-26.1199131,363.4120178,346.5226879,-0.015,-1.34999997,-0.524999988,-0.008797988,0.134064587,0.016758073,TRUE
2793,1000_radii_1,1000,L,0,7,75.33691615,0,-26.15089226,363.5412903,346.5139637,-0.015,-1.34999997,-0.524999988,-0.008723189,0.132924783,0.016615598,TRUE
2794,1000_radii_1,1000,L,0,7,75.35371769,0,-26.18217278,363.6717224,346.5051613,-0.015,-1.34999997,-0.524999988,-0.008802584,0.134134617,0.016766827,TRUE
2795,1000_radii_1,1000,L,0,7,75.37026809,0,-26.21308899,363.8005371,346.4964676,-0.015,-1.34999997,-0.524999988,-0.008694505,0.132487697,0.016560962,TRUE
2796,1000_radii_1,1000,L,0,7,75.38700322,0,-26.24439621,363.9309082,346.487669,-0.015,-1.34999997,-0.524999988,-0.008798622,0.134074246,0.016759281,TRUE
2797,1000_radii_1,1000,L,0,7,75.40357988,0,-26.27538109,364.059845,346.4789658,-0.015,-1.34999997,-0.524999988,-0.008702429,0.132608439,0.016576055,TRUE
2798,1000_radii_1,1000,L,0,7,75.4202489,0,-26.30651474,364.1893005,346.4702272,-0.015,-1.34999997,-0.524999988,-0.008738719,0.133161437,0.01664518,TRUE
2799,1000_radii_1,1000,L,0,7,75.43695325,0,-26.33782387,364.3194275,346.4614458,-0.015,-1.34999997,-0.524999988,-0.008782458,0.133827932,0.016728492,TRUE
2800,1000_radii_1,1000,L,0,7,75.45365608,0,-26.36910629,364.4493408,346.4526758,-0.015,-1.34999997,-0.524999988,-0.008769463,0.133629916,0.016703739,TRUE
2801,1000_radii_1,1000,L,0,7,75.47032058,0,-26.40023804,364.5785522,346.4439545,-0.015,-1.34999997,-0.524999988,-0.008721604,0.132900635,0.016612579,TRUE
2802,1000_radii_1,1000,L,0,7,75.4869238,0,-26.43148232,364.7081299,346.4352055,-0.015,-1.34999997,-0.524999988,-0.008747752,0.133299083,0.016662385,TRUE
2803,1000_radii_1,1000,L,0,7,75.50356657,0,-26.46271324,364.8375549,346.4264679,-0.015,-1.34999997,-0.524999988,-0.008738244,0.133154193,0.016644274,TRUE
2804,1000_radii_1,1000,L,0,7,75.52026578,0,-26.49394798,364.9669189,346.4177351,-0.015,-1.34999997,-0.524999988,-0.008733806,0.133086577,0.016635822,TRUE
2805,1000_radii_1,1000,L,0,7,75.53697223,0,-26.52539063,365.0970764,346.408947,-0.015,-1.34999997,-0.524999988,-0.00878642,0.133888303,0.016736038,TRUE
2806,1000_radii_1,1000,L,0,7,75.55362405,0,-26.55673599,365.2267456,346.4001932,-0.015,-1.34999997,-0.524999988,-0.008753774,0.133390847,0.016673856,TRUE
2807,1000_radii_1,1000,L,0,7,75.57026954,0,-26.58804893,365.3561707,346.3914547,-0.015,-1.34999997,-0.524999988,-0.008739195,0.133168682,0.016646085,TRUE
2808,1000_radii_1,1000,L,0,7,75.5869449,0,-26.61933517,365.4854126,346.3827276,-0.015,-1.34999997,-0.524999988,-0.008726358,0.13297308,0.016621635,TRUE
2809,1000_radii_1,1000,L,0,7,75.60358797,0,-26.65078735,365.6152649,346.3739614,-0.015,-1.34999997,-0.524999988,-0.008767086,0.133593693,0.016699212,TRUE
2810,1000_radii_1,1000,L,0,7,75.62023798,0,-26.68216515,365.7447205,346.3652201,-0.015,-1.34999997,-0.524999988,-0.008740938,0.133195245,0.016649406,TRUE
2811,1000_radii_1,1000,L,0,7,75.63699363,0,-26.71366501,365.8745728,346.356452,-0.015,-1.34999997,-0.524999988,-0.008769146,0.133625086,0.016703136,TRUE
2812,1000_radii_1,1000,L,0,7,75.65359686,0,-26.74505043,366.0038757,346.3477192,-0.015,-1.34999997,-0.524999988,-0.008731905,0.133057599,0.0166322,TRUE
2813,1000_radii_1,1000,L,0,7,75.67032354,0,-26.77669334,366.1341553,346.3389225,-0.015,-1.34999997,-0.524999988,-0.008797988,0.134064587,0.016758073,TRUE
2814,1000_radii_1,1000,L,0,7,75.68694215,0,-26.80803871,366.2631226,346.3302126,-0.015,-1.34999997,-0.524999988,-0.00870956,0.132717107,0.016589638,TRUE
2815,1000_radii_1,1000,L,0,7,75.70359579,0,-26.83951759,366.3925476,346.3214712,-0.015,-1.34999997,-0.524999988,-0.008741413,0.133202489,0.016650311,TRUE
2816,1000_radii_1,1000,L,0,7,75.7201984,0,-26.87097359,366.5217896,346.3127403,-0.015,-1.34999997,-0.524999988,-0.008729369,0.133018962,0.01662737,TRUE
2817,1000_radii_1,1000,L,0,7,75.73691241,0,-26.90261269,366.6517029,346.3039665,-0.015,-1.34999997,-0.524999988,-0.008774693,0.133709605,0.016713701,TRUE
2818,1000_radii_1,1000,L,0,7,75.75363033,0,-26.93419266,366.7812805,346.2952127,-0.015,-1.34999997,-0.524999988,-0.008752982,0.133378773,0.016672347,TRUE
2819,1000_radii_1,1000,L,0,7,75.7702405,0,-26.96575928,366.9107361,346.2864704,-0.015,-1.34999997,-0.524999988,-0.008743473,0.133233882,0.016654235,TRUE
2820,1000_radii_1,1000,L,0,7,75.78692854,0,-26.99740982,367.0404358,346.277709,-0.015,-1.34999997,-0.524999988,-0.008761539,0.133509174,0.016688647,TRUE
2821,1000_radii_1,1000,L,0,7,75.80363077,0,-27.02895164,367.1696167,346.2689829,-0.015,-1.34999997,-0.524999988,-0.008725883,0.132965835,0.016620729,TRUE
2822,1000_radii_1,1000,L,0,7,75.82029768,0,-27.06071091,367.2995911,346.2602024,-0.015,-1.34999997,-0.524999988,-0.008780398,0.13379654,0.016724567,TRUE
2823,1000_radii_1,1000,L,0,7,75.83692928,0,-27.09235954,367.4290161,346.2514572,-0.015,-1.34999997,-0.524999988,-0.008744583,0.133250786,0.016656348,TRUE
2824,1000_radii_1,1000,L,0,7,75.8536617,0,-27.12418365,367.559082,346.2426701,-0.015,-1.34999997,-0.524999988,-0.008787688,0.133907622,0.016738453,TRUE
2825,1000_radii_1,1000,L,0,7,75.87032378,0,-27.1557579,367.6880493,346.2339573,-0.015,-1.34999997,-0.524999988,-0.008713205,0.132772648,0.016596581,TRUE
2826,1000_radii_1,1000,L,0,7,75.88697832,0,-27.18757629,367.8179321,346.2251816,-0.015,-1.34999997,-0.524999988,-0.008775168,0.13371685,0.016714606,TRUE
2827,1000_radii_1,1000,L,0,7,75.90369956,0,-27.21939659,367.9477234,346.2164106,-0.015,-1.34999997,-0.524999988,-0.008769938,0.13363716,0.016704645,TRUE
2828,1000_radii_1,1000,L,0,7,75.92027109,0,-27.25087738,368.0760498,346.2077398,-0.015,-1.34999997,-0.524999988,-0.008671051,0.132130301,0.016516288,TRUE
2829,1000_radii_1,1000,L,0,7,75.93690661,0,-27.28273964,368.2058411,346.1989698,-0.015,-1.34999997,-0.524999988,-0.008770572,0.13364682,0.016705852,TRUE
2830,1000_radii_1,1000,L,0,7,75.95377094,0,-27.31492043,368.336853,346.1901159,-0.015,-1.34999997,-0.524999988,-0.008853137,0.13490495,0.016863119,TRUE
2831,1000_radii_1,1000,L,0,7,75.97028028,0,-27.34634209,368.4646912,346.1814785,-0.015,-1.34999997,-0.524999988,-0.008638722,0.131637674,0.016454709,TRUE
2832,1000_radii_1,1000,L,0,7,75.98690644,0,-27.37817383,368.5941162,346.1727314,-0.015,-1.34999997,-0.524999988,-0.008746009,0.13327252,0.016659065,TRUE
2833,1000_radii_1,1000,L,0,7,76.00355947,0,-27.41006088,368.7236633,346.1639767,-0.015,-1.34999997,-0.524999988,-0.008755517,0.13341741,0.016677176,TRUE
2834,1000_radii_1,1000,L,0,7,76.02023393,0,-27.44182205,368.8526306,346.1552601,-0.015,-1.34999997,-0.524999988,-0.00871574,0.132811286,0.016601411,TRUE
2835,1000_radii_1,1000,L,0,7,76.03701495,0,-27.47393608,368.9829407,346.1464539,-0.015,-1.34999997,-0.524999988,-0.008807021,0.134202232,0.016775279,TRUE
2836,1000_radii_1,1000,L,0,7,76.05368126,0,-27.50601006,369.1130066,346.1376629,-0.015,-1.34999997,-0.524999988,-0.008790699,0.133953504,0.016744188,TRUE
2837,1000_radii_1,1000,L,0,7,76.07034666,0,-27.53795815,369.2424622,346.1289129,-0.015,-1.34999997,-0.524999988,-0.008750605,0.13334255,0.016667819,TRUE
2838,1000_radii_1,1000,L,0,7,76.08686989,0,-27.5695343,369.3703308,346.1202688,-0.015,-1.34999997,-0.524999988,-0.008643318,0.131707704,0.016463463,TRUE
2839,1000_radii_1,1000,L,0,7,76.10351809,0,-27.60157394,369.5,346.1115046,-0.015,-1.34999997,-0.524999988,-0.008764867,0.133559885,0.016694986,TRUE
2840,1000_radii_1,1000,L,0,7,76.12015482,0,-27.63355446,369.6293335,346.1027613,-0.015,-1.34999997,-0.524999988,-0.008743632,0.133236297,0.016654537,TRUE
2841,1000_radii_1,1000,L,0,7,76.13686731,0,-27.66559219,369.7588196,346.0940075,-0.015,-1.34999997,-0.524999988,-0.008753616,0.133388432,0.016673554,TRUE
2842,1000_radii_1,1000,L,0,7,76.15363172,0,-27.69778061,369.8888245,346.0852184,-0.015,-1.34999997,-0.524999988,-0.008789431,0.133934185,0.016741773,TRUE
2843,1000_radii_1,1000,L,0,7,76.17030075,0,-27.72996712,370.0187378,346.0764351,-0.015,-1.34999997,-0.524999988,-0.008783409,0.133842422,0.016730303,TRUE
2844,1000_radii_1,1000,L,0,7,76.18693566,0,-27.76198959,370.1479187,346.0677004,-0.015,-1.34999997,-0.524999988,-0.008733331,0.133079333,0.016634917,TRUE
2845,1000_radii_1,1000,L,0,7,76.2035576,0,-27.79385948,370.2763977,346.0590134,-0.015,-1.34999997,-0.524999988,-0.008686581,0.132366955,0.016545869,TRUE
2846,1000_radii_1,1000,L,0,7,76.2202227,0,-27.82611465,370.4063416,346.05023,-0.015,-1.34999997,-0.524999988,-0.008786103,0.133883474,0.016735434,TRUE
2847,1000_radii_1,1000,L,0,7,76.23686788,0,-27.85821533,370.5355835,346.0414886,-0.015,-1.34999997,-0.524999988,-0.008738719,0.133161437,0.01664518,TRUE
2848,1000_radii_1,1000,L,0,7,76.25355442,0,-27.8902874,370.6646118,346.0327644,-0.015,-1.34999997,-0.524999988,-0.008725566,0.132961005,0.016620126,TRUE
2849,1000_radii_1,1000,L,0,7,76.27028623,0,-27.92267609,370.7948303,346.0239573,-0.015,-1.34999997,-0.524999988,-0.008806229,0.134190158,0.01677377,TRUE
2850,1000_radii_1,1000,L,0,7,76.28690092,0,-27.95482445,370.9240112,346.0152225,-0.015,-1.34999997,-0.524999988,-0.00873555,0.13311314,0.016639143,TRUE
2851,1000_radii_1,1000,L,0,7,76.30357357,0,-27.98689461,371.0527954,346.0065136,-0.015,-1.34999997,-0.524999988,-0.008708926,0.132707447,0.016588431,TRUE
2852,1000_radii_1,1000,L,0,7,76.32029995,0,-28.01937866,371.183136,345.9976978,-0.015,-1.34999997,-0.524999988,-0.008816054,0.134339878,0.016792485,TRUE
2853,1000_radii_1,1000,L,0,7,76.33689623,0,-28.05155373,371.3121643,345.9889698,-0.015,-1.34999997,-0.524999988,-0.008726517,0.132975495,0.016621937,TRUE
2854,1000_radii_1,1000,L,0,7,76.35356284,0,-28.08381653,371.4414673,345.9802265,-0.015,-1.34999997,-0.524999988,-0.0087449,0.133255616,0.016656952,TRUE
2855,1000_radii_1,1000,L,0,7,76.37026175,0,-28.11604881,371.5705566,345.9714937,-0.015,-1.34999997,-0.524999988,-0.008731429,0.133050355,0.016631294,TRUE
2856,1000_radii_1,1000,L,0,7,76.38691266,0,-28.14847183,371.7003174,345.9627161,-0.015,-1.34999997,-0.524999988,-0.008777862,0.133757902,0.016719738,TRUE
2857,1000_radii_1,1000,L,0,7,76.40357595,0,-28.1808033,371.8296509,345.953969,-0.015,-1.34999997,-0.524999988,-0.008747752,0.133299083,0.016662385,TRUE
2858,1000_radii_1,1000,L,0,7,76.42025102,0,-28.21310043,371.9587402,345.9452353,-0.015,-1.34999997,-0.524999988,-0.008733014,0.133074503,0.016634313,TRUE
2859,1000_radii_1,1000,L,0,7,76.43691189,0,-28.24550438,372.0881653,345.9364796,-0.015,-1.34999997,-0.524999988,-0.008756468,0.133431899,0.016678987,TRUE
2860,1000_radii_1,1000,L,0,7,76.45362771,0,-28.27804565,372.2180786,345.9276915,-0.015,-1.34999997,-0.524999988,-0.00878848,0.133919696,0.016739962,TRUE
2861,1000_radii_1,1000,L,0,7,76.47021161,0,-28.31032181,372.3468323,345.9189787,-0.015,-1.34999997,-0.524999988,-0.008711145,0.132741255,0.016592657,TRUE
2862,1000_radii_1,1000,L,0,7,76.48690871,0,-28.34275627,372.4761353,345.9102306,-0.015,-1.34999997,-0.524999988,-0.008748544,0.133311157,0.016663895,TRUE
2863,1000_radii_1,1000,L,0,7,76.50358649,0,-28.37528419,372.6057434,345.9014635,-0.015,-1.34999997,-0.524999988,-0.008768354,0.133613012,0.016701626,TRUE
2864,1000_radii_1,1000,L,0,7,76.52017401,0,-28.40760994,372.7344666,345.8927536,-0.015,-1.34999997,-0.524999988,-0.008708926,0.132707447,0.016588431,TRUE
2865,1000_radii_1,1000,L,0,7,76.53688228,0,-28.44006348,372.8635864,345.8840151,-0.015,-1.34999997,-0.524999988,-0.008737927,0.133149363,0.01664367,TRUE
2866,1000_radii_1,1000,L,0,7,76.55359477,0,-28.47259903,372.9929504,345.8752613,-0.015,-1.34999997,-0.524999988,-0.008754566,0.133402921,0.016675365,TRUE
2867,1000_radii_1,1000,L,0,7,76.57027286,0,-28.50537109,373.1231995,345.8664484,-0.015,-1.34999997,-0.524999988,-0.008813043,0.134293996,0.01678675,TRUE
2868,1000_radii_1,1000,L,0,7,76.58688936,0,-28.53775787,373.2518311,345.8577442,-0.015,-1.34999997,-0.524999988,-0.008704013,0.132632587,0.016579073,TRUE
2869,1000_radii_1,1000,L,0,7,76.60355386,0,-28.57030296,373.3809814,345.8490038,-0.015,-1.34999997,-0.524999988,-0.008741096,0.13319766,0.016649707,TRUE
2870,1000_radii_1,1000,L,0,7,76.62025579,0,-28.60307503,373.5109558,345.8402071,-0.015,-1.34999997,-0.524999988,-0.008796879,0.134047683,0.01675596,TRUE
2871,1000_radii_1,1000,L,0,7,76.63686837,0,-28.63556862,373.63974,345.8314877,-0.015,-1.34999997,-0.524999988,-0.00871685,0.132828189,0.016603524,TRUE
2872,1000_radii_1,1000,L,0,7,76.65352864,0,-28.66814041,373.7687683,345.8227568,-0.015,-1.34999997,-0.524999988,-0.008732697,0.133069673,0.016633709,TRUE
2873,1000_radii_1,1000,L,0,7,76.67028248,0,-28.70103455,373.8989868,345.8139439,-0.015,-1.34999997,-0.524999988,-0.008813677,0.134303656,0.016787957,TRUE
2874,1000_radii_1,1000,L,0,7,76.6869005,0,-28.73360252,374.027832,345.8052225,-0.015,-1.34999997,-0.524999988,-0.00872097,0.132890975,0.016611372,TRUE
2875,1000_radii_1,1000,L,0,7,76.7035656,0,-28.76618004,374.1566162,345.796504,-0.015,-1.34999997,-0.524999988,-0.008718118,0.132847508,0.016605939,TRUE
2876,1000_radii_1,1000,L,0,7,76.72018512,0,-28.79887009,374.2857666,345.7877607,-0.015,-1.34999997,-0.524999988,-0.008743315,0.133231467,0.016653933,TRUE
2877,1000_radii_1,1000,L,0,7,76.7368949,0,-28.83175278,374.4156189,345.7789717,-0.015,-1.34999997,-0.524999988,-0.008789589,0.1339366,0.016742075,TRUE
2878,1000_radii_1,1000,L,0,7,76.753576,0,-28.86439896,374.5444336,345.7702503,-0.015,-1.34999997,-0.524999988,-0.008720653,0.132886145,0.016610768,TRUE
2879,1000_radii_1,1000,L,0,7,76.77019341,0,-28.89715195,374.673584,345.761507,-0.015,-1.34999997,-0.524999988,-0.008743949,0.133241127,0.016655141,TRUE
2880,1000_radii_1,1000,L,0,7,76.78690409,0,-28.93008041,374.8033447,345.7527208,-0.015,-1.34999997,-0.524999988,-0.008785944,0.133881059,0.016735132,TRUE
2881,1000_radii_1,1000,L,0,7,76.80357523,0,-28.96290207,374.9326172,345.743968,-0.015,-1.34999997,-0.524999988,-0.008751714,0.133359454,0.016669932,TRUE
2882,1000_radii_1,1000,L,0,7,76.82028078,0,-28.995718,375.0617676,345.7352228,-0.015,-1.34999997,-0.524999988,-0.008745058,0.133258031,0.016657254,TRUE
2883,1000_radii_1,1000,L,0,7,76.83689426,0,-29.02856255,375.1909485,345.7264757,-0.015,-1.34999997,-0.524999988,-0.008747594,0.133296668,0.016662084,TRUE
2884,1000_radii_1,1000,L,0,7,76.85361581,0,-29.0615406,375.3205872,345.7176981,-0.015,-1.34999997,-0.524999988,-0.008778021,0.133760317,0.01672004,TRUE
2885,1000_radii_1,1000,L,0,7,76.87019126,0,-29.09414101,375.4486389,345.7090263,-0.015,-1.34999997,-0.524999988,-0.008671843,0.132142375,0.016517797,TRUE
2886,1000_radii_1,1000,L,0,7,76.8868781,0,-29.12716484,375.5782776,345.7002478,-0.015,-1.34999997,-0.524999988,-0.008779288,0.133779636,0.016722454,TRUE
2887,1000_radii_1,1000,L,0,8,76.90331108,0,-29.1597023,375.7059326,345.6916027,-0.015,-1.34999997,-0.524999988,-0.008644903,0.131731853,0.016466482,FALSE
2888,1000_radii_1,1000,L,0,8,76.91999067,0,-29.19268036,375.8352356,345.6828442,-0.015,-1.34999997,-0.524999988,-0.008757102,0.133441558,0.016680195,FALSE
2889,1000_radii_1,1000,L,0,8,76.93671705,0,-29.22576904,375.9648743,345.6740637,-0.015,-1.34999997,-0.524999988,-0.008781032,0.133806199,0.016725775,FALSE
2890,1000_radii_1,1000,L,0,8,76.95411626,0,-29.26019669,376.0997009,345.6649313,-0.015,-1.34999997,-0.524999988,-0.009130942,0.139138162,0.01739227,FALSE
2891,1000_radii_1,1000,L,0,8,76.96998507,0,-29.29163551,376.2227173,345.656599,-0.015,-1.34999997,-0.524999988,-0.008333026,0.126979451,0.015872431,FALSE
2892,1000_radii_1,1000,L,0,8,76.98664504,0,-29.32465363,376.3518372,345.6478529,-0.015,-1.34999997,-0.524999988,-0.008746326,0.133277349,0.016659669,FALSE
2893,1000_radii_1,1000,L,0,8,77.00336146,0,-29.35780334,376.4813843,345.6390762,-0.015,-1.34999997,-0.524999988,-0.008776436,0.133736169,0.016717021,FALSE
2894,1000_radii_1,1000,L,0,8,77.02004135,0,-29.39090157,376.6106567,345.6303196,-0.015,-1.34999997,-0.524999988,-0.008757102,0.133441558,0.016680195,FALSE
2895,1000_radii_1,1000,L,0,8,77.03678614,0,-29.42412376,376.7403259,345.6215343,-0.015,-1.34999997,-0.524999988,-0.008784993,0.13386657,0.016733321,FALSE
2896,1000_radii_1,1000,L,0,8,77.05333382,0,-29.45701599,376.8686218,345.6128426,-0.015,-1.34999997,-0.524999988,-0.008692445,0.132456304,0.016557038,FALSE
2897,1000_radii_1,1000,L,0,8,77.06999319,0,-29.49013329,376.9977417,345.6040964,-0.015,-1.34999997,-0.524999988,-0.00874696,0.133287009,0.016660876,FALSE
2898,1000_radii_1,1000,L,0,8,77.08667791,0,-29.52331734,377.1270142,345.595336,-0.015,-1.34999997,-0.524999988,-0.008759321,0.133475366,0.016684421,FALSE
2899,1000_radii_1,1000,L,0,8,77.10336052,0,-29.55651855,377.2562866,345.5865784,-0.015,-1.34999997,-0.524999988,-0.008758528,0.133463292,0.016682911,FALSE
2900,1000_radii_1,1000,L,0,8,77.11996223,0,-29.58957481,377.3849182,345.5778627,-0.015,-1.34999997,-0.524999988,-0.008715265,0.132804041,0.016600505,FALSE
2901,1000_radii_1,1000,L,0,8,77.13668891,0,-29.62290573,377.5145264,345.5690813,-0.015,-1.34999997,-0.524999988,-0.008782458,0.133827932,0.016728492,FALSE
2902,1000_radii_1,1000,L,0,8,77.15331387,0,-29.65605164,377.6433411,345.5603514,-0.015,-1.34999997,-0.524999988,-0.008728101,0.132999643,0.016624955,FALSE
2903,1000_radii_1,1000,L,0,8,77.17000916,0,-29.68935585,377.7726746,345.5515871,-0.015,-1.34999997,-0.524999988,-0.008764709,0.133557471,0.016694684,FALSE
2904,1000_radii_1,1000,L,0,8,77.18667064,0,-29.7226162,377.9017639,345.54284,-0.015,-1.34999997,-0.524999988,-0.008747911,0.133301498,0.016662687,FALSE
2905,1000_radii_1,1000,L,0,8,77.20331612,0,-29.75586128,378.0307007,345.5340996,-0.015,-1.34999997,-0.524999988,-0.008738878,0.133163852,0.016645481,FALSE
2906,1000_radii_1,1000,L,0,8,77.21996311,0,-29.78913116,378.159668,345.5253601,-0.015,-1.34999997,-0.524999988,-0.008739987,0.133180756,0.016647594,FALSE
2907,1000_radii_1,1000,L,0,8,77.23671273,0,-29.8226223,378.2893982,345.5165682,-0.015,-1.34999997,-0.524999988,-0.008792917,0.133987312,0.016748414,FALSE
2908,1000_radii_1,1000,L,0,8,77.2533558,0,-29.8559227,378.4183044,345.5078306,-0.015,-1.34999997,-0.524999988,-0.00873761,0.133144533,0.016643067,FALSE
2909,1000_radii_1,1000,L,0,8,77.27000852,0,-29.88926125,378.5473022,345.4990864,-0.015,-1.34999997,-0.524999988,-0.008742681,0.133221808,0.016652726,FALSE
2910,1000_radii_1,1000,L,0,8,77.28674335,0,-29.9227829,378.6769104,345.4903011,-0.015,-1.34999997,-0.524999988,-0.00878531,0.1338714,0.016733925,FALSE
2911,1000_radii_1,1000,L,0,8,77.30331035,0,-29.95599174,378.8052368,345.4816027,-0.015,-1.34999997,-0.524999988,-0.008698467,0.132548068,0.016568509,FALSE
2912,1000_radii_1,1000,L,0,8,77.31996519,0,-29.98939133,378.9342041,345.4728603,-0.015,-1.34999997,-0.524999988,-0.008743473,0.133233882,0.016654235,FALSE
2913,1000_radii_1,1000,L,0,8,77.33669127,0,-30.02295685,379.0637512,345.4640779,-0.015,-1.34999997,-0.524999988,-0.008781666,0.133815858,0.016726982,FALSE
2914,1000_radii_1,1000,L,0,8,77.35339138,0,-30.05648422,379.1930542,345.4553127,-0.015,-1.34999997,-0.524999988,-0.008766135,0.133579204,0.016697401,FALSE
2915,1000_radii_1,1000,L,0,8,77.37003687,0,-30.08992577,379.3219604,345.4465742,-0.015,-1.34999997,-0.524999988,-0.008738719,0.133161437,0.01664518,FALSE
2916,1000_radii_1,1000,L,0,8,77.38667359,0,-30.12337494,379.4508057,345.4378386,-0.015,-1.34999997,-0.524999988,-0.00873555,0.13311314,0.016639143,FALSE
2917,1000_radii_1,1000,L,0,8,77.40331817,0,-30.15685463,379.5796814,345.4290991,-0.015,-1.34999997,-0.524999988,-0.008738402,0.133156607,0.016644576,FALSE
2918,1000_radii_1,1000,L,0,8,77.41996848,0,-30.19036102,379.7085876,345.4203596,-0.015,-1.34999997,-0.524999988,-0.008740462,0.133188,0.0166485,FALSE
2919,1000_radii_1,1000,L,0,8,77.43664113,0,-30.2239399,379.837677,345.4116058,-0.015,-1.34999997,-0.524999988,-0.008753933,0.133393262,0.016674158,FALSE
2920,1000_radii_1,1000,L,0,8,77.45336871,0,-30.25764465,379.9671936,345.4028244,-0.015,-1.34999997,-0.524999988,-0.008781666,0.133815858,0.016726982,FALSE
2921,1000_radii_1,1000,L,0,8,77.47002386,0,-30.29122543,380.0961304,345.3940792,-0.015,-1.34999997,-0.524999988,-0.008744424,0.133248371,0.016656046,FALSE
2922,1000_radii_1,1000,L,0,8,77.48671673,0,-30.32489967,380.2253418,345.3853168,-0.015,-1.34999997,-0.524999988,-0.008763599,0.133540567,0.016692571,FALSE
2923,1000_radii_1,1000,L,0,8,77.50330606,0,-30.35838509,380.3537598,345.376606,-0.015,-1.34999997,-0.524999988,-0.008709401,0.132714692,0.016589336,FALSE
2924,1000_radii_1,1000,L,0,8,77.51995607,0,-30.39201355,380.4826355,345.3678656,-0.015,-1.34999997,-0.524999988,-0.008741255,0.133200074,0.016650009,FALSE
2925,1000_radii_1,1000,L,0,8,77.53666615,0,-30.42578506,380.6119995,345.3590918,-0.015,-1.34999997,-0.524999988,-0.008773266,0.133687872,0.016710984,FALSE
2926,1000_radii_1,1000,L,0,8,77.55333307,0,-30.4594841,380.7409973,345.3503428,-0.015,-1.34999997,-0.524999988,-0.008749178,0.133320816,0.016665102,FALSE
2927,1000_radii_1,1000,L,0,8,77.5700202,0,-30.49324608,380.8701477,345.3415833,-0.015,-1.34999997,-0.524999988,-0.008760747,0.1334971,0.016687137,FALSE
2928,1000_radii_1,1000,L,0,8,77.58666085,0,-30.52693558,380.9989319,345.3328438,-0.015,-1.34999997,-0.524999988,-0.008736659,0.133130044,0.016641256,FALSE
2929,1000_radii_1,1000,L,0,8,77.60330181,0,-30.56064606,381.1277161,345.3241091,-0.015,-1.34999997,-0.524999988,-0.008736817,0.133132459,0.016641557,FALSE
2930,1000_radii_1,1000,L,0,8,77.61994125,0,-30.5943718,381.2565002,345.3153725,-0.015,-1.34999997,-0.524999988,-0.008735708,0.133115555,0.016639444,FALSE
2931,1000_radii_1,1000,L,0,8,77.63663443,0,-30.62822533,381.3856812,345.3066072,-0.015,-1.34999997,-0.524999988,-0.008763916,0.133545396,0.016693175,FALSE
2932,1000_radii_1,1000,L,0,8,77.65333394,0,-30.66211128,381.5149231,345.2978411,-0.015,-1.34999997,-0.524999988,-0.008767403,0.133598523,0.016699815,FALSE
2933,1000_radii_1,1000,L,0,8,77.66997037,0,-30.69588852,381.6436462,345.2891073,-0.015,-1.34999997,-0.524999988,-0.008733806,0.133086577,0.016635822,FALSE
2934,1000_radii_1,1000,L,0,8,77.68671063,0,-30.72987556,381.7731018,345.2803249,-0.015,-1.34999997,-0.524999988,-0.008783092,0.133837592,0.016729699,FALSE
2935,1000_radii_1,1000,L,0,8,77.70328155,0,-30.76358032,381.9013977,345.2716198,-0.015,-1.34999997,-0.524999988,-0.008705123,0.132649491,0.016581186,FALSE
2936,1000_radii_1,1000,L,0,8,77.7199545,0,-30.79749298,382.0303955,345.262866,-0.015,-1.34999997,-0.524999988,-0.008753616,0.133388432,0.016673554,FALSE
2937,1000_radii_1,1000,L,0,8,77.73670352,0,-30.83157921,382.1599731,345.2540731,-0.015,-1.34999997,-0.524999988,-0.008793393,0.133994556,0.01674932,FALSE
2938,1000_radii_1,1000,L,0,8,77.75329829,0,-30.8653698,382.2883606,345.2453604,-0.015,-1.34999997,-0.524999988,-0.008712096,0.132755744,0.016594468,FALSE
2939,1000_radii_1,1000,L,0,8,77.7699154,0,-30.89922333,382.4169006,345.2366362,-0.015,-1.34999997,-0.524999988,-0.008723347,0.132927198,0.0166159,FALSE
2940,1000_radii_1,1000,L,0,8,77.78663453,0,-30.93330956,382.5462341,345.2278595,-0.015,-1.34999997,-0.524999988,-0.008778021,0.133760317,0.01672004,FALSE
2941,1000_radii_1,1000,L,0,8,77.80328786,0,-30.96727943,382.6750488,345.2191153,-0.015,-1.34999997,-0.524999988,-0.008743156,0.133229053,0.016653632,FALSE
2942,1000_radii_1,1000,L,0,8,77.81997047,0,-31.00132561,382.8040771,345.2103577,-0.015,-1.34999997,-0.524999988,-0.008757736,0.133451218,0.016681402,FALSE
2943,1000_radii_1,1000,L,0,8,77.83664584,0,-31.0353775,382.9330444,345.2016039,-0.015,-1.34999997,-0.524999988,-0.00875425,0.133398091,0.016674761,FALSE
2944,1000_radii_1,1000,L,0,8,77.85331456,0,-31.06943512,383.0619507,345.192852,-0.015,-1.34999997,-0.524999988,-0.008750446,0.133340135,0.016667517,FALSE
2945,1000_radii_1,1000,L,0,8,77.86996518,0,-31.1034832,383.1907654,345.1841106,-0.015,-1.34999997,-0.524999988,-0.008742839,0.133224223,0.016653028,FALSE
2946,1000_radii_1,1000,L,0,8,77.88662364,0,-31.1375618,383.3196106,345.1753645,-0.015,-1.34999997,-0.524999988,-0.008745533,0.133265275,0.016658159,FALSE
2947,1000_radii_1,1000,L,0,8,77.90335001,0,-31.17180061,383.4489746,345.1665821,-0.015,-1.34999997,-0.524999988,-0.008781666,0.133815858,0.016726982,FALSE
2948,1000_radii_1,1000,L,0,8,77.92044526,0,-31.2064743,383.579895,345.1576939,-0.015,-1.34999997,-0.524999988,-0.008888001,0.135436215,0.016929527,TRUE
2949,1000_radii_1,1000,L,0,8,77.93770622,0,-31.24216843,383.7145996,345.14855,-0.015,-1.34999997,-0.524999988,-0.00914457,0.139345838,0.01741823,TRUE
2950,1000_radii_1,1000,L,0,8,77.95345006,0,-31.27446365,383.8363953,345.1402817,-0.015,-1.34999997,-0.524999988,-0.008268686,0.125999026,0.015749878,TRUE
2951,1000_radii_1,1000,L,0,8,77.97031258,0,-31.30878448,383.9657593,345.1314993,-0.015,-1.34999997,-0.524999988,-0.008782299,0.133825518,0.01672819,TRUE
2952,1000_radii_1,1000,L,0,8,77.98684909,0,-31.34301186,384.0946655,345.1227465,-0.015,-1.34999997,-0.524999988,-0.008753457,0.133386017,0.016673252,TRUE
2953,1000_radii_1,1000,L,0,8,78.00346318,0,-31.37712288,384.2230835,345.114027,-0.015,-1.34999997,-0.524999988,-0.008718751,0.132857167,0.016607146,TRUE
2954,1000_radii_1,1000,L,0,8,78.02024269,0,-31.41147232,384.3522949,345.1052532,-0.015,-1.34999997,-0.524999988,-0.008774693,0.133709605,0.016713701,TRUE
2955,1000_radii_1,1000,L,0,8,78.03682508,0,-31.44572258,384.4810486,345.096509,-0.015,-1.34999997,-0.524999988,-0.008744266,0.133245956,0.016655745,TRUE
2956,1000_radii_1,1000,L,0,8,78.05353455,0,-31.48008156,384.6101379,345.0877409,-0.015,-1.34999997,-0.524999988,-0.008767244,0.133596108,0.016699514,TRUE
2957,1000_radii_1,1000,L,0,8,78.0702066,0,-31.51434135,384.7387695,345.0790052,-0.015,-1.34999997,-0.524999988,-0.0087365,0.133127629,0.016640954,TRUE
2958,1000_radii_1,1000,L,0,8,78.08686717,0,-31.54868507,384.8676453,345.0702515,-0.015,-1.34999997,-0.524999988,-0.008753299,0.133383602,0.01667295,TRUE
2959,1000_radii_1,1000,L,0,8,78.10347221,0,-31.58296585,384.9962158,345.0615187,-0.015,-1.34999997,-0.524999988,-0.008732063,0.133060014,0.016632502,TRUE
2960,1000_radii_1,1000,L,0,8,78.12012916,0,-31.6173172,385.1249695,345.0527744,-0.015,-1.34999997,-0.524999988,-0.008745217,0.133260445,0.016657556,TRUE
2961,1000_radii_1,1000,L,0,8,78.13685705,0,-31.65175247,385.2539673,345.0440121,-0.015,-1.34999997,-0.524999988,-0.008761381,0.133506759,0.016688345,TRUE
2962,1000_radii_1,1000,L,0,8,78.15352728,0,-31.68623734,385.3830566,345.035243,-0.015,-1.34999997,-0.524999988,-0.008768988,0.133622671,0.016702834,TRUE
2963,1000_radii_1,1000,L,0,8,78.17017699,0,-31.72064972,385.5118103,345.0264997,-0.015,-1.34999997,-0.524999988,-0.008745375,0.13326286,0.016657858,TRUE
2964,1000_radii_1,1000,L,0,8,78.18683303,0,-31.7549839,385.6401978,345.0177784,-0.015,-1.34999997,-0.524999988,-0.008720653,0.132886145,0.016610768,TRUE
2965,1000_radii_1,1000,L,0,8,78.20343444,0,-31.78934669,385.7685852,345.0090551,-0.015,-1.34999997,-0.524999988,-0.008722872,0.132919953,0.016614994,TRUE
2966,1000_radii_1,1000,L,0,8,78.22019342,0,-31.8240757,385.8982849,345.0002432,-0.015,-1.34999997,-0.524999988,-0.008810983,0.134262603,0.016782825,TRUE
2967,1000_radii_1,1000,L,0,8,78.23680419,0,-31.85848808,386.0267029,344.991518,-0.015,-1.34999997,-0.524999988,-0.008725566,0.132961005,0.016620126,TRUE
2968,1000_radii_1,1000,L,0,8,78.25354627,0,-31.89310074,386.1557922,344.9827471,-0.015,-1.34999997,-0.524999988,-0.008771365,0.133658894,0.016707362,TRUE
2969,1000_radii_1,1000,L,0,8,78.27019809,0,-31.92766762,386.2846375,344.9739923,-0.015,-1.34999997,-0.524999988,-0.008754725,0.133405336,0.016675667,TRUE
2970,1000_radii_1,1000,L,0,8,78.28682334,0,-31.96215248,386.4131165,344.9652634,-0.015,-1.34999997,-0.524999988,-0.008729052,0.133014132,0.016626766,TRUE
2971,1000_radii_1,1000,L,0,8,78.30347999,0,-31.99667931,386.5416565,344.9565296,-0.015,-1.34999997,-0.524999988,-0.008734916,0.133103481,0.016637935,TRUE
2972,1000_radii_1,1000,L,0,8,78.32019158,0,-32.03142929,386.6709595,344.9477415,-0.015,-1.34999997,-0.524999988,-0.008786103,0.133883474,0.016735434,TRUE
2973,1000_radii_1,1000,L,0,8,78.33684853,0,-32.06604385,386.7996826,344.9389954,-0.015,-1.34999997,-0.524999988,-0.00874696,0.133287009,0.016660876,TRUE
2974,1000_radii_1,1000,L,0,8,78.35349794,0,-32.10051346,386.9277649,344.9302883,-0.015,-1.34999997,-0.524999988,-0.008704964,0.132647076,0.016580885,TRUE
2975,1000_radii_1,1000,L,0,8,78.37012833,0,-32.13517761,387.0565186,344.9215403,-0.015,-1.34999997,-0.524999988,-0.008749495,0.133325646,0.016665706,TRUE
2976,1000_radii_1,1000,L,0,8,78.38686708,0,-32.17006302,387.1860046,344.9127407,-0.015,-1.34999997,-0.524999988,-0.008800365,0.134100809,0.016762601,TRUE
2977,1000_radii_1,1000,L,0,8,78.40344133,0,-32.20459366,387.3140869,344.9040337,-0.015,-1.34999997,-0.524999988,-0.008706232,0.132666395,0.016583299,TRUE
2978,1000_radii_1,1000,L,0,8,78.4201662,0,-32.23937225,387.4430237,344.8952713,-0.015,-1.34999997,-0.524999988,-0.008763283,0.133535737,0.016691967,TRUE
2979,1000_radii_1,1000,L,0,8,78.43688654,0,-32.27427673,387.5723572,344.8864794,-0.015,-1.34999997,-0.524999988,-0.008790382,0.133948674,0.016743584,TRUE
2980,1000_radii_1,1000,L,0,8,78.45345172,0,-32.30883026,387.7003174,344.8777847,-0.015,-1.34999997,-0.524999988,-0.008697357,0.132531164,0.016566396,TRUE
2981,1000_radii_1,1000,L,0,8,78.47013615,0,-32.34349442,387.8285828,344.8690634,-0.015,-1.34999997,-0.524999988,-0.008719702,0.132871656,0.016608957,TRUE
2982,1000_radii_1,1000,L,0,8,78.48681242,0,-32.37848282,387.9579773,344.8602676,-0.015,-1.34999997,-0.524999988,-0.008796245,0.134038023,0.016754753,TRUE
2983,1000_radii_1,1000,L,0,8,78.50343315,0,-32.41321182,388.0863342,344.8515396,-0.015,-1.34999997,-0.524999988,-0.008726675,0.132977909,0.016622239,TRUE
2984,1000_radii_1,1000,L,0,8,78.52011062,0,-32.44797516,388.2147522,344.8428097,-0.015,-1.34999997,-0.524999988,-0.008730003,0.133028621,0.016628578,TRUE
2985,1000_radii_1,1000,L,0,8,78.53685481,0,-32.48303986,388.3442078,344.8340082,-0.015,-1.34999997,-0.524999988,-0.008801158,0.134112883,0.01676411,TRUE
2986,1000_radii_1,1000,L,0,8,78.55362224,0,-32.51813126,388.4736633,344.8252058,-0.015,-1.34999997,-0.524999988,-0.008802109,0.134127372,0.016765922,TRUE
2987,1000_radii_1,1000,L,0,8,78.57018381,0,-32.55287552,388.6017761,344.8164959,-0.015,-1.34999997,-0.524999988,-0.008710669,0.132734011,0.016591751,TRUE
2988,1000_radii_1,1000,L,0,8,78.58674054,0,-32.58752823,388.7294617,344.8078136,-0.015,-1.34999997,-0.524999988,-0.008682619,0.132306584,0.016538323,TRUE
2989,1000_radii_1,1000,L,0,8,78.60344549,0,-32.62258911,388.8585815,344.799036,-0.015,-1.34999997,-0.524999988,-0.008779605,0.133784465,0.016723058,TRUE
2990,1000_radii_1,1000,L,0,8,78.62004388,0,-32.65741348,388.9867554,344.7903204,-0.015,-1.34999997,-0.524999988,-0.008715423,0.132806456,0.016600807,TRUE
2991,1000_radii_1,1000,L,0,8,78.63683154,0,-32.69262314,389.116272,344.7815104,-0.015,-1.34999997,-0.524999988,-0.008807497,0.134209477,0.016776185,TRUE
2992,1000_radii_1,1000,L,0,8,78.65348426,0,-32.72761917,389.2449036,344.7727623,-0.015,-1.34999997,-0.524999988,-0.008749178,0.133320816,0.016665102,TRUE
2993,1000_radii_1,1000,L,0,8,78.67014242,0,-32.76262283,389.3735046,344.7640162,-0.015,-1.34999997,-0.524999988,-0.008745533,0.133265275,0.016658159,TRUE
2994,1000_radii_1,1000,L,0,8,78.68680692,0,-32.79758072,389.5018311,344.7552872,-0.015,-1.34999997,-0.524999988,-0.008729211,0.133016547,0.016627068,TRUE
2995,1000_radii_1,1000,L,0,8,78.70349346,0,-32.83269119,389.6306458,344.7465248,-0.015,-1.34999997,-0.524999988,-0.008762807,0.133528493,0.016691062,TRUE
2996,1000_radii_1,1000,L,0,8,78.72011902,0,-32.86775208,389.7592163,344.7377787,-0.015,-1.34999997,-0.524999988,-0.008745533,0.133265275,0.016658159,TRUE
2997,1000_radii_1,1000,L,0,8,78.73679136,0,-32.90284729,389.8878174,344.7290316,-0.015,-1.34999997,-0.524999988,-0.008748861,0.133315987,0.016664498,TRUE
2998,1000_radii_1,1000,L,0,8,78.75350114,0,-32.93794632,390.0163574,344.7202854,-0.015,-1.34999997,-0.524999988,-0.008745217,0.133260445,0.016657556,TRUE
2999,1000_radii_1,1000,L,0,8,78.77013485,0,-32.97312546,390.1451111,344.7115259,-0.015,-1.34999997,-0.524999988,-0.008759955,0.133485025,0.016685628,TRUE
3000,1000_radii_1,1000,L,0,8,78.78681655,0,-33.00831604,390.2738342,344.7027664,-0.015,-1.34999997,-0.524999988,-0.008757894,0.133453633,0.016681704,TRUE
3001,1000_radii_1,1000,L,0,8,78.80347169,0,-33.04333878,390.401886,344.6940556,-0.015,-1.34999997,-0.524999988,-0.008711779,0.132750915,0.016593864,TRUE
3002,1000_radii_1,1000,L,0,8,78.82008065,0,-33.07849121,390.5303345,344.6853151,-0.015,-1.34999997,-0.524999988,-0.008739353,0.133171096,0.016646387,TRUE
3003,1000_radii_1,1000,L,0,8,78.83679284,0,-33.11385345,390.6594849,344.6765289,-0.015,-1.34999997,-0.524999988,-0.008786578,0.133890718,0.01673634,TRUE
3004,1000_radii_1,1000,L,0,8,78.85348058,0,-33.14914703,390.7882996,344.6677656,-0.015,-1.34999997,-0.524999988,-0.008764233,0.133550226,0.016693778,TRUE
3005,1000_radii_1,1000,L,0,8,78.87020213,0,-33.18445587,390.9170837,344.6590023,-0.015,-1.34999997,-0.524999988,-0.008762807,0.133528493,0.016691062,TRUE
3006,1000_radii_1,1000,L,0,8,78.88686089,0,-33.21976471,391.0457764,344.6502447,-0.015,-1.34999997,-0.524999988,-0.008758528,0.133463292,0.016682911,TRUE
3007,1000_radii_1,1000,L,0,8,78.90348826,0,-33.25497818,391.1740417,344.6415138,-0.015,-1.34999997,-0.524999988,-0.008729528,0.133021376,0.016627672,TRUE
3008,1000_radii_1,1000,L,0,8,78.92012529,0,-33.29008865,391.3018799,344.6328135,-0.015,-1.34999997,-0.524999988,-0.008699893,0.132569802,0.016571225,TRUE
3009,1000_radii_1,1000,L,0,8,78.93684835,0,-33.32569885,391.4314575,344.6239967,-0.015,-1.34999997,-0.524999988,-0.008818431,0.134376101,0.016797013,TRUE
3010,1000_radii_1,1000,L,0,8,78.95351647,0,-33.36103821,391.559967,344.6152506,-0.015,-1.34999997,-0.524999988,-0.008746167,0.133274934,0.016659367,TRUE
3011,1000_radii_1,1000,L,0,8,78.97015562,0,-33.39628601,391.6880798,344.6065311,-0.015,-1.34999997,-0.524999988,-0.008719227,0.132864412,0.016608051,TRUE
3012,1000_radii_1,1000,L,0,8,78.98672775,0,-33.43149567,391.8159485,344.597827,-0.015,-1.34999997,-0.524999988,-0.008704489,0.132639832,0.016579979,TRUE
3013,1000_radii_1,1000,L,0,8,79.00342062,0,-33.46703339,391.9449463,344.5890455,-0.015,-1.34999997,-0.524999988,-0.00878119,0.133808614,0.016726077,TRUE
3014,1000_radii_1,1000,L,0,8,79.0200984,0,-33.50248718,392.0735779,344.5802889,-0.015,-1.34999997,-0.524999988,-0.008755676,0.133419825,0.016677478,TRUE
3015,1000_radii_1,1000,L,0,8,79.03685617,0,-33.5379982,392.2023315,344.5715246,-0.015,-1.34999997,-0.524999988,-0.008765026,0.1335623,0.016695288,TRUE
3016,1000_radii_1,1000,L,0,8,79.05342558,0,-33.5733757,392.3305054,344.5627975,-0.015,-1.34999997,-0.524999988,-0.008726675,0.132977909,0.016622239,TRUE
3017,1000_radii_1,1000,L,0,8,79.07017068,0,-33.60904312,392.4596558,344.5540047,-0.015,-1.34999997,-0.524999988,-0.00879371,0.133999386,0.016749923,TRUE
3018,1000_radii_1,1000,L,0,8,79.08679111,0,-33.6443367,392.5873718,344.5453062,-0.015,-1.34999997,-0.524999988,-0.008696407,0.132516675,0.016564584,TRUE
3019,1000_radii_1,1000,L,0,8,79.1034064,0,-33.67986679,392.7158813,344.5365582,-0.015,-1.34999997,-0.524999988,-0.008749812,0.133330476,0.016666309,TRUE
3020,1000_radii_1,1000,L,0,8,79.12019587,0,-33.7156868,392.8453674,344.5277424,-0.015,-1.34999997,-0.524999988,-0.008816371,0.134344708,0.016793088,TRUE
3021,1000_radii_1,1000,L,0,8,79.13679909,0,-33.75104141,392.9730835,344.5190439,-0.015,-1.34999997,-0.524999988,-0.008697516,0.132533579,0.016566697,TRUE
3022,1000_radii_1,1000,L,0,8,79.15333681,0,-33.78642654,393.1008301,344.5103426,-0.015,-1.34999997,-0.524999988,-0.008699418,0.132562557,0.01657032,TRUE
3023,1000_radii_1,1000,L,0,8,79.17012507,0,-33.82229614,393.2302551,344.5015297,-0.015,-1.34999997,-0.524999988,-0.008814311,0.134313315,0.016789164,TRUE
3024,1000_radii_1,1000,L,0,8,79.18675636,0,-33.85784912,393.3584595,344.4927979,-0.015,-1.34999997,-0.524999988,-0.008731746,0.133055184,0.016631898,TRUE
3025,1000_radii_1,1000,L,0,8,79.2034118,0,-33.89342117,393.4866638,344.4840651,-0.015,-1.34999997,-0.524999988,-0.008731429,0.133050355,0.016631294,TRUE
3026,1000_radii_1,1000,L,0,8,79.22010709,0,-33.92921066,393.6155701,344.4752874,-0.015,-1.34999997,-0.524999988,-0.008779605,0.133784465,0.016723058,TRUE
3027,1000_radii_1,1000,L,0,8,79.23681959,0,-33.96500015,393.7444153,344.4659262,-0.016000001,-1.440000068,-0.560000027,-0.009360518,0.13372168,0.01671521,TRUE
3028,1000_radii_1,1000,L,0,8,79.25344484,0,-34.00061798,393.8725586,344.4566164,-0.016000001,-1.440000068,-0.560000027,-0.009309468,0.132992398,0.01662405,TRUE
3029,1000_radii_1,1000,L,0,8,79.27022012,0,-34.03650665,394.0015869,344.4466553,-0.017000001,-1.530000083,-0.595000032,-0.009961176,0.133931771,0.016741471,TRUE
3030,1000_radii_1,1000,L,0,8,79.2867992,0,-34.0721283,394.1295776,344.4367743,-0.017000001,-1.530000083,-0.595000032,-0.009881073,0.132854753,0.016606844,TRUE
3031,1000_radii_1,1000,L,0,8,79.30355999,0,-34.10806274,394.258606,344.4262276,-0.017999999,-1.61999993,-0.629999973,-0.010547126,0.133931771,0.016741471,TRUE
3032,1000_radii_1,1000,L,0,8,79.32011159,0,-34.14360046,394.3861084,344.4158058,-0.017999999,-1.61999993,-0.629999973,-0.010423897,0.132366955,0.016545869,TRUE
3033,1000_radii_1,1000,L,0,8,79.33681201,0,-34.17956543,394.5150452,344.4046755,-0.018999999,-1.709999945,-0.664999979,-0.011127658,0.13386657,0.016733321,TRUE
3034,1000_radii_1,1000,L,0,8,79.3534753,0,-34.21533203,394.6431885,344.3936195,-0.018999999,-1.709999945,-0.664999979,-0.011058606,0.133035865,0.016629483,TRUE
3035,1000_radii_1,1000,L,0,8,79.3701733,0,-34.25116348,394.7714844,344.3825464,-0.018999999,-1.709999945,-0.664999979,-0.011071854,0.133195245,0.016649406,TRUE
3036,1000_radii_1,1000,L,0,8,79.38675087,0,-34.28704453,394.8998413,344.3714666,-0.018999999,-1.709999945,-0.664999979,-0.011079081,0.133282179,0.016660272,TRUE
3037,1000_radii_1,1000,L,0,8,79.40340842,0,-34.32280731,395.0276794,344.3604307,-0.018999999,-1.709999945,-0.664999979,-0.01103512,0.132753329,0.016594166,TRUE
3038,1000_radii_1,1000,L,0,8,79.42008107,0,-34.3588829,395.1565552,344.349309,-0.018999999,-1.709999945,-0.664999979,-0.011123644,0.133818273,0.016727284,TRUE
3039,1000_radii_1,1000,L,0,8,79.43673591,0,-34.39484787,395.2849426,344.3382263,-0.018999999,-1.709999945,-0.664999979,-0.011081891,0.133315987,0.016664498,TRUE
3040,1000_radii_1,1000,L,0,8,79.45347225,0,-34.43087006,395.4134216,344.327136,-0.018999999,-1.709999945,-0.664999979,-0.011091326,0.133429484,0.016678686,TRUE
3041,1000_radii_1,1000,L,0,8,79.47014671,0,-34.46701813,395.5422668,344.3160133,-0.018999999,-1.709999945,-0.664999979,-0.011122841,0.133808614,0.016726077,TRUE
3042,1000_radii_1,1000,L,0,8,79.4867605,0,-34.50295258,395.6702576,344.3049622,-0.018999999,-1.709999945,-0.664999979,-0.011049573,0.132927198,0.0166159,TRUE
3043,1000_radii_1,1000,L,0,8,79.50346514,0,-34.5389061,395.7982178,344.2939148,-0.018999999,-1.709999945,-0.664999979,-0.011048168,0.132910294,0.016613787,TRUE
3044,1000_radii_1,1000,L,0,8,79.52011274,0,-34.57509232,395.9269104,344.2828026,-0.018999999,-1.709999945,-0.664999979,-0.0111118,0.133675798,0.016709475,TRUE
3045,1000_radii_1,1000,L,0,8,79.53678539,0,-34.61127853,396.0555115,344.271699,-0.018999999,-1.709999945,-0.664999979,-0.011103972,0.133581619,0.016697702,TRUE
3046,1000_radii_1,1000,L,0,8,79.55342815,0,-34.64722443,396.183136,344.2606764,-0.018999999,-1.709999945,-0.664999979,-0.011022675,0.132603609,0.016575451,TRUE
3047,1000_radii_1,1000,L,0,8,79.57010774,0,-34.68352127,396.3119202,344.2495527,-0.018999999,-1.709999945,-0.664999979,-0.011122238,0.133801369,0.016725171,TRUE
3048,1000_radii_1,1000,L,0,8,79.58674568,0,-34.71969604,396.4401855,344.2384758,-0.018999999,-1.709999945,-0.664999979,-0.011078278,0.13327252,0.016659065,TRUE
3049,1000_radii_1,1000,L,0,8,79.60345757,0,-34.75601196,396.5688477,344.2273617,-0.018999999,-1.709999945,-0.664999979,-0.011113607,0.133697531,0.016712191,TRUE
3050,1000_radii_1,1000,L,0,8,79.62008765,0,-34.7920723,396.6965027,344.2163343,-0.018999999,-1.709999945,-0.664999979,-0.011027693,0.13266398,0.016582998,TRUE
3051,1000_radii_1,1000,L,0,8,79.6367766,0,-34.82846069,396.8252258,344.2052155,-0.018999999,-1.709999945,-0.664999979,-0.01112003,0.133774806,0.016721851,TRUE
3052,1000_radii_1,1000,L,0,8,79.65338918,0,-34.86467743,396.9532471,344.1941538,-0.018999999,-1.709999945,-0.664999979,-0.011060212,0.133055184,0.016631898,TRUE
3053,1000_radii_1,1000,L,0,8,79.67015299,0,-34.90112305,397.0820007,344.1830311,-0.018999999,-1.709999945,-0.664999979,-0.011123041,0.133811029,0.016726379,TRUE
3054,1000_radii_1,1000,L,0,8,79.68677976,0,-34.93746185,397.2102661,344.172533,-0.017999999,-1.61999993,-0.629999973,-0.010499204,0.133323231,0.016665404,TRUE
3055,1000_radii_1,1000,L,0,8,79.70341709,0,-34.97357178,397.3376465,344.1621046,-0.017999999,-1.61999993,-0.629999973,-0.010426179,0.132395933,0.016549492,TRUE
3056,1000_radii_1,1000,L,0,8,79.72017727,0,-35.01036072,397.4673157,344.1520796,-0.017000001,-1.530000083,-0.595000032,-0.010025654,0.134798698,0.016849837,TRUE
3057,1000_radii_1,1000,L,0,8,79.73681159,0,-35.04653549,397.5947571,344.1422272,-0.017000001,-1.530000083,-0.595000032,-0.009852157,0.132465964,0.016558245,TRUE
3058,1000_radii_1,1000,L,0,8,79.75343533,0,-35.08290482,397.7227783,344.1329098,-0.016000001,-1.440000068,-0.560000027,-0.009317075,0.133101066,0.016637633,TRUE
3059,1000_radii_1,1000,L,0,8,79.77014028,0,-35.11950684,397.8515625,344.1241245,-0.015,-1.34999997,-0.524999988,-0.008785469,0.133873814,0.016734227,TRUE
3060,1000_radii_1,1000,L,0,8,79.78690409,0,-35.15626526,397.9808044,344.1164818,-0.013,-1.170000024,-0.455000009,-0.007642366,0.134371271,0.016796409,TRUE
3061,1000_radii_1,1000,L,0,8,79.80346173,0,-35.19238663,398.1077271,344.1095543,-0.012,-1.080000009,-0.420000004,-0.006928727,0.131975751,0.016496969,TRUE
3062,1000_radii_1,1000,L,0,8,79.82011748,0,-35.22900391,398.2363586,344.103117,-0.011,-0.989999995,-0.384999998,-0.006436402,0.133743413,0.016717927,TRUE
3063,1000_radii_1,1000,L,0,8,79.83680159,0,-35.26556015,398.3647156,344.0972767,-0.01,-0.89999998,-0.349999992,-0.005839125,0.133465707,0.016683213,TRUE
3064,1000_radii_1,1000,L,0,8,79.85349537,0,-35.30214691,398.4931335,344.0926065,-0.008,-0.720000034,-0.280000013,-0.004673413,0.133526078,0.01669076,TRUE
3065,1000_radii_1,1000,L,0,8,79.8701164,0,-35.33859634,398.6210327,344.0885315,-0.007,-0.630000019,-0.245000008,-0.004072597,0.132982739,0.016622842,TRUE
3066,1000_radii_1,1000,L,0,8,79.88681079,0,-35.37520981,398.7494812,344.0856113,-0.005,-0.44999999,-0.174999996,-0.00292157,0.133557471,0.016694684,TRUE
3067,1000_radii_1,1000,L,0,8,79.90348585,0,-35.41165924,398.8773193,344.0827026,-0.005,-0.44999999,-0.174999996,-0.002907835,0.132929613,0.016616202,TRUE
3068,1000_radii_1,1000,L,0,8,79.92016272,0,-35.44837952,399.006073,344.0803614,-0.004,-0.360000017,-0.140000007,-0.002343172,0.133895548,0.016736943,TRUE
3069,1000_radii_1,1000,L,0,8,79.93683205,0,-35.4847641,399.1336365,344.0780392,-0.004,-0.360000017,-0.140000007,-0.002321451,0.132654321,0.01658179,TRUE
3070,1000_radii_1,1000,L,0,8,79.9535373,0,-35.52159119,399.2627258,344.0756893,-0.004,-0.360000017,-0.140000007,-0.002349258,0.134243285,0.016780411,TRUE
3071,1000_radii_1,1000,L,0,8,79.97005238,0,-35.55784607,399.389801,344.0733767,-0.004,-0.360000017,-0.140000007,-0.002312365,0.132135131,0.016516891,TRUE
3072,1000_radii_1,1000,L,0,8,79.98679687,0,-35.59452057,399.5183105,344.0710373,-0.004,-0.360000017,-0.140000007,-0.002338904,0.133651649,0.016706456,TRUE
3073,1000_radii_1,1000,L,0,8,80.00342998,0,-35.63107681,399.6463928,344.0687056,-0.004,-0.360000017,-0.140000007,-0.002331128,0.133207319,0.016650915,TRUE
3074,1000_radii_1,1000,L,0,8,80.02010776,0,-35.66776276,399.7749023,344.0663681,-0.004,-0.360000017,-0.140000007,-0.002338988,0.133656479,0.01670706,TRUE
3075,1000_radii_1,1000,L,0,8,80.03673694,0,-35.70428467,399.902832,344.0640402,-0.004,-0.360000017,-0.140000007,-0.002328212,0.133040695,0.016630087,TRUE
3076,1000_radii_1,1000,L,0,8,80.05337819,0,-35.74069214,400.0303345,344.061717,-0.004,-0.360000017,-0.140000007,-0.002320563,0.132603609,0.016575451,TRUE
3077,1000_radii_1,1000,L,0,8,80.07011031,0,-35.77756882,400.1594543,344.0593681,-0.004,-0.360000017,-0.140000007,-0.002350061,0.134289167,0.016786146,TRUE
3078,1000_radii_1,1000,L,0,8,80.08679292,0,-35.81422806,400.2878113,344.0570326,-0.004,-0.360000017,-0.140000007,-0.00233603,0.13348744,0.01668593,TRUE
3079,1000_radii_1,1000,L,0,8,80.10339131,0,-35.85057449,400.4150391,344.0547171,-0.004,-0.360000017,-0.140000007,-0.002315577,0.132318658,0.016539832,TRUE
3080,1000_radii_1,1000,L,0,8,80.12003317,0,-35.88728333,400.5435181,344.0523796,-0.004,-0.360000017,-0.140000007,-0.002338439,0.133625086,0.016703136,TRUE
3081,1000_radii_1,1000,L,0,8,80.1368009,0,-35.92414093,400.6725159,344.0500307,-0.004,-0.360000017,-0.140000007,-0.002347609,0.134149106,0.016768638,TRUE
3082,1000_radii_1,1000,L,0,8,80.15340533,0,-35.96057129,400.7999878,344.0477104,-0.004,-0.360000017,-0.140000007,-0.002319929,0.132567387,0.016570923,TRUE
3083,1000_radii_1,1000,L,0,8,80.17007526,0,-35.99724197,400.9282837,344.0453758,-0.004,-0.360000017,-0.140000007,-0.002334889,0.13342224,0.01667778,TRUE
3084,1000_radii_1,1000,L,0,8,80.18681251,0,-36.03409576,401.0571899,344.0430307,-0.004,-0.360000017,-0.140000007,-0.002346215,0.134069416,0.016758677,TRUE
3085,1000_radii_1,1000,L,0,8,80.20336592,0,-36.07050323,401.1845093,344.0407133,-0.004,-0.360000017,-0.140000007,-0.002317521,0.132429741,0.016553718,TRUE
3086,1000_radii_1,1000,L,0,8,80.22011192,0,-36.10722351,401.3129272,344.0383749,-0.004,-0.360000017,-0.140000007,-0.002337171,0.133552641,0.01669408,TRUE
3087,1000_radii_1,1000,L,0,8,80.23673869,0,-36.1439209,401.4412231,344.0360394,-0.004,-0.360000017,-0.140000007,-0.002335439,0.133453633,0.016681704,TRUE
3088,1000_radii_1,1000,L,0,8,80.25335429,0,-36.18048477,401.5690308,344.0337152,-0.004,-0.360000017,-0.140000007,-0.002326564,0.132946516,0.016618315,TRUE
3089,1000_radii_1,1000,L,0,8,80.27010632,0,-36.2171936,401.6973267,344.0313778,-0.004,-0.360000017,-0.140000007,-0.002335481,0.133456047,0.016682006,TRUE
3090,1000_radii_1,1000,L,0,8,80.28672947,0,-36.25385666,401.82547,344.0290461,-0.004,-0.360000017,-0.140000007,-0.002332269,0.13327252,0.016659065,TRUE
3091,1000_radii_1,1000,L,0,8,80.30332967,0,-36.29047775,401.9534302,344.0267153,-0.004,-0.360000017,-0.140000007,-0.0023291,0.133091407,0.016636426,TRUE
3092,1000_radii_1,1000,L,0,8,80.32003733,0,-36.32726288,402.0819397,344.0243778,-0.004,-0.360000017,-0.140000007,-0.002339158,0.133666138,0.016708267,TRUE
3093,1000_radii_1,1000,L,0,8,80.33678605,0,-36.3639679,402.210144,344.0220442,-0.004,-0.360000017,-0.140000007,-0.002333748,0.133357039,0.01666963,TRUE
3094,1000_radii_1,1000,L,0,8,80.35337237,0,-36.40064621,402.3382263,344.0197124,-0.004,-0.360000017,-0.140000007,-0.002331762,0.133243542,0.016655443,TRUE
3095,1000_radii_1,1000,L,0,8,80.37004622,0,-36.4373703,402.4664612,344.0173769,-0.004,-0.360000017,-0.140000007,-0.002334467,0.133398091,0.016674761,TRUE
3096,1000_radii_1,1000,L,0,8,80.38675872,0,-36.47405624,402.5945435,344.0150461,-0.004,-0.360000017,-0.140000007,-0.002331509,0.133229053,0.016653632,TRUE
3097,1000_radii_1,1000,L,0,8,80.40336315,0,-36.51076508,402.7226868,344.0127125,-0.004,-0.360000017,-0.140000007,-0.002332819,0.133303913,0.016662989,TRUE
3098,1000_radii_1,1000,L,0,8,80.42004515,0,-36.54754257,402.8510437,344.0103769,-0.004,-0.360000017,-0.140000007,-0.002336791,0.133530907,0.016691363,TRUE
3099,1000_radii_1,1000,L,0,8,80.43675402,0,-36.58421326,402.9790039,344.0080471,-0.004,-0.360000017,-0.140000007,-0.002329649,0.1331228,0.01664035,TRUE
3100,1000_radii_1,1000,L,0,8,80.45337505,0,-36.6209259,403.1071167,344.0057163,-0.004,-0.360000017,-0.140000007,-0.002332016,0.133258031,0.016657254,TRUE
3101,1000_radii_1,1000,L,0,8,80.47005012,0,-36.65775299,403.2355957,344.003376,-0.004,-0.360000017,-0.140000007,-0.002338946,0.133654064,0.016706758,TRUE
3102,1000_radii_1,1000,L,0,8,80.48672397,0,-36.69431686,403.3631287,344.0010529,-0.004,-0.360000017,-0.140000007,-0.002321958,0.132683299,0.016585412,TRUE
3103,1000_radii_1,1000,L,0,8,80.50334923,0,-36.73110199,403.4914246,343.9987183,-0.004,-0.360000017,-0.140000007,-0.002335523,0.133458462,0.016682308,TRUE
3104,1000_radii_1,1000,L,0,8,80.52006414,0,-36.76801682,403.6201477,343.9963741,-0.004,-0.360000017,-0.140000007,-0.002343426,0.133910037,0.016738755,TRUE
3105,1000_radii_1,1000,L,0,8,80.53687504,0,-36.80487061,403.7486267,343.9940357,-0.004,-0.360000017,-0.140000007,-0.002339284,0.133673383,0.016709173,TRUE
3106,1000_radii_1,1000,L,0,8,80.55343902,0,-36.84148407,403.8762512,343.9917126,-0.004,-0.360000017,-0.140000007,-0.002323606,0.132777478,0.016597185,TRUE
3107,1000_radii_1,1000,L,0,8,80.57007756,0,-36.87833786,404.0046997,343.9893742,-0.004,-0.360000017,-0.140000007,-0.002338566,0.133632331,0.016704041,TRUE
3108,1000_radii_1,1000,L,0,8,80.58669436,0,-36.91496658,404.1323547,343.9870472,-0.004,-0.360000017,-0.140000007,-0.002323944,0.132796796,0.0165996,TRUE
3109,1000_radii_1,1000,L,0,8,80.60340082,0,-36.95183182,404.2608032,343.9847126,-0.004,-0.360000017,-0.140000007,-0.002338777,0.133644405,0.016705551,TRUE
3110,1000_radii_1,1000,L,0,8,80.62005626,0,-36.98858643,404.388855,343.9823799,-0.004,-0.360000017,-0.140000007,-0.002331382,0.133221808,0.016652726,TRUE
3111,1000_radii_1,1000,L,0,8,80.63684784,0,-37.0255394,404.5175781,343.9800339,-0.004,-0.360000017,-0.140000007,-0.002343595,0.133919696,0.016739962,TRUE
3112,1000_radii_1,1000,L,0,8,80.6533605,0,-37.06216049,404.6451416,343.9777164,-0.004,-0.360000017,-0.140000007,-0.002322296,0.132702618,0.016587827,TRUE
3113,1000_radii_1,1000,L,0,8,80.67012099,0,-37.09902191,404.7734985,343.9753761,-0.004,-0.360000017,-0.140000007,-0.002337045,0.133545396,0.016693175,TRUE
3114,1000_radii_1,1000,L,0,8,80.68681356,0,-37.13605118,404.9024353,343.9730282,-0.004,-0.360000017,-0.140000007,-0.002347483,0.134141861,0.016767733,TRUE
3115,1000_radii_1,1000,L,0,8,80.70337875,0,-37.17264175,405.0298157,343.9707108,-0.004,-0.360000017,-0.140000007,-0.002319338,0.132533579,0.016566697,TRUE
3116,1000_radii_1,1000,L,0,8,80.72000974,0,-37.20932007,405.1574707,343.9683838,-0.004,-0.360000017,-0.140000007,-0.002324451,0.132825775,0.016603222,TRUE
3117,1000_radii_1,1000,L,0,8,80.73668813,0,-37.24613571,405.2855835,343.966053,-0.004,-0.360000017,-0.140000007,-0.002332819,0.133303913,0.016662989,TRUE
3118,1000_radii_1,1000,L,0,8,80.75335564,0,-37.28303909,405.4140015,343.9637146,-0.004,-0.360000017,-0.140000007,-0.002338101,0.133605767,0.016700721,TRUE
3119,1000_radii_1,1000,L,0,8,80.77002859,0,-37.31977081,405.5417786,343.9613876,-0.004,-0.360000017,-0.140000007,-0.002326818,0.132961005,0.016620126,TRUE
3120,1000_radii_1,1000,L,0,8,80.78683195,0,-37.35688782,405.6708984,343.9578609,-0.006,-0.540000005,-0.210000002,-0.003526358,0.134337463,0.016792183,TRUE
3121,1000_radii_1,1000,L,0,8,80.80342611,0,-37.39366913,405.7988281,343.9537849,-0.007,-0.630000019,-0.245000008,-0.004076146,0.133098651,0.016637331,TRUE
3122,1000_radii_1,1000,L,0,8,80.82010872,0,-37.43053818,405.9270325,343.948534,-0.009,-0.809999965,-0.314999986,-0.005252074,0.133386017,0.016673252,TRUE
3123,1000_radii_1,1000,L,0,8,80.83671979,0,-37.46736526,406.0550232,343.9427052,-0.01,-0.89999998,-0.349999992,-0.005827292,0.133195245,0.016649406,TRUE
3124,1000_radii_1,1000,L,0,8,80.85347183,0,-37.50436401,406.1835632,343.9356823,-0.012,-1.080000009,-0.420000004,-0.007022543,0.133762732,0.016720341,TRUE
3125,1000_radii_1,1000,L,0,8,80.87013391,0,-37.54114151,406.3112793,343.9275417,-0.014,-1.260000039,-0.490000015,-0.008140756,0.132910294,0.016613787,TRUE
3126,1000_radii_1,1000,L,0,8,80.88681501,0,-37.57826233,406.4401245,343.9181576,-0.016000001,-1.440000068,-0.560000027,-0.009385536,0.134079076,0.016759884,TRUE
3127,1000_radii_1,1000,L,0,8,80.90342729,0,-37.61508179,406.5678406,343.9082699,-0.017000001,-1.530000083,-0.595000032,-0.009885742,0.132917538,0.016614692,TRUE
3128,1000_radii_1,1000,L,0,8,80.92006432,0,-37.65195084,406.6956482,343.8983765,-0.017000001,-1.530000083,-0.595000032,-0.009893465,0.133021376,0.016627672,TRUE
3129,1000_radii_1,1000,L,0,8,80.93674633,0,-37.68896484,406.8238831,343.8884544,-0.017000001,-1.530000083,-0.595000032,-0.009925794,0.133456047,0.016682006,TRUE
3130,1000_radii_1,1000,L,0,8,80.95340931,0,-37.72592163,406.9518127,343.8785477,-0.017000001,-1.530000083,-0.595000032,-0.009904601,0.133171096,0.016646387,TRUE
3131,1000_radii_1,1000,L,0,8,80.97003759,0,-37.76289368,407.0797424,343.8686428,-0.017000001,-1.530000083,-0.595000032,-0.009903344,0.133154193,0.016644274,TRUE
3132,1000_radii_1,1000,L,0,8,80.98672412,0,-37.79992294,407.2077637,343.8587322,-0.017000001,-1.530000083,-0.595000032,-0.009912324,0.133274934,0.016659367,TRUE
3133,1000_radii_1,1000,L,0,8,81.00334757,0,-37.83685684,407.3353882,343.8488503,-0.017000001,-1.530000083,-0.595000032,-0.009881252,0.132857167,0.016607146,TRUE
3134,1000_radii_1,1000,L,0,8,81.02008391,0,-37.87414932,407.4641418,343.8388805,-0.017000001,-1.530000083,-0.595000032,-0.009970695,0.134059757,0.01675747,TRUE
3135,1000_radii_1,1000,L,0,8,81.03672909,0,-37.91126633,407.5922241,343.8289623,-0.017000001,-1.530000083,-0.595000032,-0.009917892,0.133349794,0.016668724,TRUE
3136,1000_radii_1,1000,L,0,8,81.05332929,0,-37.94827271,407.7198486,343.8190784,-0.017000001,-1.530000083,-0.595000032,-0.009882689,0.132876486,0.016609561,TRUE
3137,1000_radii_1,1000,L,0,8,81.07007529,0,-37.98541641,407.8478699,343.809166,-0.017000001,-1.530000083,-0.595000032,-0.009913761,0.133294253,0.016661782,TRUE
3138,1000_radii_1,1000,L,0,8,81.08673888,0,-38.02277374,407.976532,343.7992001,-0.017000001,-1.530000083,-0.595000032,-0.009964229,0.133972823,0.016746603,TRUE
3139,1000_radii_1,1000,L,0,8,81.10346738,0,-38.06010437,408.105011,343.7892494,-0.017000001,-1.530000083,-0.595000032,-0.009950939,0.133794125,0.016724266,TRUE
3140,1000_radii_1,1000,L,0,8,81.1200383,0,-38.09698868,408.2318726,343.7794228,-0.017000001,-1.530000083,-0.595000032,-0.009826653,0.132123057,0.016515382,TRUE
3141,1000_radii_1,1000,L,0,8,81.13672151,0,-38.13439941,408.3604736,343.7694626,-0.017000001,-1.530000083,-0.595000032,-0.009960996,0.133929356,0.016741169,TRUE
3142,1000_radii_1,1000,L,0,8,81.1533676,0,-38.17160416,408.4882813,343.7595596,-0.017000001,-1.530000083,-0.595000032,-0.00990029,0.13311314,0.016639143,TRUE
3143,1000_radii_1,1000,L,0,8,81.1700819,0,-38.20890808,408.6163635,343.7496414,-0.017000001,-1.530000083,-0.595000032,-0.009920945,0.133390847,0.016673856,TRUE
3144,1000_radii_1,1000,L,0,8,81.18673493,0,-38.24620438,408.7443237,343.7397289,-0.017000001,-1.530000083,-0.595000032,-0.009913042,0.133284594,0.016660574,TRUE
3145,1000_radii_1,1000,L,0,8,81.20333906,0,-38.28347397,408.8721008,343.729826,-0.017000001,-1.530000083,-0.595000032,-0.009899572,0.133103481,0.016637935,TRUE
3146,1000_radii_1,1000,L,0,8,81.21997065,0,-38.32075882,408.9998474,343.7199306,-0.017000001,-1.530000083,-0.595000032,-0.009898135,0.133084162,0.01663552,TRUE
3147,1000_radii_1,1000,L,0,8,81.23667198,0,-38.35815811,409.1278992,343.7100067,-0.017000001,-1.530000083,-0.595000032,-0.009922561,0.13341258,0.016676573,TRUE
3148,1000_radii_1,1000,L,0,8,81.25342854,0,-38.3958168,409.2567749,343.7000217,-0.017000001,-1.530000083,-0.595000032,-0.009985782,0.134262603,0.016782825,TRUE
3149,1000_radii_1,1000,L,0,8,81.27016669,0,-38.43340302,409.3853149,343.6900635,-0.017000001,-1.530000083,-0.595000032,-0.009959739,0.133912452,0.016739056,TRUE
3150,1000_radii_1,1000,L,0,8,81.28682365,0,-38.47048187,409.5120239,343.6802406,-0.017000001,-1.530000083,-0.595000032,-0.009820187,0.132036122,0.016504515,TRUE
3151,1000_radii_1,1000,L,0,8,81.30340936,0,-38.50810242,409.6405029,343.6702824,-0.017000001,-1.530000083,-0.595000032,-0.009957943,0.133888303,0.016736038,TRUE
3152,1000_radii_1,1000,L,0,8,81.32008593,0,-38.54561615,409.7685547,343.6603622,-0.017000001,-1.530000083,-0.595000032,-0.0099231,0.133419825,0.016677478,TRUE
3153,1000_radii_1,1000,L,0,8,81.33679963,0,-38.58308029,409.8963623,343.6504574,-0.017000001,-1.530000083,-0.595000032,-0.009904601,0.133171096,0.016646387,TRUE
3154,1000_radii_1,1000,L,0,8,81.35350247,0,-38.62076569,410.0248108,343.6404991,-0.017000001,-1.530000083,-0.595000032,-0.009956686,0.1338714,0.016733925,TRUE
3155,1000_radii_1,1000,L,0,8,81.37001423,0,-38.65804291,410.1517944,343.6306553,-0.017000001,-1.530000083,-0.595000032,-0.009842817,0.132340392,0.016542549,TRUE
3156,1000_radii_1,1000,L,0,8,81.38668205,0,-38.69562149,410.2797241,343.6207371,-0.017000001,-1.530000083,-0.595000032,-0.009917353,0.13334255,0.016667819,TRUE
3157,1000_radii_1,1000,L,0,8,81.40333598,0,-38.73313904,410.4073792,343.6108437,-0.017000001,-1.530000083,-0.595000032,-0.009895441,0.13304794,0.016630992,TRUE
3158,1000_radii_1,1000,L,0,8,81.4201022,0,-38.77103806,410.5362244,343.600853,-0.017000001,-1.530000083,-0.595000032,-0.009989553,0.134313315,0.016789164,TRUE
3159,1000_radii_1,1000,L,0,8,81.43676217,0,-38.80864716,410.6640015,343.5909481,-0.017000001,-1.530000083,-0.595000032,-0.009907115,0.133204904,0.016650613,TRUE
3160,1000_radii_1,1000,L,0,8,81.45336419,0,-38.84608078,410.7911072,343.5810928,-0.017000001,-1.530000083,-0.595000032,-0.009855569,0.132511846,0.016563981,TRUE
3161,1000_radii_1,1000,L,0,8,81.47008936,0,-38.88393784,410.9195862,343.5711308,-0.017000001,-1.530000083,-0.595000032,-0.009961715,0.133939015,0.016742377,TRUE
3162,1000_radii_1,1000,L,0,8,81.48674993,0,-38.92169189,411.0476379,343.561203,-0.017000001,-1.530000083,-0.595000032,-0.009928129,0.13348744,0.01668593,TRUE
3163,1000_radii_1,1000,L,0,8,81.50323815,0,-38.95901489,411.1741333,343.5513935,-0.017000001,-1.530000083,-0.595000032,-0.009809231,0.131888817,0.016486102,TRUE
3164,1000_radii_1,1000,L,0,8,81.5200089,0,-38.99696732,411.3026733,343.5414219,-0.017000001,-1.530000083,-0.595000032,-0.009968899,0.134035609,0.016754451,TRUE
3165,1000_radii_1,1000,L,0,8,81.53674645,0,-39.03491592,411.4311218,343.5314617,-0.017000001,-1.530000083,-0.595000032,-0.009962074,0.133943845,0.016742981,TRUE
3166,1000_radii_1,1000,L,0,8,81.5533382,0,-39.07258606,411.5585327,343.5215797,-0.017000001,-1.530000083,-0.595000032,-0.009882689,0.132876486,0.016609561,TRUE
3167,1000_radii_1,1000,L,0,8,81.57012132,0,-39.11052704,411.6867981,343.511631,-0.017000001,-1.530000083,-0.595000032,-0.009948065,0.133755487,0.016719436,TRUE
3168,1000_radii_1,1000,L,0,8,81.58670281,0,-39.1483078,411.8144531,343.5017281,-0.017000001,-1.530000083,-0.595000032,-0.00990065,0.13311797,0.016639746,TRUE
3169,1000_radii_1,1000,L,0,8,81.6032517,0,-39.18592834,411.9414673,343.4918785,-0.017000001,-1.530000083,-0.595000032,-0.009852875,0.132475623,0.016559453,TRUE
3170,1000_radii_1,1000,L,0,8,81.62001943,0,-39.22393417,412.0697021,343.4819298,-0.017000001,-1.530000083,-0.595000032,-0.009947346,0.133745828,0.016718228,TRUE
3171,1000_radii_1,1000,L,0,8,81.63668755,0,-39.26189041,412.1976929,343.4720001,-0.017000001,-1.530000083,-0.595000032,-0.009929386,0.133504344,0.016688043,TRUE
3172,1000_radii_1,1000,L,0,8,81.65343174,0,-39.30004883,412.3262939,343.4620247,-0.017000001,-1.530000083,-0.595000032,-0.009976442,0.134137032,0.016767129,TRUE
3173,1000_radii_1,1000,L,0,8,81.67001504,0,-39.33783722,412.4535522,343.4521523,-0.017000001,-1.530000083,-0.595000032,-0.00987317,0.1327485,0.016593562,TRUE
3174,1000_radii_1,1000,L,0,8,81.68673146,0,-39.37578201,412.5812683,343.4422436,-0.017000001,-1.530000083,-0.595000032,-0.009908732,0.133226638,0.01665333,TRUE
3175,1000_radii_1,1000,L,0,8,81.70333468,0,-39.41375732,412.7090149,343.432333,-0.017000001,-1.530000083,-0.595000032,-0.009911067,0.133258031,0.016657254,TRUE
3176,1000_radii_1,1000,L,0,8,81.72002665,0,-39.45183563,412.8370056,343.4223976,-0.017000001,-1.530000083,-0.595000032,-0.009931721,0.133535737,0.016691967,TRUE
3177,1000_radii_1,1000,L,0,8,81.73674639,0,-39.48984146,412.9646606,343.4124928,-0.017000001,-1.530000083,-0.595000032,-0.009907115,0.133204904,0.016650613,TRUE
3178,1000_radii_1,1000,L,0,8,81.7533321,0,-39.52787781,413.0923462,343.4025841,-0.017000001,-1.530000083,-0.595000032,-0.009909271,0.133233882,0.016654235,TRUE
3179,1000_radii_1,1000,L,0,8,81.76995253,0,-39.56570435,413.2192688,343.3927345,-0.017000001,-1.530000083,-0.595000032,-0.009849283,0.132427326,0.016553416,TRUE
3180,1000_radii_1,1000,L,0,8,81.78668826,0,-39.60402679,413.3477478,343.3827591,-0.017000001,-1.530000083,-0.595000032,-0.009972491,0.134083905,0.016760488,TRUE
3181,1000_radii_1,1000,L,0,8,81.80331624,0,-39.64210892,413.4753723,343.3728561,-0.017000001,-1.530000083,-0.595000032,-0.009904601,0.133171096,0.016646387,TRUE
3182,1000_radii_1,1000,L,0,8,81.81999673,0,-39.68034744,413.6034241,343.3629189,-0.017000001,-1.530000083,-0.595000032,-0.009938726,0.133629916,0.016703739,TRUE
3183,1000_radii_1,1000,L,0,8,81.83663648,0,-39.71848679,413.7310486,343.3530121,-0.017000001,-1.530000083,-0.595000032,-0.009907295,0.133207319,0.016650915,TRUE
3184,1000_radii_1,1000,L,0,8,81.85338097,0,-39.75674438,413.8590088,343.3430786,-0.017000001,-1.530000083,-0.595000032,-0.009932799,0.133550226,0.016693778,TRUE
3185,1000_radii_1,1000,L,0,8,81.86999566,0,-39.79493332,413.9866333,343.333168,-0.017000001,-1.530000083,-0.595000032,-0.009908732,0.133226638,0.01665333,TRUE
3186,1000_radii_1,1000,L,0,8,81.88665171,0,-39.83315277,414.1142883,343.3232594,-0.017000001,-1.530000083,-0.595000032,-0.009911246,0.133260445,0.016657556,TRUE
3187,1000_radii_1,1000,L,0,8,81.90328723,0,-39.87123108,414.241394,343.3133888,-0.017000001,-1.530000083,-0.595000032,-0.00986868,0.132688129,0.016586016,TRUE
3188,1000_radii_1,1000,L,0,8,81.91993603,0,-39.90958786,414.3693542,343.3034554,-0.017000001,-1.530000083,-0.595000032,-0.009935133,0.133581619,0.016697702,TRUE
3189,1000_radii_1,1000,L,0,8,81.9368233,0,-39.94839478,414.4987488,343.2934074,-0.017000001,-1.530000083,-0.595000032,-0.010046488,0.135078819,0.016884852,TRUE
3190,1000_radii_1,1000,L,0,8,81.95355028,0,-39.98675919,414.6265564,343.2834816,-0.017000001,-1.530000083,-0.595000032,-0.009925255,0.133448803,0.0166811,TRUE
3191,1000_radii_1,1000,L,0,8,81.96998809,0,-40.02463531,414.752655,343.2736874,-0.017000001,-1.530000083,-0.595000032,-0.009793247,0.131673897,0.016459237,TRUE
3192,1000_radii_1,1000,L,0,8,81.98669665,0,-40.06316757,414.8808899,343.263731,-0.017000001,-1.530000083,-0.595000032,-0.009957764,0.133885889,0.016735736,TRUE
3193,1000_radii_1,1000,L,0,8,82.00326788,0,-40.10134125,415.007843,343.2538719,-0.017000001,-1.530000083,-0.595000032,-0.00985952,0.132564972,0.016570621,TRUE
3194,1000_radii_1,1000,L,0,8,82.02003742,0,-40.13986969,415.1358948,343.243927,-0.017000001,-1.530000083,-0.595000032,-0.00994555,0.13372168,0.01671521,TRUE
3195,1000_radii_1,1000,L,0,8,82.03679248,0,-40.17866135,415.26474,343.2345085,-0.016000001,-1.440000068,-0.560000027,-0.009418498,0.134549969,0.016818746,TRUE
3196,1000_radii_1,1000,L,0,8,82.05339721,0,-40.21684647,415.3914795,343.2252407,-0.016000001,-1.440000068,-0.560000027,-0.009266702,0.132381444,0.016547681,TRUE
3197,1000_radii_1,1000,L,0,8,82.07003364,0,-40.25537109,415.5192871,343.2158966,-0.016000001,-1.440000068,-0.560000027,-0.009343445,0.133477781,0.016684723,TRUE
3198,1000_radii_1,1000,L,0,8,82.08677662,0,-40.29400635,415.6473694,343.2071209,-0.015,-1.34999997,-0.524999988,-0.008780081,0.13379171,0.016723964,TRUE
3199,1000_radii_1,1000,L,0,8,82.10330407,0,-40.3322525,415.7741089,343.198431,-0.015,-1.34999997,-0.524999988,-0.008687215,0.132376615,0.016547077,TRUE
3200,1000_radii_1,1000,L,0,8,82.12008388,0,-40.3710556,415.9026184,343.189621,-0.015,-1.34999997,-0.524999988,-0.008809874,0.1342457,0.016780712,TRUE
3201,1000_radii_1,1000,L,0,8,82.13670068,0,-40.40936661,416.0294189,343.1809273,-0.015,-1.34999997,-0.524999988,-0.008693554,0.132473208,0.016559151,TRUE
3202,1000_radii_1,1000,L,0,8,82.15340684,0,-40.44811249,416.1575928,343.1721401,-0.015,-1.34999997,-0.524999988,-0.008787371,0.133902792,0.016737849,TRUE
3203,1000_radii_1,1000,L,0,8,82.17000553,0,-40.4866333,416.2849426,343.1634083,-0.015,-1.34999997,-0.524999988,-0.008731746,0.133055184,0.016631898,TRUE
3204,1000_radii_1,1000,L,0,8,82.18653359,0,-40.52493286,416.411499,343.1547318,-0.015,-1.34999997,-0.524999988,-0.00867739,0.132226895,0.016528362,TRUE
3205,1000_radii_1,1000,L,0,8,82.20329016,0,-40.56370544,416.5395508,343.1459503,-0.015,-1.34999997,-0.524999988,-0.008780556,0.133798954,0.016724869,TRUE
3206,1000_radii_1,1000,L,0,8,82.21999541,0,-40.60250854,416.6676331,343.1371651,-0.015,-1.34999997,-0.524999988,-0.008782775,0.133832762,0.016729095,TRUE
3207,1000_radii_1,1000,L,0,8,82.23669915,0,-40.64126968,416.7955017,343.1283989,-0.015,-1.34999997,-0.524999988,-0.008769305,0.133627501,0.016703438,TRUE
3208,1000_radii_1,1000,L,0,8,82.25331323,0,-40.67973709,416.9223328,343.1196995,-0.015,-1.34999997,-0.524999988,-0.008698308,0.132545653,0.016568207,TRUE
3209,1000_radii_1,1000,L,0,8,82.26999011,0,-40.71850967,417.0501099,343.1109371,-0.015,-1.34999997,-0.524999988,-0.008762966,0.133530907,0.016691363,TRUE
3210,1000_radii_1,1000,L,0,8,82.28663408,0,-40.75727463,417.1777954,343.1021786,-0.015,-1.34999997,-0.524999988,-0.008756468,0.133431899,0.016678987,TRUE
3211,1000_radii_1,1000,L,0,8,82.30332001,0,-40.79600143,417.3052673,343.0934353,-0.015,-1.34999997,-0.524999988,-0.008743315,0.133231467,0.016653933,TRUE
3212,1000_radii_1,1000,L,0,8,82.32005303,0,-40.83469009,417.4325562,343.0847073,-0.015,-1.34999997,-0.524999988,-0.008730795,0.133040695,0.016630087,TRUE
3213,1000_radii_1,1000,L,0,8,82.33669821,0,-40.87363052,417.5606079,343.0759239,-0.015,-1.34999997,-0.524999988,-0.008783092,0.133837592,0.016729699,TRUE
3214,1000_radii_1,1000,L,0,8,82.35335365,0,-40.91252899,417.688446,343.067152,-0.015,-1.34999997,-0.524999988,-0.008768829,0.133620256,0.016702532,TRUE
3215,1000_radii_1,1000,L,0,8,82.37002751,0,-40.95126343,417.8156738,343.0584259,-0.015,-1.34999997,-0.524999988,-0.008727784,0.132994813,0.016624352,TRUE
3216,1000_radii_1,1000,L,0,8,82.38658153,0,-40.98996735,417.942749,343.0497093,-0.015,-1.34999997,-0.524999988,-0.00871685,0.132828189,0.016603524,TRUE
3217,1000_radii_1,1000,L,0,8,82.40327802,0,-41.02890778,418.0705261,343.0409451,-0.015,-1.34999997,-0.524999988,-0.00876566,0.13357196,0.016696495,TRUE
3218,1000_radii_1,1000,L,0,8,82.4200693,0,-41.06799316,418.1987,343.0321503,-0.015,-1.34999997,-0.524999988,-0.00879371,0.133999386,0.016749923,TRUE
3219,1000_radii_1,1000,L,0,8,82.43668701,0,-41.10685349,418.3260803,343.0234108,-0.015,-1.34999997,-0.524999988,-0.008738878,0.133163852,0.016645481,TRUE
3220,1000_radii_1,1000,L,0,8,82.45331498,0,-41.14573669,418.4534607,343.0146694,-0.015,-1.34999997,-0.524999988,-0.008739511,0.133173511,0.016646689,TRUE
3221,1000_radii_1,1000,L,0,8,82.46998854,0,-41.18470764,418.5810547,343.0059185,-0.015,-1.34999997,-0.524999988,-0.00875425,0.133398091,0.016674761,TRUE
3222,1000_radii_1,1000,L,0,8,82.48657335,0,-41.22344208,418.7077942,342.997221,-0.015,-1.34999997,-0.524999988,-0.008697357,0.132531164,0.016566396,TRUE
3223,1000_radii_1,1000,L,0,8,82.50323754,0,-41.26246643,418.8354187,342.9884624,-0.015,-1.34999997,-0.524999988,-0.008758053,0.133456047,0.016682006,TRUE
3224,1000_radii_1,1000,L,0,8,82.52002309,0,-41.30173874,418.9637756,342.9796524,-0.015,-1.34999997,-0.524999988,-0.008809557,0.13424087,0.016780109,TRUE
3225,1000_radii_1,1000,L,0,8,82.53663929,0,-41.3405304,419.0904846,342.9709549,-0.015,-1.34999997,-0.524999988,-0.008697199,0.132528749,0.016566094,TRUE
3226,1000_radii_1,1000,L,0,8,82.55326153,0,-41.37958908,419.2180176,342.962204,-0.015,-1.34999997,-0.524999988,-0.008752665,0.133373943,0.016671743,TRUE
3227,1000_radii_1,1000,L,0,8,82.56998881,0,-41.41863632,419.3454285,342.9534569,-0.015,-1.34999997,-0.524999988,-0.00874585,0.133270105,0.016658763,TRUE
3228,1000_radii_1,1000,L,0,8,82.58662493,0,-41.45772552,419.4729004,342.944706,-0.015,-1.34999997,-0.524999988,-0.008750288,0.13333772,0.016667215,TRUE
3229,1000_radii_1,1000,L,0,8,82.60334316,0,-41.49698257,419.6008606,342.9359207,-0.015,-1.34999997,-0.524999988,-0.008784043,0.133852081,0.01673151,TRUE
3230,1000_radii_1,1000,L,0,8,82.61993642,0,-41.53583908,419.7274475,342.9272327,-0.015,-1.34999997,-0.524999988,-0.008690226,0.132422497,0.016552812,TRUE
3231,1000_radii_1,1000,L,0,8,82.63662266,0,-41.57518005,419.8555603,342.918438,-0.015,-1.34999997,-0.524999988,-0.008794185,0.134006631,0.016750829,TRUE
3232,1000_radii_1,1000,L,0,8,82.65334964,0,-41.61443329,419.9833069,342.909668,-0.015,-1.34999997,-0.524999988,-0.008769621,0.133632331,0.016704041,TRUE
3233,1000_radii_1,1000,L,0,8,82.66998425,0,-41.65361023,420.1107483,342.9009209,-0.015,-1.34999997,-0.524999988,-0.008748703,0.133313572,0.016664196,TRUE
3234,1000_radii_1,1000,L,0,8,82.68666596,0,-41.69285583,420.2383118,342.8921604,-0.015,-1.34999997,-0.524999988,-0.008759321,0.133475366,0.016684421,TRUE
3235,1000_radii_1,1000,L,0,8,82.70328518,0,-41.73183441,420.3649597,342.8834648,-0.015,-1.34999997,-0.524999988,-0.008695456,0.132502186,0.016562773,TRUE
3236,1000_radii_1,1000,L,0,8,82.71997745,0,-41.77124786,420.4929504,342.8746777,-0.015,-1.34999997,-0.524999988,-0.008788004,0.133912452,0.016739056,TRUE
3237,1000_radii_1,1000,L,0,8,82.73668903,0,-41.81061935,420.6207275,342.8659019,-0.015,-1.34999997,-0.524999988,-0.008774059,0.133699946,0.016712493,TRUE
3238,1000_radii_1,1000,L,0,8,82.75331338,0,-41.84968185,420.7474365,342.8572025,-0.015,-1.34999997,-0.524999988,-0.008701478,0.13259395,0.016574244,TRUE
3239,1000_radii_1,1000,L,0,8,82.77000324,0,-41.88910675,420.8752441,342.8484249,-0.015,-1.34999997,-0.524999988,-0.008777704,0.133755487,0.016719436,TRUE
3240,1000_radii_1,1000,L,0,8,82.78662699,0,-41.9283905,421.002533,342.8396816,-0.015,-1.34999997,-0.524999988,-0.008741889,0.133209734,0.016651217,TRUE
3241,1000_radii_1,1000,L,0,8,82.80327428,0,-41.96767044,421.1297302,342.8309441,-0.015,-1.34999997,-0.524999988,-0.008736342,0.133125215,0.016640652,TRUE
3242,1000_radii_1,1000,L,0,8,82.8200399,0,-42.0071373,421.2574768,342.8221722,-0.015,-1.34999997,-0.524999988,-0.008774376,0.133704776,0.016713097,TRUE
3243,1000_radii_1,1000,L,0,8,82.83661565,0,-42.04642487,421.384552,342.8134422,-0.015,-1.34999997,-0.524999988,-0.008729686,0.133023791,0.016627974,TRUE
3244,1000_radii_1,1000,L,0,8,82.8533541,0,-42.08599854,421.5124817,342.8046532,-0.015,-1.34999997,-0.524999988,-0.008788797,0.133924526,0.016740566,TRUE
3245,1000_radii_1,1000,L,0,8,82.86999747,0,-42.12520218,421.6391602,342.795948,-0.015,-1.34999997,-0.524999988,-0.00870227,0.132606024,0.016575753,TRUE
3246,1000_radii_1,1000,L,0,8,82.8866179,0,-42.16462326,421.7664795,342.7872047,-0.015,-1.34999997,-0.524999988,-0.008746643,0.133282179,0.016660272,TRUE
3247,1000_radii_1,1000,L,0,8,82.90328602,0,-42.20414352,421.894043,342.7784405,-0.015,-1.34999997,-0.524999988,-0.008764075,0.133547811,0.016693476,TRUE
3248,1000_radii_1,1000,L,0,8,82.91993452,0,-42.24359894,422.0213318,342.7696953,-0.015,-1.34999997,-0.524999988,-0.008745533,0.133265275,0.016658159,TRUE
3249,1000_radii_1,1000,L,0,9,82.93637897,0,-42.28256607,422.1469727,342.7610588,-0.015,-1.34999997,-0.524999988,-0.008633176,0.131553155,0.016444144,FALSE
3250,1000_radii_1,1000,L,0,9,82.95310625,0,-42.32220459,422.2747192,342.7522831,-0.015,-1.34999997,-0.524999988,-0.008777704,0.133755487,0.016719436,FALSE
3251,1000_radii_1,1000,L,0,9,82.96972396,0,-42.36163712,422.4017334,342.7435551,-0.015,-1.34999997,-0.524999988,-0.008727626,0.132992398,0.01662405,FALSE
3252,1000_radii_1,1000,L,0,9,82.98639088,0,-42.4011879,422.5290527,342.7348042,-0.015,-1.34999997,-0.524999988,-0.008749337,0.133323231,0.016665404,FALSE
3253,1000_radii_1,1000,L,0,9,83.00309612,0,-42.44085312,422.6566772,342.7260361,-0.015,-1.34999997,-0.524999988,-0.008770414,0.133644405,0.016705551,FALSE
3254,1000_radii_1,1000,L,0,9,83.0197561,0,-42.48040009,422.783844,342.7172966,-0.015,-1.34999997,-0.524999988,-0.008739987,0.133180756,0.016647594,FALSE
3255,1000_radii_1,1000,L,0,9,83.0364046,0,-42.52000046,422.9111023,342.7085495,-0.015,-1.34999997,-0.524999988,-0.008747118,0.133289424,0.016661178,FALSE
3256,1000_radii_1,1000,L,0,9,83.05307392,0,-42.55963516,423.0384216,342.6997986,-0.015,-1.34999997,-0.524999988,-0.008751239,0.133352209,0.016669026,FALSE
3257,1000_radii_1,1000,L,0,9,83.06977223,0,-42.5993576,423.1659546,342.6910305,-0.015,-1.34999997,-0.524999988,-0.00876566,0.13357196,0.016696495,FALSE
3258,1000_radii_1,1000,L,0,9,83.08646329,0,-42.63909149,423.293457,342.6822662,-0.015,-1.34999997,-0.524999988,-0.008763758,0.133542982,0.016692873,FALSE
3259,1000_radii_1,1000,L,0,9,83.10319571,0,-42.67893982,423.4212646,342.6734829,-0.015,-1.34999997,-0.524999988,-0.008784677,0.13386174,0.016732718,FALSE
3260,1000_radii_1,1000,L,0,9,83.1197624,0,-42.71835709,423.5476074,342.6647987,-0.015,-1.34999997,-0.524999988,-0.00868563,0.132352466,0.016544058,FALSE
3261,1000_radii_1,1000,L,0,9,83.13643083,0,-42.75814056,423.6750488,342.6560345,-0.015,-1.34999997,-0.524999988,-0.008761856,0.133514003,0.01668925,FALSE
3262,1000_radii_1,1000,L,0,9,83.15308687,0,-42.79786301,423.8022461,342.6472912,-0.015,-1.34999997,-0.524999988,-0.008744424,0.133248371,0.016656046,FALSE
3263,1000_radii_1,1000,L,0,9,83.16970639,0,-42.83751678,423.9291382,342.6385651,-0.015,-1.34999997,-0.524999988,-0.008724932,0.132951346,0.016618918,FALSE
3264,1000_radii_1,1000,L,0,9,83.18640923,0,-42.87739563,424.0567017,342.6297951,-0.015,-1.34999997,-0.524999988,-0.008769938,0.13363716,0.016704645,FALSE
3265,1000_radii_1,1000,L,0,9,83.20307373,0,-42.91719818,424.1839294,342.621048,-0.015,-1.34999997,-0.524999988,-0.008748861,0.133315987,0.016664498,FALSE
3266,1000_radii_1,1000,L,0,9,83.21981761,0,-42.95718384,424.311676,342.6122627,-0.015,-1.34999997,-0.524999988,-0.008784835,0.133864155,0.016733019,FALSE
3267,1000_radii_1,1000,L,0,9,83.23639246,0,-42.99683762,424.4382935,342.6035557,-0.015,-1.34999997,-0.524999988,-0.008707658,0.132688129,0.016586016,FALSE
3268,1000_radii_1,1000,L,0,9,83.25306601,0,-43.03672028,424.5655823,342.594799,-0.015,-1.34999997,-0.524999988,-0.008753933,0.133393262,0.016674158,FALSE
3269,1000_radii_1,1000,L,0,9,83.26975406,0,-43.07664871,424.6929626,342.5860424,-0.015,-1.34999997,-0.524999988,-0.008759955,0.133485025,0.016685628,FALSE
3270,1000_radii_1,1000,L,0,9,83.28645146,0,-43.11663055,424.8204346,342.5772743,-0.015,-1.34999997,-0.524999988,-0.008767403,0.133598523,0.016699815,FALSE
3271,1000_radii_1,1000,L,0,9,83.30312109,0,-43.15655899,424.9476624,342.5685215,-0.015,-1.34999997,-0.524999988,-0.008751555,0.133357039,0.01666963,FALSE
3272,1000_radii_1,1000,L,0,9,83.31984837,0,-43.19644928,425.074707,342.559782,-0.015,-1.34999997,-0.524999988,-0.008738878,0.133163852,0.016645481,FALSE
3273,1000_radii_1,1000,L,0,9,83.33645914,0,-43.23647308,425.2021179,342.5510197,-0.015,-1.34999997,-0.524999988,-0.008763599,0.133540567,0.016692571,FALSE
3274,1000_radii_1,1000,L,0,9,83.35324408,0,-43.27671814,425.3301392,342.5422115,-0.015,-1.34999997,-0.524999988,-0.008807655,0.134211892,0.016776486,FALSE
3275,1000_radii_1,1000,L,0,9,83.36980051,0,-43.31642532,425.4563904,342.5335255,-0.015,-1.34999997,-0.524999988,-0.00868563,0.132352466,0.016544058,FALSE
3276,1000_radii_1,1000,L,0,9,83.38637687,0,-43.35627747,425.5830383,342.5248146,-0.015,-1.34999997,-0.524999988,-0.008713046,0.132770233,0.016596279,FALSE
3277,1000_radii_1,1000,L,0,9,83.40308574,0,-43.39641953,425.7105408,342.5160408,-0.015,-1.34999997,-0.524999988,-0.008772633,0.133678213,0.016709777,FALSE
3278,1000_radii_1,1000,L,0,9,83.41968323,0,-43.43630981,425.8371887,342.5073261,-0.015,-1.34999997,-0.524999988,-0.008713363,0.132775063,0.016596883,FALSE
3279,1000_radii_1,1000,L,0,9,83.43639149,0,-43.47649002,425.9646912,342.4985542,-0.015,-1.34999997,-0.524999988,-0.008772157,0.133670968,0.016708871,FALSE
3280,1000_radii_1,1000,L,0,9,83.45307139,0,-43.51662064,426.0919495,342.4897995,-0.015,-1.34999997,-0.524999988,-0.008757102,0.133441558,0.016680195,FALSE
3281,1000_radii_1,1000,L,0,9,83.46967038,0,-43.55657196,426.2185669,342.4810829,-0.015,-1.34999997,-0.524999988,-0.008713997,0.132784722,0.01659809,FALSE
3282,1000_radii_1,1000,L,0,9,83.48645834,0,-43.59700012,426.3466492,342.472271,-0.015,-1.34999997,-0.524999988,-0.008813836,0.134306071,0.016788259,FALSE
3283,1000_radii_1,1000,L,0,9,83.50313371,0,-43.63717651,426.4738464,342.4635162,-0.015,-1.34999997,-0.524999988,-0.008754408,0.133400506,0.016675063,FALSE
3284,1000_radii_1,1000,L,0,9,83.51966177,0,-43.67701721,426.5999146,342.4548378,-0.015,-1.34999997,-0.524999988,-0.008677073,0.132222065,0.016527758,FALSE
3285,1000_radii_1,1000,L,0,9,83.53643252,0,-43.71745682,426.7278137,342.4460335,-0.015,-1.34999997,-0.524999988,-0.008803376,0.134146691,0.016768336,FALSE
3286,1000_radii_1,1000,L,0,9,83.55303604,0,-43.7575264,426.8544922,342.437315,-0.015,-1.34999997,-0.524999988,-0.008718276,0.132849923,0.01660624,FALSE
3287,1000_radii_1,1000,L,0,9,83.56976423,0,-43.79790497,426.9820557,342.4285374,-0.015,-1.34999997,-0.524999988,-0.008781349,0.133811029,0.016726379,FALSE
3288,1000_radii_1,1000,L,0,9,83.58642812,0,-43.83815384,427.1091614,342.4197865,-0.015,-1.34999997,-0.524999988,-0.008749337,0.133323231,0.016665404,FALSE
3289,1000_radii_1,1000,L,0,9,83.60311888,0,-43.87848663,427.2364502,342.4110241,-0.015,-1.34999997,-0.524999988,-0.008762966,0.133530907,0.016691363,FALSE
3290,1000_radii_1,1000,L,0,9,83.6197529,0,-43.91869736,427.3632813,342.4022923,-0.015,-1.34999997,-0.524999988,-0.008732539,0.133067258,0.016633407,FALSE
3291,1000_radii_1,1000,L,0,9,83.63638872,0,-43.95893478,427.4901428,342.3935566,-0.015,-1.34999997,-0.524999988,-0.008734282,0.133093822,0.016636728,FALSE
3292,1000_radii_1,1000,L,0,9,83.65310332,0,-43.9993782,427.6175842,342.3847809,-0.015,-1.34999997,-0.524999988,-0.008774693,0.133709605,0.016713701,FALSE
3293,1000_radii_1,1000,L,0,9,83.66972707,0,-44.03961563,427.7442932,342.3760548,-0.015,-1.34999997,-0.524999988,-0.008725249,0.132956176,0.016619522,FALSE
3294,1000_radii_1,1000,L,0,9,83.68637165,0,-44.07993698,427.8712158,342.3673172,-0.015,-1.34999997,-0.524999988,-0.00873967,0.133175926,0.016646991,FALSE
3295,1000_radii_1,1000,L,0,9,83.70309984,0,-44.1204834,427.9987793,342.358532,-0.015,-1.34999997,-0.524999988,-0.008783884,0.133849666,0.016731208,FALSE
3296,1000_radii_1,1000,L,0,9,83.71976796,0,-44.16088867,428.1258545,342.3497849,-0.015,-1.34999997,-0.524999988,-0.008749812,0.133330476,0.016666309,FALSE
3297,1000_radii_1,1000,L,0,9,83.73636394,0,-44.20114899,428.2523804,342.3410702,-0.015,-1.34999997,-0.524999988,-0.008713997,0.132784722,0.01659809,FALSE
3298,1000_radii_1,1000,L,0,9,83.75304564,0,-44.24163055,428.3795471,342.3323097,-0.015,-1.34999997,-0.524999988,-0.008757577,0.133448803,0.0166811,FALSE
3299,1000_radii_1,1000,L,0,9,83.76975783,0,-44.28220749,428.5069275,342.3235359,-0.015,-1.34999997,-0.524999988,-0.0087739,0.133697531,0.016712191,FALSE
3300,1000_radii_1,1000,L,0,9,83.78635381,0,-44.32252121,428.6334229,342.3148251,-0.015,-1.34999997,-0.524999988,-0.008712888,0.132767818,0.016595977,FALSE
3301,1000_radii_1,1000,L,0,9,83.80303732,0,-44.36306763,428.7605896,342.3060646,-0.015,-1.34999997,-0.524999988,-0.008759004,0.133470536,0.016683817,FALSE
3302,1000_radii_1,1000,L,0,9,83.81976159,0,-44.40372849,428.8880615,342.297287,-0.015,-1.34999997,-0.524999988,-0.008779764,0.13378688,0.01672336,FALSE
3303,1000_radii_1,1000,L,0,9,83.83644601,0,-44.44431686,429.0152283,342.2885246,-0.015,-1.34999997,-0.524999988,-0.008759638,0.133480196,0.016685024,FALSE
3304,1000_radii_1,1000,L,0,9,83.85303776,0,-44.48469925,429.1416626,342.2798157,-0.015,-1.34999997,-0.524999988,-0.008710828,0.132736426,0.016592053,FALSE
3305,1000_radii_1,1000,L,0,9,83.86975418,0,-44.52539063,429.2690125,342.2710419,-0.015,-1.34999997,-0.524999988,-0.008773583,0.133692702,0.016711588,FALSE
3306,1000_radii_1,1000,L,0,9,83.88643377,0,-44.56602478,429.3961182,342.2622833,-0.015,-1.34999997,-0.524999988,-0.008757102,0.133441558,0.016680195,FALSE
3307,1000_radii_1,1000,L,0,9,83.90311306,0,-44.60668564,429.5232544,342.2535267,-0.015,-1.34999997,-0.524999988,-0.008758845,0.133468122,0.016683515,FALSE
3308,1000_radii_1,1000,L,0,9,83.91966436,0,-44.64704514,429.649353,342.2448349,-0.015,-1.34999997,-0.524999988,-0.008689434,0.132410422,0.016551303,FALSE
3309,1000_radii_1,1000,L,0,9,83.93636478,0,-44.6877861,429.7765808,342.2360706,-0.015,-1.34999997,-0.524999988,-0.008767403,0.133598523,0.016699815,FALSE
3310,1000_radii_1,1000,L,0,9,83.95335468,0,-44.72923279,429.9059448,342.2271538,-0.015,-1.34999997,-0.524999988,-0.008914942,0.135846737,0.016980842,TRUE
3311,1000_radii_1,1000,L,0,9,83.97003216,0,-44.76973343,430.0322876,342.2184467,-0.015,-1.34999997,-0.524999988,-0.008707024,0.132678469,0.016584809,TRUE
3312,1000_radii_1,1000,L,0,9,83.98663145,0,-44.81053162,430.1595154,342.2096786,-0.015,-1.34999997,-0.524999988,-0.008767244,0.133596108,0.016699514,TRUE
3313,1000_radii_1,1000,L,0,9,84.00334938,0,-44.85139465,430.2868652,342.2009029,-0.015,-1.34999997,-0.524999988,-0.008777228,0.133748243,0.01671853,TRUE
3314,1000_radii_1,1000,L,0,9,84.02005855,0,-44.89194107,430.413147,342.1921978,-0.015,-1.34999997,-0.524999988,-0.008704647,0.132642247,0.016580281,TRUE
3315,1000_radii_1,1000,L,0,9,84.03659567,0,-44.93272018,430.5401001,342.1834488,-0.015,-1.34999997,-0.524999988,-0.008750605,0.13334255,0.016667819,TRUE
3316,1000_radii_1,1000,L,0,9,84.05405344,0,-44.97542572,430.6729736,342.1742878,-0.015,-1.34999997,-0.524999988,-0.009159784,0.139577663,0.017447208,TRUE
3317,1000_radii_1,1000,L,0,9,84.06995515,0,-45.014328,430.7939453,342.1659489,-0.015,-1.34999997,-0.524999988,-0.008339524,0.127078459,0.015884807,TRUE
3318,1000_radii_1,1000,L,0,9,84.08659098,0,-45.0550766,430.9205933,342.157217,-0.015,-1.34999997,-0.524999988,-0.008731588,0.133052769,0.016631596,TRUE
3319,1000_radii_1,1000,L,0,9,84.10327238,0,-45.09602356,431.0477905,342.148447,-0.015,-1.34999997,-0.524999988,-0.008770097,0.133639575,0.016704947,TRUE
3320,1000_radii_1,1000,L,0,9,84.11992933,0,-45.13689041,431.1746826,342.1396999,-0.015,-1.34999997,-0.524999988,-0.008748228,0.133306327,0.016663291,TRUE
3321,1000_radii_1,1000,L,0,9,84.1366385,0,-45.17781067,431.3016663,342.1309433,-0.015,-1.34999997,-0.524999988,-0.008755517,0.13341741,0.016677176,TRUE
3322,1000_radii_1,1000,L,0,9,84.15328097,0,-45.21874619,431.4286499,342.1221886,-0.015,-1.34999997,-0.524999988,-0.008754725,0.133405336,0.016675667,TRUE
3323,1000_radii_1,1000,L,0,9,84.16999104,0,-45.25976563,431.5558167,342.1134205,-0.015,-1.34999997,-0.524999988,-0.008768829,0.133620256,0.016702532,TRUE
3324,1000_radii_1,1000,L,0,9,84.18662566,0,-45.30051422,431.6820679,342.1047134,-0.015,-1.34999997,-0.524999988,-0.008706549,0.132671225,0.016583903,TRUE
3325,1000_radii_1,1000,L,0,9,84.20325876,0,-45.341465,431.8088989,342.0959663,-0.015,-1.34999997,-0.524999988,-0.008746009,0.13327252,0.016659065,TRUE
3326,1000_radii_1,1000,L,0,9,84.21992175,0,-45.3825264,431.9360046,342.0872021,-0.015,-1.34999997,-0.524999988,-0.00876566,0.13357196,0.016696495,TRUE
3327,1000_radii_1,1000,L,0,9,84.2365446,0,-45.42333984,432.0622559,342.0784912,-0.015,-1.34999997,-0.524999988,-0.008708292,0.132697788,0.016587224,TRUE
3328,1000_radii_1,1000,L,0,9,84.25321453,0,-45.46438217,432.1891785,342.0697403,-0.015,-1.34999997,-0.524999988,-0.00875314,0.133381187,0.016672648,TRUE
3329,1000_radii_1,1000,L,0,9,84.26991887,0,-45.5055809,432.3164978,342.060957,-0.015,-1.34999997,-0.524999988,-0.008781982,0.133820688,0.016727586,TRUE
3330,1000_radii_1,1000,L,0,9,84.28651243,0,-45.54647064,432.4428101,342.0522461,-0.015,-1.34999997,-0.524999988,-0.008712412,0.132760574,0.016595072,TRUE
3331,1000_radii_1,1000,L,0,9,84.30324092,0,-45.58766174,432.5699768,342.0434742,-0.015,-1.34999997,-0.524999988,-0.008772633,0.133678213,0.016709777,TRUE
3332,1000_radii_1,1000,L,0,9,84.31996006,0,-45.62895203,432.6973877,342.0346851,-0.015,-1.34999997,-0.524999988,-0.008789114,0.133929356,0.016741169,TRUE
3333,1000_radii_1,1000,L,0,9,84.33653008,0,-45.66984177,432.8234863,342.0259819,-0.015,-1.34999997,-0.524999988,-0.008700052,0.132572216,0.016571527,TRUE
3334,1000_radii_1,1000,L,0,9,84.35325313,0,-45.71107864,432.950592,342.0172138,-0.015,-1.34999997,-0.524999988,-0.008769305,0.133627501,0.016703438,TRUE
3335,1000_radii_1,1000,L,0,9,84.36983311,0,-45.75203323,433.0767822,342.0085068,-0.015,-1.34999997,-0.524999988,-0.008705757,0.132659151,0.016582394,TRUE
3336,1000_radii_1,1000,L,0,9,84.38653172,0,-45.79332733,433.203949,341.9997349,-0.015,-1.34999997,-0.524999988,-0.008773425,0.133690287,0.016711286,TRUE
3337,1000_radii_1,1000,L,0,9,84.40324391,0,-45.83447647,433.3305969,341.9909954,-0.015,-1.34999997,-0.524999988,-0.008738719,0.133161437,0.01664518,TRUE
3338,1000_radii_1,1000,L,0,9,84.420037,0,-45.876194,433.4589233,341.9815502,-0.016000001,-1.440000068,-0.560000027,-0.009445883,0.134941173,0.016867647,TRUE
3339,1000_radii_1,1000,L,0,9,84.43662241,0,-45.91722488,433.585083,341.9722652,-0.016000001,-1.440000068,-0.560000027,-0.009285634,0.132651906,0.016581488,TRUE
3340,1000_radii_1,1000,L,0,9,84.45320662,0,-45.95821762,433.7110291,341.9629936,-0.016000001,-1.440000068,-0.560000027,-0.009272111,0.132458719,0.01655734,TRUE
3341,1000_radii_1,1000,L,0,9,84.46990764,0,-45.99965668,433.8382874,341.9536247,-0.016000001,-1.440000068,-0.560000027,-0.009368125,0.133830347,0.016728793,TRUE
3342,1000_radii_1,1000,L,0,9,84.48657274,0,-46.04096603,433.9650879,341.9442883,-0.016000001,-1.440000068,-0.560000027,-0.009334486,0.133349794,0.016668724,TRUE
3343,1000_radii_1,1000,L,0,9,84.50315242,0,-46.08200836,434.0910034,341.9350204,-0.016000001,-1.440000068,-0.560000027,-0.009269575,0.132422497,0.016552812,TRUE
3344,1000_radii_1,1000,L,0,9,84.51984922,0,-46.12342453,434.2179871,341.9256725,-0.016000001,-1.440000068,-0.560000027,-0.009349361,0.1335623,0.016695288,TRUE
3345,1000_radii_1,1000,L,0,9,84.53655839,0,-46.1649437,434.3452148,341.9163017,-0.016000001,-1.440000068,-0.560000027,-0.009368125,0.133830347,0.016728793,TRUE
3346,1000_radii_1,1000,L,0,9,84.55324311,0,-46.20623779,434.4716797,341.906992,-0.016000001,-1.440000068,-0.560000027,-0.009312511,0.133035865,0.016629483,TRUE
3347,1000_radii_1,1000,L,0,9,84.56989222,0,-46.24750137,434.5979919,341.8976898,-0.016000001,-1.440000068,-0.560000027,-0.009301185,0.132874071,0.016609259,TRUE
3348,1000_radii_1,1000,L,0,9,84.5865054,0,-46.28905106,434.7250977,341.8883286,-0.016000001,-1.440000068,-0.560000027,-0.009361025,0.133728924,0.016716116,TRUE
3349,1000_radii_1,1000,L,0,9,84.60323238,0,-46.3306427,434.8522644,341.8789635,-0.016000001,-1.440000068,-0.560000027,-0.009365758,0.13379654,0.016724567,TRUE
3350,1000_radii_1,1000,L,0,9,84.61996842,0,-46.37189865,434.9783325,341.8696785,-0.016000001,-1.440000068,-0.560000027,-0.009285296,0.132647076,0.016580885,TRUE
3351,1000_radii_1,1000,L,0,9,84.63657979,0,-46.41363525,435.1058044,341.8602886,-0.016000001,-1.440000068,-0.560000027,-0.009389086,0.134129787,0.016766223,TRUE
3352,1000_radii_1,1000,L,0,9,84.65322739,0,-46.45508575,435.2323303,341.8509674,-0.016000001,-1.440000068,-0.560000027,-0.009319949,0.133142118,0.016642765,TRUE
3353,1000_radii_1,1000,L,0,9,84.66999934,0,-46.49671173,435.359314,341.8416157,-0.016000001,-1.440000068,-0.560000027,-0.009354095,0.133629916,0.016703739,TRUE
3354,1000_radii_1,1000,L,0,9,84.68662702,0,-46.53826141,435.4859924,341.832283,-0.016000001,-1.440000068,-0.560000027,-0.009332458,0.133320816,0.016665102,TRUE
3355,1000_radii_1,1000,L,0,9,84.70326435,0,-46.57984924,435.6127319,341.8229465,-0.016000001,-1.440000068,-0.560000027,-0.009336684,0.133381187,0.016672648,TRUE
3356,1000_radii_1,1000,L,0,9,84.71992915,0,-46.62144852,435.7394409,341.8136082,-0.016000001,-1.440000068,-0.560000027,-0.009334824,0.133354624,0.016669328,TRUE
3357,1000_radii_1,1000,L,0,9,84.73654505,0,-46.66284943,435.8654785,341.8043251,-0.016000001,-1.440000068,-0.560000027,-0.009285803,0.132654321,0.01658179,TRUE
3358,1000_radii_1,1000,L,0,9,84.75322464,0,-46.7045784,435.9924316,341.7949715,-0.016000001,-1.440000068,-0.560000027,-0.009354095,0.133629916,0.016703739,TRUE
3359,1000_radii_1,1000,L,0,9,84.76989608,0,-46.74625778,436.1191711,341.7856331,-0.016000001,-1.440000068,-0.560000027,-0.009338543,0.133407751,0.016675969,TRUE
3360,1000_radii_1,1000,L,0,9,84.78651319,0,-46.78777313,436.2453308,341.7763348,-0.016000001,-1.440000068,-0.560000027,-0.009296959,0.1328137,0.016601713,TRUE
3361,1000_radii_1,1000,L,0,9,84.80322387,0,-46.82962799,436.372467,341.766964,-0.016000001,-1.440000068,-0.560000027,-0.00936897,0.133842422,0.016730303,TRUE
3362,1000_radii_1,1000,L,0,9,84.81983826,0,-46.87118912,436.4986267,341.7576675,-0.016000001,-1.440000068,-0.560000027,-0.009298143,0.132830604,0.016603826,TRUE
3363,1000_radii_1,1000,L,0,9,84.83656554,0,-46.91298294,436.6254272,341.7483215,-0.016000001,-1.440000068,-0.560000027,-0.00934615,0.133516418,0.016689552,TRUE
3364,1000_radii_1,1000,L,0,9,84.85321465,0,-46.95473862,436.7520447,341.7389889,-0.016000001,-1.440000068,-0.560000027,-0.009332627,0.133323231,0.016665404,TRUE
3365,1000_radii_1,1000,L,0,9,84.86993227,0,-46.99671936,436.8792725,341.7296085,-0.016000001,-1.440000068,-0.560000027,-0.009378605,0.133980067,0.016747508,TRUE
3366,1000_radii_1,1000,L,0,9,84.88653217,0,-47.03833771,437.0053406,341.7203159,-0.016000001,-1.440000068,-0.560000027,-0.009292733,0.132753329,0.016594166,TRUE
3367,1000_radii_1,1000,L,0,9,84.90327455,0,-47.08028793,437.1323242,341.7109566,-0.016000001,-1.440000068,-0.560000027,-0.009362039,0.133743413,0.016717927,TRUE
3368,1000_radii_1,1000,L,0,9,84.91995535,0,-47.12222672,437.2592163,341.701601,-0.016000001,-1.440000068,-0.560000027,-0.00935494,0.13364199,0.016705249,TRUE
3369,1000_radii_1,1000,L,0,9,84.9365625,0,-47.16394043,437.3853455,341.6923008,-0.016000001,-1.440000068,-0.560000027,-0.009300171,0.132859582,0.016607448,TRUE
3370,1000_radii_1,1000,L,0,9,84.95327257,0,-47.20578384,437.5118103,341.6829758,-0.016000001,-1.440000068,-0.560000027,-0.009324682,0.133209734,0.016651217,TRUE
3371,1000_radii_1,1000,L,0,9,84.96992107,0,-47.24778366,437.6386719,341.6736221,-0.016000001,-1.440000068,-0.560000027,-0.009354771,0.133639575,0.016704947,TRUE
3372,1000_radii_1,1000,L,0,9,84.9865086,0,-47.28953171,437.7647095,341.6643257,-0.016000001,-1.440000068,-0.560000027,-0.009294593,0.132779893,0.016597487,TRUE
3373,1000_radii_1,1000,L,0,9,85.00320811,0,-47.33144379,437.8911743,341.6550007,-0.016000001,-1.440000068,-0.560000027,-0.009326203,0.133231467,0.016653933,TRUE
3374,1000_radii_1,1000,L,0,9,85.0199517,0,-47.37370682,438.0186462,341.6461887,-0.015,-1.34999997,-0.524999988,-0.008812409,0.134284337,0.016785542,TRUE
3375,1000_radii_1,1000,L,0,9,85.03651326,0,-47.41543579,438.1444092,341.6374912,-0.015,-1.34999997,-0.524999988,-0.008696565,0.13251909,0.016564886,TRUE
3376,1000_radii_1,1000,L,0,9,85.05325353,0,-47.45744324,438.2709656,341.6287403,-0.015,-1.34999997,-0.524999988,-0.00875108,0.133349794,0.016668724,TRUE
3377,1000_radii_1,1000,L,0,9,85.06993372,0,-47.49965668,438.3980713,341.6199512,-0.015,-1.34999997,-0.524999988,-0.008789589,0.1339366,0.016742075,TRUE
3378,1000_radii_1,1000,L,0,9,85.0865143,0,-47.54148483,438.5239563,341.6112442,-0.015,-1.34999997,-0.524999988,-0.008705757,0.132659151,0.016582394,TRUE
3379,1000_radii_1,1000,L,0,9,85.10324612,0,-47.58366013,438.6508179,341.6024723,-0.015,-1.34999997,-0.524999988,-0.008773266,0.133687872,0.016710984,TRUE
3380,1000_radii_1,1000,L,0,9,85.11984813,0,-47.62564087,438.7770386,341.5937424,-0.015,-1.34999997,-0.524999988,-0.008729369,0.133018962,0.01662737,TRUE
3381,1000_radii_1,1000,L,0,9,85.1365407,0,-47.66779327,438.903717,341.5849819,-0.015,-1.34999997,-0.524999988,-0.008760905,0.133499514,0.016687439,TRUE
3382,1000_radii_1,1000,L,0,9,85.15328519,0,-47.70995331,439.0303345,341.5762215,-0.015,-1.34999997,-0.524999988,-0.00875837,0.133460877,0.01668261,TRUE
3383,1000_radii_1,1000,L,0,9,85.16990441,0,-47.75202942,439.1566467,341.5674839,-0.015,-1.34999997,-0.524999988,-0.008736817,0.133132459,0.016641557,TRUE
3384,1000_radii_1,1000,L,0,9,85.18645149,0,-47.79399872,439.2825623,341.5587749,-0.015,-1.34999997,-0.524999988,-0.008710511,0.132731596,0.016591449,TRUE
3385,1000_radii_1,1000,L,0,9,85.20325303,0,-47.83652878,439.4100952,341.5499535,-0.015,-1.34999997,-0.524999988,-0.008823027,0.134446131,0.016805766,TRUE
3386,1000_radii_1,1000,L,0,9,85.21985414,0,-47.87847137,439.5357971,341.541256,-0.015,-1.34999997,-0.524999988,-0.008697041,0.132526335,0.016565792,TRUE
3387,1000_radii_1,1000,L,0,9,85.23656029,0,-47.92085648,439.6627808,341.5324707,-0.015,-1.34999997,-0.524999988,-0.008784677,0.13386174,0.016732718,TRUE
3388,1000_radii_1,1000,L,0,9,85.2532758,0,-47.96322632,439.7896423,341.5236912,-0.015,-1.34999997,-0.524999988,-0.008777545,0.133753073,0.016719134,TRUE
3389,1000_radii_1,1000,L,0,9,85.26987571,0,-48.00511551,439.9150085,341.5150204,-0.015,-1.34999997,-0.524999988,-0.008674062,0.132176183,0.016522023,TRUE
3390,1000_radii_1,1000,L,0,9,85.28650006,0,-48.04748154,440.041748,341.5062504,-0.015,-1.34999997,-0.524999988,-0.008769305,0.133627501,0.016703438,TRUE
3391,1000_radii_1,1000,L,0,9,85.30321255,0,-48.08989334,440.1685486,341.4974785,-0.015,-1.34999997,-0.524999988,-0.008774217,0.133702361,0.016712795,TRUE
3392,1000_radii_1,1000,L,0,9,85.31987946,0,-48.13207245,440.2945862,341.4887524,-0.015,-1.34999997,-0.524999988,-0.008722713,0.132917538,0.016614692,TRUE
3393,1000_radii_1,1000,L,0,9,85.33649929,0,-48.17437363,440.420929,341.480011,-0.015,-1.34999997,-0.524999988,-0.008743315,0.133231467,0.016653933,TRUE
3394,1000_radii_1,1000,L,0,9,85.35327034,0,-48.21680832,440.5476074,341.4712429,-0.015,-1.34999997,-0.524999988,-0.008767086,0.133593693,0.016699212,TRUE
3395,1000_radii_1,1000,L,0,9,85.36990224,0,-48.25930786,440.674408,341.4624672,-0.015,-1.34999997,-0.524999988,-0.008776911,0.133743413,0.016717927,TRUE
3396,1000_radii_1,1000,L,0,9,85.38654893,0,-48.30158615,440.8004761,341.4537392,-0.015,-1.34999997,-0.524999988,-0.008726834,0.132980324,0.016622541,TRUE
3397,1000_radii_1,1000,L,0,9,85.40319079,0,-48.34399033,440.9268799,341.4449921,-0.015,-1.34999997,-0.524999988,-0.00874902,0.133318402,0.0166648,TRUE
3398,1000_radii_1,1000,L,0,9,85.41985438,0,-48.38638687,441.0531921,341.4362469,-0.015,-1.34999997,-0.524999988,-0.008743315,0.133231467,0.016653933,TRUE
3399,1000_radii_1,1000,L,0,9,85.4364733,0,-48.4286232,441.1789551,341.4275398,-0.015,-1.34999997,-0.524999988,-0.008706074,0.13266398,0.016582998,TRUE
3400,1000_radii_1,1000,L,0,9,85.45319424,0,-48.47134399,441.3060913,341.4187393,-0.015,-1.34999997,-0.524999988,-0.008802426,0.134132202,0.016766525,TRUE
3401,1000_radii_1,1000,L,0,9,85.46981709,0,-48.51372528,441.4321594,341.4100094,-0.015,-1.34999997,-0.524999988,-0.008728418,0.133004473,0.016625559,TRUE
3402,1000_radii_1,1000,L,0,9,85.48646981,0,-48.55610657,441.5581665,341.4012833,-0.015,-1.34999997,-0.524999988,-0.008724615,0.132946516,0.016618315,TRUE
3403,1000_radii_1,1000,L,0,9,85.50312103,0,-48.59864426,441.6845703,341.3925323,-0.015,-1.34999997,-0.524999988,-0.008752665,0.133373943,0.016671743,TRUE
3404,1000_radii_1,1000,L,0,9,85.51980575,0,-48.6412735,441.8111877,341.3837662,-0.015,-1.34999997,-0.524999988,-0.008767561,0.133600938,0.016700117,TRUE
3405,1000_radii_1,1000,L,0,9,85.53649742,0,-48.68372345,441.9371948,341.3750362,-0.015,-1.34999997,-0.524999988,-0.008726517,0.132975495,0.016621937,TRUE
3406,1000_radii_1,1000,L,0,9,85.55321202,0,-48.72657013,442.0643311,341.3662338,-0.015,-1.34999997,-0.524999988,-0.008803852,0.134153936,0.016769242,TRUE
3407,1000_radii_1,1000,L,0,9,85.56990308,0,-48.76921082,442.1907959,341.3574772,-0.015,-1.34999997,-0.524999988,-0.008757577,0.133448803,0.0166811,TRUE
3408,1000_radii_1,1000,L,0,9,85.58655279,0,-48.81184387,442.3171692,341.3487244,-0.015,-1.34999997,-0.524999988,-0.008752348,0.133369113,0.016671139,TRUE
3409,1000_radii_1,1000,L,0,9,85.60319012,0,-48.85430145,442.4429626,341.3400097,-0.015,-1.34999997,-0.524999988,-0.008712571,0.132762989,0.016595374,TRUE
3410,1000_radii_1,1000,L,0,9,85.61984104,0,-48.89697647,442.5693359,341.3312588,-0.015,-1.34999997,-0.524999988,-0.008752982,0.133378773,0.016672347,TRUE
3411,1000_radii_1,1000,L,0,9,85.63649678,0,-48.93968201,442.6957397,341.3225021,-0.015,-1.34999997,-0.524999988,-0.008755042,0.133410165,0.016676271,TRUE
3412,1000_radii_1,1000,L,0,9,85.65313774,0,-48.98233795,442.8219299,341.3137608,-0.015,-1.34999997,-0.524999988,-0.008741413,0.133202489,0.016650311,TRUE
3413,1000_radii_1,1000,L,0,9,85.66991966,0,-49.02532196,442.9490356,341.3055458,-0.014,-1.260000039,-0.490000015,-0.00821752,0.134163595,0.016770449,TRUE
3414,1000_radii_1,1000,L,0,9,85.68651593,0,-49.06790161,443.0748901,341.2974091,-0.014,-1.260000039,-0.490000015,-0.008137058,0.132849923,0.01660624,TRUE
3415,1000_radii_1,1000,L,0,9,85.70325348,0,-49.1108284,443.2016907,341.289793,-0.013,-1.170000024,-0.455000009,-0.007614073,0.133873814,0.016734227,TRUE
3416,1000_radii_1,1000,L,0,9,85.7199367,0,-49.15345383,443.3275452,341.2822361,-0.013,-1.170000024,-0.455000009,-0.007557213,0.132874071,0.016609259,TRUE
3417,1000_radii_1,1000,L,0,9,85.73654294,0,-49.19621658,443.4537659,341.2746563,-0.013,-1.170000024,-0.455000009,-0.007578913,0.133255616,0.016656952,TRUE
3418,1000_radii_1,1000,L,0,9,85.75329195,0,-49.23929977,443.5808716,341.2676105,-0.012,-1.080000009,-0.420000004,-0.007045617,0.134202232,0.016775279,TRUE
3419,1000_radii_1,1000,L,0,9,85.76990514,0,-49.28182602,443.7062683,341.2612381,-0.011,-0.989999995,-0.384999998,-0.0063726,0.132417667,0.016552208,TRUE
3420,1000_radii_1,1000,L,0,9,85.78647787,0,-49.32455063,443.8322144,341.2548389,-0.011,-0.989999995,-0.384999998,-0.006400143,0.132989984,0.016623748,TRUE
3421,1000_radii_1,1000,L,0,9,85.80320576,0,-49.36743546,443.9585876,341.2489986,-0.01,-0.89999998,-0.349999992,-0.005838596,0.133453633,0.016681704,TRUE
3422,1000_radii_1,1000,L,0,9,85.81978513,0,-49.41021729,444.0845947,341.2431793,-0.01,-0.89999998,-0.349999992,-0.005822432,0.133084162,0.01663552,TRUE
3423,1000_radii_1,1000,L,0,9,85.83654321,0,-49.45315552,444.2110291,341.2373371,-0.01,-0.89999998,-0.349999992,-0.005841871,0.133528493,0.016691062,TRUE
3424,1000_radii_1,1000,L,0,9,85.85318507,0,-49.49608231,444.3374023,341.2314968,-0.01,-0.89999998,-0.349999992,-0.005839019,0.133463292,0.016682911,TRUE
3425,1000_radii_1,1000,L,0,9,85.86987703,0,-49.53889465,444.4633789,341.2256756,-0.01,-0.89999998,-0.349999992,-0.005821692,0.133067258,0.016633407,TRUE
3426,1000_radii_1,1000,L,0,9,85.88647392,0,-49.58184433,444.5897217,341.2198353,-0.01,-0.89999998,-0.349999992,-0.005838596,0.133453633,0.016681704,TRUE
3427,1000_radii_1,1000,L,0,9,85.90327515,0,-49.62493896,444.7164612,341.2139797,-0.01,-0.89999998,-0.349999992,-0.005856134,0.133854496,0.016731812,TRUE
3428,1000_radii_1,1000,L,0,9,85.91979657,0,-49.66753387,444.8416748,341.2081947,-0.01,-0.89999998,-0.349999992,-0.005786828,0.132270362,0.016533795,TRUE
3429,1000_radii_1,1000,L,0,9,85.93647798,0,-49.71067047,444.9684448,341.2023335,-0.01,-0.89999998,-0.349999992,-0.005858564,0.133910037,0.016738755,TRUE
3430,1000_radii_1,1000,L,0,9,85.95322548,0,-49.75364685,445.094696,341.1965008,-0.01,-0.89999998,-0.349999992,-0.005835216,0.133376358,0.016672045,TRUE
3431,1000_radii_1,1000,L,0,9,85.96993828,0,-49.79691696,445.2217712,341.1906281,-0.01,-0.89999998,-0.349999992,-0.005873249,0.1342457,0.016780712,TRUE
3432,1000_radii_1,1000,L,0,9,85.98647932,0,-49.83957291,445.3470154,341.1848373,-0.01,-0.89999998,-0.349999992,-0.005788202,0.132301755,0.016537719,TRUE
3433,1000_radii_1,1000,L,0,9,86.00314472,0,-49.88246918,445.4729004,341.179018,-0.01,-0.89999998,-0.349999992,-0.00581884,0.133002058,0.016625257,TRUE
3434,1000_radii_1,1000,L,0,9,86.01983639,0,-49.92559433,445.5994263,341.1731701,-0.01,-0.89999998,-0.349999992,-0.005848105,0.133670968,0.016708871,TRUE
3435,1000_radii_1,1000,L,0,9,86.03657273,0,-49.96886444,445.7263489,341.1673069,-0.01,-0.89999998,-0.349999992,-0.005866382,0.134088735,0.016761092,TRUE
3436,1000_radii_1,1000,L,0,9,86.05315361,0,-50.01170731,445.8519592,341.161499,-0.01,-0.89999998,-0.349999992,-0.00580669,0.132724351,0.016590544,TRUE
3437,1000_radii_1,1000,L,0,9,86.06992587,0,-50.05490494,445.9785767,341.1556454,-0.01,-0.89999998,-0.349999992,-0.005852753,0.133777221,0.016722153,TRUE
3438,1000_radii_1,1000,L,0,9,86.08643522,0,-50.09768295,446.1039124,341.1498547,-0.01,-0.89999998,-0.349999992,-0.005794435,0.13244423,0.016555529,TRUE
3439,1000_radii_1,1000,L,0,9,86.10312719,0,-50.14082718,446.2302856,341.1440086,-0.01,-0.89999998,-0.349999992,-0.005842294,0.133538152,0.016692269,TRUE
3440,1000_radii_1,1000,L,0,9,86.11981976,0,-50.18395996,446.3565979,341.1381683,-0.01,-0.89999998,-0.349999992,-0.005839019,0.133463292,0.016682911,TRUE
3441,1000_radii_1,1000,L,0,9,86.13639491,0,-50.22683716,446.4821167,341.1323681,-0.01,-0.89999998,-0.349999992,-0.00580257,0.132630173,0.016578772,TRUE
3442,1000_radii_1,1000,L,0,9,86.15321305,0,-50.27035904,446.6094666,341.1264801,-0.01,-0.89999998,-0.349999992,-0.005888146,0.134586192,0.016823274,TRUE
3443,1000_radii_1,1000,L,0,9,86.16994003,0,-50.31345749,446.7355347,341.1206512,-0.01,-0.89999998,-0.349999992,-0.005828982,0.133233882,0.016654235,TRUE
3444,1000_radii_1,1000,L,0,9,86.18649767,0,-50.35649109,446.8613586,341.1148319,-0.01,-0.89999998,-0.349999992,-0.005818312,0.132989984,0.016623748,TRUE
3445,1000_radii_1,1000,L,0,9,86.20308973,0,-50.39947891,446.98703,341.1090221,-0.01,-0.89999998,-0.349999992,-0.005810599,0.1328137,0.016601713,TRUE
3446,1000_radii_1,1000,L,0,9,86.21976207,0,-50.44266129,447.1132202,341.1031857,-0.01,-0.89999998,-0.349999992,-0.005835321,0.133378773,0.016672347,TRUE
3447,1000_radii_1,1000,L,0,9,86.23653886,0,-50.48592377,447.2395935,341.0973434,-0.01,-0.89999998,-0.349999992,-0.005843984,0.133576789,0.016697099,TRUE
3448,1000_radii_1,1000,L,0,9,86.25322811,0,-50.5293808,447.3664856,341.0914745,-0.01,-0.89999998,-0.349999992,-0.005868601,0.134139447,0.016767431,TRUE
3449,1000_radii_1,1000,L,0,9,86.26985156,0,-50.57225418,447.4916382,341.0856857,-0.01,-0.89999998,-0.349999992,-0.005788096,0.13229934,0.016537417,TRUE
3450,1000_radii_1,1000,L,0,9,86.28652753,0,-50.6155777,447.6180725,341.0798397,-0.01,-0.89999998,-0.349999992,-0.005847365,0.133654064,0.016706758,TRUE
3451,1000_radii_1,1000,L,0,9,86.30322281,0,-50.65882874,447.7442627,341.0740032,-0.01,-0.89999998,-0.349999992,-0.005835849,0.133390847,0.016673856,TRUE
3452,1000_radii_1,1000,L,0,9,86.31978378,0,-50.70200348,447.8701782,341.0681782,-0.01,-0.89999998,-0.349999992,-0.005823911,0.13311797,0.016639746,TRUE
3453,1000_radii_1,1000,L,0,9,86.33645974,0,-50.74528885,447.9963684,341.0623417,-0.01,-0.89999998,-0.349999992,-0.0058368,0.13341258,0.016676573,TRUE
3454,1000_radii_1,1000,L,0,9,86.35315564,0,-50.78854752,448.1224365,341.056509,-0.01,-0.89999998,-0.349999992,-0.005831623,0.133294253,0.016661782,TRUE
3455,1000_radii_1,1000,L,0,9,86.36985394,0,-50.83197784,448.2489624,341.0506554,-0.01,-0.89999998,-0.349999992,-0.005852965,0.133782051,0.016722756,TRUE
3456,1000_radii_1,1000,L,0,9,86.38645324,0,-50.87491226,448.3740234,341.0448742,-0.01,-0.89999998,-0.349999992,-0.00578461,0.13221965,0.016527456,TRUE
3457,1000_radii_1,1000,L,0,9,86.40314792,0,-50.91830826,448.5003662,341.0390282,-0.01,-0.89999998,-0.349999992,-0.00584483,0.133596108,0.016699514,TRUE
3458,1000_radii_1,1000,L,0,9,86.41980548,0,-50.96180344,448.6269836,341.0331726,-0.01,-0.89999998,-0.349999992,-0.005856662,0.13386657,0.016733321,TRUE
3459,1000_radii_1,1000,L,0,9,86.43642953,0,-51.00503159,448.7527466,341.0273533,-0.01,-0.89999998,-0.349999992,-0.005818629,0.132997228,0.016624654,TRUE
3460,1000_radii_1,1000,L,0,9,86.45320843,0,-51.04855728,448.879364,341.0214939,-0.01,-0.89999998,-0.349999992,-0.005857191,0.133878644,0.016734831,TRUE
3461,1000_radii_1,1000,L,0,9,86.46977784,0,-51.09169769,449.0047913,341.0156918,-0.01,-0.89999998,-0.349999992,-0.005803415,0.132649491,0.016581186,TRUE
3462,1000_radii_1,1000,L,0,9,86.48649456,0,-51.13528442,449.1315002,341.0098305,-0.01,-0.89999998,-0.349999992,-0.005861839,0.133984897,0.016748112,TRUE
3463,1000_radii_1,1000,L,0,9,86.50324388,0,-51.17888641,449.2582092,341.0039673,-0.01,-0.89999998,-0.349999992,-0.005862156,0.133992142,0.016749018,TRUE
3464,1000_radii_1,1000,L,0,9,86.51993434,0,-51.22210312,449.3837585,340.9981575,-0.01,-0.89999998,-0.349999992,-0.005808803,0.132772648,0.016596581,TRUE
3465,1000_radii_1,1000,L,0,9,86.53651583,0,-51.26531982,449.5092468,340.9923534,-0.01,-0.89999998,-0.349999992,-0.00580669,0.132724351,0.016590544,TRUE
3466,1000_radii_1,1000,L,0,9,86.55324341,0,-51.30910873,449.6363525,340.9864712,-0.01,-0.89999998,-0.349999992,-0.005882018,0.134446131,0.016805766,TRUE
3467,1000_radii_1,1000,L,0,9,86.56994353,0,-51.35241699,449.7620239,340.9806557,-0.01,-0.89999998,-0.349999992,-0.00581567,0.132929613,0.016616202,TRUE
3468,1000_radii_1,1000,L,0,9,86.58648125,0,-51.39575958,449.8877563,340.9748363,-0.01,-0.89999998,-0.349999992,-0.005818734,0.132999643,0.016624955,TRUE
3469,1000_radii_1,1000,L,0,9,86.60313005,0,-51.43917847,450.0136719,340.9690075,-0.01,-0.89999998,-0.349999992,-0.005827186,0.13319283,0.016649104,TRUE
3470,1000_radii_1,1000,L,0,9,86.61996902,0,-51.48278427,450.1401062,340.9631596,-0.01,-0.89999998,-0.349999992,-0.00585064,0.133728924,0.016716116,TRUE
3471,1000_radii_1,1000,L,0,9,86.63652063,0,-51.52624512,450.2660522,340.9573269,-0.01,-0.89999998,-0.349999992,-0.005829299,0.133241127,0.016655141,TRUE
3472,1000_radii_1,1000,L,0,9,86.65322618,0,-51.56990051,450.3925476,340.9514751,-0.01,-0.89999998,-0.349999992,-0.005854021,0.133806199,0.016725775,TRUE
3473,1000_radii_1,1000,L,0,9,86.66986834,0,-51.61336136,450.5184326,340.9456482,-0.01,-0.89999998,-0.349999992,-0.005825918,0.133163852,0.016645481,TRUE
3474,1000_radii_1,1000,L,0,9,86.68636199,0,-51.65641403,450.6430664,340.9398804,-0.01,-0.89999998,-0.349999992,-0.00576929,0.131869499,0.016483687,TRUE
3475,1000_radii_1,1000,L,0,9,86.70313968,0,-51.70024872,450.769928,340.9340076,-0.01,-0.89999998,-0.349999992,-0.005872827,0.13423604,0.016779505,TRUE
3476,1000_radii_1,1000,L,0,9,86.71980358,0,-51.74379349,450.8959351,340.928175,-0.01,-0.89999998,-0.349999992,-0.005832257,0.133308742,0.016663593,TRUE
3477,1000_radii_1,1000,L,0,9,86.73648106,0,-51.78726578,451.0216675,340.9223518,-0.01,-0.89999998,-0.349999992,-0.005820636,0.13304311,0.016630389,TRUE
3478,1000_radii_1,1000,L,0,9,86.75312774,0,-51.83091354,451.1478882,340.9165115,-0.01,-0.89999998,-0.349999992,-0.005842611,0.133545396,0.016693175,TRUE
3479,1000_radii_1,1000,L,0,9,86.7698173,0,-51.8743782,451.2735291,340.910696,-0.01,-0.89999998,-0.349999992,-0.005816093,0.132939272,0.016617409,TRUE
3480,1000_radii_1,1000,L,0,9,86.78643471,0,-51.9179306,451.3993835,340.9048691,-0.01,-0.89999998,-0.349999992,-0.005826447,0.133175926,0.016646991,TRUE
3481,1000_radii_1,1000,L,0,9,86.80317044,0,-51.96178055,451.5260315,340.8990059,-0.01,-0.89999998,-0.349999992,-0.005864058,0.134035609,0.016754451,TRUE
3482,1000_radii_1,1000,L,0,9,86.8198781,0,-52.00557709,451.6524963,340.8931503,-0.01,-0.89999998,-0.349999992,-0.005855395,0.133837592,0.016729699,TRUE
3483,1000_radii_1,1000,L,0,9,86.83643846,0,-52.0489502,451.77771,340.8873539,-0.01,-0.89999998,-0.349999992,-0.005796865,0.132499771,0.016562471,TRUE
3484,1000_radii_1,1000,L,0,9,86.85313345,0,-52.09262085,451.903717,340.8815174,-0.01,-0.89999998,-0.349999992,-0.005835004,0.133371528,0.016671441,TRUE
3485,1000_radii_1,1000,L,0,9,86.86986647,0,-52.13652802,452.030365,340.8756523,-0.01,-0.89999998,-0.349999992,-0.005864903,0.134054927,0.016756866,TRUE
3486,1000_radii_1,1000,L,0,9,86.88643618,0,-52.17996597,452.1556396,340.8698502,-0.01,-0.89999998,-0.349999992,-0.005800668,0.132586706,0.016573338,TRUE
3487,1000_radii_1,1000,L,0,9,86.90306718,0,-52.22352219,452.281189,340.8640366,-0.01,-0.89999998,-0.349999992,-0.005814508,0.132903049,0.016612881,TRUE
3488,1000_radii_1,1000,L,0,9,86.91967613,0,-52.26711273,452.4067993,340.8582211,-0.01,-0.89999998,-0.349999992,-0.005817572,0.13297308,0.016621635,TRUE
3489,1000_radii_1,1000,L,0,9,86.93645051,0,-52.31111908,452.5335999,340.8523483,-0.01,-0.89999998,-0.349999992,-0.005871559,0.134207062,0.016775883,TRUE
3490,1000_radii_1,1000,L,0,9,86.95320979,0,-52.35489655,452.6596985,340.846508,-0.01,-0.89999998,-0.349999992,-0.00583923,0.133468122,0.016683515,TRUE
3491,1000_radii_1,1000,L,0,9,86.96979309,0,-52.39855957,452.7854004,340.8406868,-0.01,-0.89999998,-0.349999992,-0.005822326,0.133081747,0.016635218,TRUE
3492,1000_radii_1,1000,L,0,9,86.98643525,0,-52.44234085,452.9114075,340.8348503,-0.01,-0.89999998,-0.349999992,-0.005836061,0.133395676,0.01667446,TRUE
3493,1000_radii_1,1000,L,0,9,87.00315861,0,-52.48623657,453.0377197,340.8289986,-0.01,-0.89999998,-0.349999992,-0.005849901,0.13371202,0.016714003,TRUE
3494,1000_radii_1,1000,L,0,9,87.01983518,0,-52.52988434,453.163269,340.8231869,-0.01,-0.89999998,-0.349999992,-0.005815142,0.132917538,0.016614692,TRUE
3495,1000_radii_1,1000,L,0,9,87.03643025,0,-52.57366943,453.2891541,340.8173542,-0.01,-0.89999998,-0.349999992,-0.005831518,0.133291838,0.01666148,TRUE
3496,1000_radii_1,1000,L,0,9,87.05303287,0,-52.61731339,453.4146118,340.8115425,-0.01,-0.89999998,-0.349999992,-0.005811128,0.132825775,0.016603222,TRUE
3497,1000_radii_1,1000,L,0,9,87.06983864,0,-52.66122437,453.540802,340.8056984,-0.01,-0.89999998,-0.349999992,-0.005845147,0.133603353,0.016700419,TRUE
3498,1000_radii_1,1000,L,0,9,87.08643492,0,-52.70508575,453.6668091,340.7998619,-0.01,-0.89999998,-0.349999992,-0.005836906,0.133414995,0.016676874,TRUE
3499,1000_radii_1,1000,L,0,9,87.10312236,0,-52.7490654,453.7930908,340.7940102,-0.01,-0.89999998,-0.349999992,-0.00585064,0.133728924,0.016716116,TRUE
3500,1000_radii_1,1000,L,0,9,87.11980376,0,-52.79273987,453.918457,340.7882004,-0.01,-0.89999998,-0.349999992,-0.005808275,0.132760574,0.016595072,TRUE
3501,1000_radii_1,1000,L,0,9,87.1364269,0,-52.83664322,454.0444641,340.7823658,-0.01,-0.89999998,-0.349999992,-0.005837329,0.133424654,0.016678082,TRUE
3502,1000_radii_1,1000,L,0,9,87.15313728,0,-52.8806839,454.1708069,340.7765121,-0.01,-0.89999998,-0.349999992,-0.005853598,0.13379654,0.016724567,TRUE
3503,1000_radii_1,1000,L,0,9,87.16979906,0,-52.92459488,454.2967224,340.7706776,-0.01,-0.89999998,-0.349999992,-0.005834793,0.133366698,0.016670837,TRUE
3504,1000_radii_1,1000,L,0,9,87.18652846,0,-52.96852112,454.4226685,340.7648392,-0.01,-0.89999998,-0.349999992,-0.005835216,0.133376358,0.016672045,TRUE
3505,1000_radii_1,1000,L,0,9,87.20321439,0,-53.01264572,454.5491333,340.7589817,-0.01,-0.89999998,-0.349999992,-0.005859726,0.1339366,0.016742075,TRUE
3506,1000_radii_1,1000,L,0,9,87.21978652,0,-53.05635834,454.6743774,340.7531776,-0.01,-0.89999998,-0.349999992,-0.005803415,0.132649491,0.016581186,TRUE
3507,1000_radii_1,1000,L,0,9,87.23652045,0,-53.10039902,454.8005066,340.7473335,-0.01,-0.89999998,-0.349999992,-0.005845041,0.133600938,0.016700117,TRUE
3508,1000_radii_1,1000,L,0,9,87.25316593,0,-53.14430237,454.9262085,340.7415085,-0.01,-0.89999998,-0.349999992,-0.005825073,0.133144533,0.016643067,TRUE
3509,1000_radii_1,1000,L,0,9,87.26981292,0,-53.18831253,455.0521851,340.7356701,-0.01,-0.89999998,-0.349999992,-0.005837857,0.133436729,0.016679591,TRUE
3510,1000_radii_1,1000,L,0,9,87.28645538,0,-53.23225021,455.177887,340.7298431,-0.01,-0.89999998,-0.349999992,-0.00582613,0.133168682,0.016646085,TRUE
3511,1000_radii_1,1000,L,0,9,87.30306223,0,-53.27606964,455.3032227,340.7240334,-0.01,-0.89999998,-0.349999992,-0.005809226,0.132782307,0.016597788,TRUE
3512,1000_radii_1,1000,L,0,9,87.31972129,0,-53.32008743,455.4290771,340.7182007,-0.01,-0.89999998,-0.349999992,-0.005833842,0.133344965,0.016668121,TRUE
3513,1000_radii_1,1000,L,0,9,87.33650532,0,-53.36442566,455.5558167,340.712326,-0.01,-0.89999998,-0.349999992,-0.005874411,0.134272263,0.016784033,TRUE
3514,1000_radii_1,1000,L,0,9,87.35318854,0,-53.4083519,455.6813354,340.7065067,-0.01,-0.89999998,-0.349999992,-0.005818312,0.132989984,0.016623748,TRUE
3515,1000_radii_1,1000,L,0,9,87.36978934,0,-53.45231247,455.8069153,340.7006874,-0.01,-0.89999998,-0.349999992,-0.005820953,0.133050355,0.016631294,TRUE
3516,1000_radii_1,1000,L,0,9,87.38643815,0,-53.49641037,455.9328308,340.6948509,-0.01,-0.89999998,-0.349999992,-0.005837434,0.133427069,0.016678384,TRUE
3517,1000_radii_1,1000,L,0,9,87.40310114,0,-53.54038239,456.0583496,340.6890316,-0.01,-0.89999998,-0.349999992,-0.005819157,0.133009302,0.016626163,TRUE
3518,1000_radii_1,1000,L,0,9,87.4198094,0,-53.58459473,456.1845093,340.6831818,-0.01,-0.89999998,-0.349999992,-0.005849161,0.133695116,0.01671189,TRUE
3519,1000_radii_1,1000,L,0,9,87.43650258,0,-53.62885666,456.310791,340.6773281,-0.01,-0.89999998,-0.349999992,-0.005854232,0.133811029,0.016726379,TRUE
3520,1000_radii_1,1000,L,0,9,87.45315289,0,-53.67272186,456.4358826,340.6715279,-0.01,-0.89999998,-0.349999992,-0.005799612,0.132562557,0.01657032,TRUE
3521,1000_radii_1,1000,L,0,9,87.46974585,0,-53.71667099,456.5611877,340.6657162,-0.01,-0.89999998,-0.349999992,-0.005809437,0.132787137,0.016598392,TRUE
3522,1000_radii_1,1000,L,0,9,87.48644476,0,-53.76107407,456.6877441,340.6598492,-0.01,-0.89999998,-0.349999992,-0.005867755,0.134120128,0.016765016,TRUE
3523,1000_radii_1,1000,L,0,9,87.5030679,0,-53.80511475,456.8132324,340.6540298,-0.01,-0.89999998,-0.349999992,-0.005818206,0.132987569,0.016623446,TRUE
3524,1000_radii_1,1000,L,0,9,87.51983412,0,-53.84943771,456.9394836,340.6481781,-0.01,-0.89999998,-0.349999992,-0.005853387,0.13379171,0.016723964,TRUE
3525,1000_radii_1,1000,L,0,9,87.53643463,0,-53.89349365,457.0649109,340.6423626,-0.01,-0.89999998,-0.349999992,-0.005816621,0.132951346,0.016618918,TRUE
3526,1000_radii_1,1000,L,0,9,87.55313445,0,-53.93783951,457.1911316,340.636507,-0.01,-0.89999998,-0.349999992,-0.005853282,0.133789295,0.016723662,TRUE
3527,1000_radii_1,1000,L,0,9,87.56973646,0,-53.98189545,457.3164978,340.6306953,-0.01,-0.89999998,-0.349999992,-0.005813346,0.132876486,0.016609561,TRUE
3528,1000_radii_1,1000,L,0,9,87.58649725,0,-54.02628326,457.442749,340.6248398,-0.01,-0.89999998,-0.349999992,-0.005855395,0.133837592,0.016729699,TRUE
3529,1000_radii_1,1000,L,0,9,87.60316296,0,-54.07057571,457.5686951,340.6189976,-0.01,-0.89999998,-0.349999992,-0.005841238,0.133514003,0.01668925,TRUE
3530,1000_radii_1,1000,L,0,9,87.61970973,0,-54.11452866,457.693634,340.613205,-0.01,-0.89999998,-0.349999992,-0.005794541,0.132446645,0.016555831,TRUE
3531,1000_radii_1,1000,L,0,9,87.63648441,0,-54.1588974,457.8197021,340.607357,-0.01,-0.89999998,-0.349999992,-0.005847576,0.133658894,0.016707362,TRUE
3532,1000_radii_1,1000,L,0,9,87.65312476,0,-54.20325089,457.9457092,340.6015129,-0.01,-0.89999998,-0.349999992,-0.00584409,0.133579204,0.016697401,TRUE
3533,1000_radii_1,1000,L,0,9,87.66973552,0,-54.24741364,458.0711365,340.5956955,-0.01,-0.89999998,-0.349999992,-0.00581715,0.13296342,0.016620428,TRUE
3534,1000_radii_1,1000,L,0,9,87.68651593,0,-54.29183197,458.1972351,340.5898457,-0.01,-0.89999998,-0.349999992,-0.005849161,0.133695116,0.01671189,TRUE
3535,1000_radii_1,1000,L,0,9,87.70310497,0,-54.33602905,458.3226624,340.5840282,-0.01,-0.89999998,-0.349999992,-0.005818523,0.132994813,0.016624352,TRUE
3536,1000_radii_1,1000,L,0,9,87.71973294,0,-54.38033676,458.4483643,340.5781975,-0.01,-0.89999998,-0.349999992,-0.005831518,0.133291838,0.01666148,TRUE
3537,1000_radii_1,1000,L,0,9,87.7364554,0,-54.42480087,458.5744934,340.5723438,-0.01,-0.89999998,-0.349999992,-0.005850429,0.133724094,0.016715512,TRUE
3538,1000_radii_1,1000,L,0,9,87.7530882,0,-54.4689827,458.6997681,340.566534,-0.01,-0.89999998,-0.349999992,-0.00581155,0.132835434,0.016604429,TRUE
3539,1000_radii_1,1000,L,0,9,87.76973942,0,-54.51338577,458.8256226,340.5606956,-0.01,-0.89999998,-0.349999992,-0.005838596,0.133453633,0.016681704,TRUE
3540,1000_radii_1,1000,L,0,9,87.78633992,0,-54.55758667,458.9508667,340.5548859,-0.01,-0.89999998,-0.349999992,-0.005810494,0.132811286,0.016601411,TRUE
3541,1000_radii_1,1000,L,0,9,87.80314327,0,-54.60227966,459.0774536,340.5490131,-0.01,-0.89999998,-0.349999992,-0.005873566,0.134252944,0.016781618,TRUE
3542,1000_radii_1,1000,L,0,9,87.81978423,0,-54.64667892,459.203186,340.542593,-0.011,-0.989999995,-0.384999998,-0.006416529,0.133330476,0.016666309,TRUE
3543,1000_radii_1,1000,L,0,9,87.83644782,0,-54.69094467,459.3284912,340.5361996,-0.011,-0.989999995,-0.384999998,-0.006395378,0.132890975,0.016611372,TRUE
3544,1000_radii_1,1000,L,0,9,87.85308455,0,-54.73537445,459.4541931,340.5297813,-0.011,-0.989999995,-0.384999998,-0.006416762,0.133335305,0.016666913,TRUE
3545,1000_radii_1,1000,L,0,9,87.86981515,0,-54.7800293,459.5805054,340.5233364,-0.011,-0.989999995,-0.384999998,-0.006447442,0.133972823,0.016746603,TRUE
3546,1000_radii_1,1000,L,0,9,87.88638698,0,-54.82423782,459.7055054,340.5169544,-0.011,-0.989999995,-0.384999998,-0.006381084,0.13259395,0.016574244,TRUE
3547,1000_radii_1,1000,L,0,9,87.90309133,0,-54.86881638,459.8315125,340.5099373,-0.012,-1.080000009,-0.420000004,-0.007016838,0.133654064,0.016706758,TRUE
3548,1000_radii_1,1000,L,0,9,87.91977605,0,-54.91314316,459.9567566,340.502964,-0.012,-1.080000009,-0.420000004,-0.006974748,0.132852338,0.016606542,TRUE
3549,1000_radii_1,1000,L,0,9,87.93649729,0,-54.95800018,460.0834656,340.4953194,-0.013,-1.170000024,-0.455000009,-0.007644289,0.134405079,0.016800635,TRUE
3550,1000_radii_1,1000,L,0,9,87.95306611,0,-55.0022316,460.2083435,340.4877853,-0.013,-1.170000024,-0.455000009,-0.007534277,0.132470793,0.016558849,TRUE
3551,1000_radii_1,1000,L,0,9,87.96986402,0,-55.0471344,460.3350525,340.4795494,-0.014,-1.260000039,-0.490000015,-0.00823453,0.134441301,0.016805163,TRUE
3552,1000_radii_1,1000,L,0,9,87.98653637,0,-55.09168625,460.4607239,340.4708004,-0.015,-1.34999997,-0.524999988,-0.008749971,0.133332891,0.016666611,TRUE
3553,1000_radii_1,1000,L,0,9,88.0031245,0,-55.13603973,460.5857544,340.4620934,-0.015,-1.34999997,-0.524999988,-0.008707024,0.132678469,0.016584809,TRUE
3554,1000_radii_1,1000,L,0,9,88.01975096,0,-55.18052673,460.7111206,340.4533615,-0.015,-1.34999997,-0.524999988,-0.008729369,0.133018962,0.01662737,TRUE
3555,1000_radii_1,1000,L,0,9,88.03642935,0,-55.22504425,460.8365173,340.4446316,-0.015,-1.34999997,-0.524999988,-0.008731905,0.133057599,0.0166322,TRUE
3556,1000_radii_1,1000,L,0,9,88.05314697,0,-55.26993561,460.9628906,340.4358292,-0.015,-1.34999997,-0.524999988,-0.008801158,0.134112883,0.01676411,TRUE
3557,1000_radii_1,1000,L,0,9,88.06978762,0,-55.31452179,461.0883484,340.4270935,-0.015,-1.34999997,-0.524999988,-0.008737927,0.133149363,0.01664367,TRUE
3558,1000_radii_1,1000,L,0,9,88.08640322,0,-55.35895538,461.2133179,340.4183865,-0.015,-1.34999997,-0.524999988,-0.008704489,0.132639832,0.016579979,TRUE
3559,1000_radii_1,1000,L,0,9,88.10300252,0,-55.4034729,461.3384705,340.4096718,-0.015,-1.34999997,-0.524999988,-0.008717008,0.132830604,0.016603826,TRUE
3560,1000_radii_1,1000,L,0,9,88.11978384,0,-55.448349,461.4645691,340.4008865,-0.015,-1.34999997,-0.524999988,-0.008783567,0.133844836,0.016730605,TRUE
3561,1000_radii_1,1000,L,0,9,88.13638645,0,-55.49312973,461.590332,340.3921242,-0.015,-1.34999997,-0.524999988,-0.008761222,0.133504344,0.016688043,TRUE
3562,1000_radii_1,1000,L,0,9,88.15297458,0,-55.53756332,461.7150574,340.3834362,-0.015,-1.34999997,-0.524999988,-0.008689592,0.132412837,0.016551605,TRUE
3563,1000_radii_1,1000,L,0,9,88.16972149,0,-55.58263016,461.8414917,340.3746262,-0.015,-1.34999997,-0.524999988,-0.008809398,0.134238455,0.016779807,TRUE
3564,1000_radii_1,1000,L,0,9,88.18639082,0,-55.62741852,461.9671021,340.3658772,-0.015,-1.34999997,-0.524999988,-0.00875108,0.133349794,0.016668724,TRUE
3565,1000_radii_1,1000,L,0,9,88.20317243,0,-55.67233276,462.0929871,340.3571033,-0.015,-1.34999997,-0.524999988,-0.00877184,0.133666138,0.016708267,TRUE
3566,1000_radii_1,1000,L,0,9,88.21975302,0,-55.71704865,462.2182617,340.3483734,-0.015,-1.34999997,-0.524999988,-0.008729845,0.133026206,0.016628276,TRUE
3567,1000_radii_1,1000,L,0,9,88.23648966,0,-55.76185608,462.34375,340.339632,-0.015,-1.34999997,-0.524999988,-0.008743473,0.133233882,0.016654235,TRUE
3568,1000_radii_1,1000,L,0,9,88.25309197,0,-55.80684662,462.4696655,340.3308544,-0.015,-1.34999997,-0.524999988,-0.008775644,0.133724094,0.016715512,TRUE
3569,1000_radii_1,1000,L,0,9,88.26975527,0,-55.85169601,462.5951538,340.3221092,-0.015,-1.34999997,-0.524999988,-0.008744424,0.133248371,0.016656046,TRUE
3570,1000_radii_1,1000,L,0,9,88.28643455,0,-55.89665222,462.7208557,340.312767,-0.016000001,-1.440000068,-0.560000027,-0.009345305,0.133504344,0.016688043,TRUE
3571,1000_radii_1,1000,L,0,9,88.30301966,0,-55.94132233,462.8457031,340.3034821,-0.016000001,-1.440000068,-0.560000027,-0.009282084,0.132601195,0.016575149,TRUE
3572,1000_radii_1,1000,L,0,9,88.31971163,0,-55.98635864,462.9714966,340.2935467,-0.017000001,-1.530000083,-0.595000032,-0.009938007,0.133620256,0.016702532,TRUE
3573,1000_radii_1,1000,L,0,9,88.33647423,0,-56.03141403,463.09729,340.2830238,-0.017999999,-1.61999993,-0.629999973,-0.010522024,0.133613012,0.016701626,TRUE
3574,1000_radii_1,1000,L,0,9,88.35313632,0,-56.07654953,463.2232361,340.2719021,-0.018999999,-1.709999945,-0.664999979,-0.011121034,0.13378688,0.01672336,TRUE
3575,1000_radii_1,1000,L,0,9,88.36978904,0,-56.121521,463.3486328,340.2602463,-0.02,-1.79999996,-0.699999984,-0.011657119,0.133224223,0.016653028,TRUE
3576,1000_radii_1,1000,L,0,9,88.3864312,0,-56.16648483,463.473938,340.2480125,-0.021,-1.889999975,-0.73499999,-0.012231545,0.133132459,0.016641557,TRUE
3577,1000_radii_1,1000,L,0,9,88.40311472,0,-56.21158981,463.5995483,340.2351685,-0.022,-1.979999989,-0.769999996,-0.012846539,0.133470536,0.016683817,TRUE
3578,1000_radii_1,1000,L,0,9,88.41972579,0,-56.25652695,463.7246094,340.221796,-0.023,-2.070000004,-0.805000002,-0.013372154,0.132890975,0.016611372,TRUE
3579,1000_radii_1,1000,L,0,9,88.43646243,0,-56.30165863,463.8501282,340.2083759,-0.023,-2.070000004,-0.805000002,-0.013421482,0.133381187,0.016672648,TRUE
3580,1000_radii_1,1000,L,0,9,88.45308739,0,-56.34686661,463.975769,340.1943531,-0.024,-2.160000019,-0.840000007,-0.01401897,0.133514003,0.01668925,TRUE
3581,1000_radii_1,1000,L,0,9,88.46978237,0,-56.39190674,464.1008301,340.180397,-0.024,-2.160000019,-0.840000007,-0.013957863,0.132932027,0.016616503,TRUE
3582,1000_radii_1,1000,L,0,9,88.48644174,0,-56.43727875,464.2267151,340.1663475,-0.024,-2.160000019,-0.840000007,-0.014050665,0.133815858,0.016726982,TRUE
3583,1000_radii_1,1000,L,0,9,88.50315091,0,-56.48265839,464.3525391,340.1523037,-0.024,-2.160000019,-0.840000007,-0.014043566,0.133748243,0.01671853,TRUE
3584,1000_radii_1,1000,L,0,9,88.51975474,0,-56.52758789,464.4770203,340.1384068,-0.024,-2.160000019,-0.840000007,-0.013894473,0.132328318,0.01654104,TRUE
3585,1000_radii_1,1000,L,0,9,88.53645485,0,-56.5730629,464.6029053,340.1243534,-0.024,-2.160000019,-0.840000007,-0.014054215,0.133849666,0.016731208,TRUE
3586,1000_radii_1,1000,L,0,9,88.55302185,0,-56.61818695,464.7277222,340.1104164,-0.024,-2.160000019,-0.840000007,-0.013936311,0.132726766,0.016590846,TRUE
3587,1000_radii_1,1000,L,0,9,88.56978234,0,-56.66382599,464.8538818,340.0963306,-0.024,-2.160000019,-0.840000007,-0.014085403,0.134146691,0.016768336,TRUE
3588,1000_radii_1,1000,L,0,9,88.58643356,0,-56.70898056,464.9785767,340.082407,-0.024,-2.160000019,-0.840000007,-0.013926422,0.132632587,0.016579073,TRUE
3589,1000_radii_1,1000,L,0,9,88.6031059,0,-56.75459671,465.1044617,340.0683441,-0.024,-2.160000019,-0.840000007,-0.014059793,0.133902792,0.016737849,TRUE
3590,1000_radii_1,1000,L,0,9,88.61975561,0,-56.80000687,465.2296753,340.0543594,-0.024,-2.160000019,-0.840000007,-0.013986262,0.133202489,0.016650311,TRUE
3591,1000_radii_1,1000,L,0,9,88.63639415,0,-56.84528351,465.3544312,340.0404224,-0.024,-2.160000019,-0.840000007,-0.013936564,0.132729181,0.016591148,TRUE
3592,1000_radii_1,1000,L,0,9,88.65303631,0,-56.89077759,465.4797058,340.0264301,-0.024,-2.160000019,-0.840000007,-0.013993868,0.133274934,0.016659367,TRUE
3593,1000_radii_1,1000,L,0,9,88.66975062,0,-56.93653488,465.6056213,340.0123634,-0.024,-2.160000019,-0.840000007,-0.014065625,0.133958334,0.016744792,TRUE
3594,1000_radii_1,1000,L,0,9,88.6864607,0,-56.98204803,465.7307434,339.9983826,-0.024,-2.160000019,-0.840000007,-0.013980937,0.133151778,0.016643972,TRUE
3595,1000_radii_1,1000,L,0,9,88.70302739,0,-57.02746582,465.8555298,339.9844418,-0.024,-2.160000019,-0.840000007,-0.013942142,0.132782307,0.016597788,TRUE
3596,1000_radii_1,1000,L,0,9,88.71979452,0,-57.07348633,465.9818726,339.9703236,-0.024,-2.160000019,-0.840000007,-0.014117351,0.134450961,0.01680637,TRUE
3597,1000_radii_1,1000,L,0,9,88.73640559,0,-57.11876678,466.1060791,339.9564438,-0.024,-2.160000019,-0.840000007,-0.013880781,0.132197917,0.01652474,TRUE
3598,1000_radii_1,1000,L,0,9,88.75311054,0,-57.16445923,466.2313232,339.9424419,-0.024,-2.160000019,-0.840000007,-0.013998179,0.133315987,0.016664498,TRUE
3599,1000_radii_1,1000,L,0,9,88.76980764,0,-57.21062088,466.3577576,339.9283123,-0.024,-2.160000019,-0.840000007,-0.014132311,0.134593436,0.01682418,TRUE
3600,1000_radii_1,1000,L,0,9,88.78641478,0,-57.25621414,466.4825439,339.9143658,-0.024,-2.160000019,-0.840000007,-0.013949496,0.132852338,0.016606542,TRUE
3601,1000_radii_1,1000,L,0,9,88.80306962,0,-57.30176163,466.6071167,339.9004364,-0.024,-2.160000019,-0.840000007,-0.013925661,0.132625343,0.016578168,TRUE
3602,1000_radii_1,1000,L,0,9,88.81969911,0,-57.34759903,466.7323914,339.8864326,-0.024,-2.160000019,-0.840000007,-0.014005278,0.133383602,0.01667295,TRUE
3603,1000_radii_1,1000,L,0,9,88.83638654,0,-57.39359665,466.8580017,339.8723869,-0.024,-2.160000019,-0.840000007,-0.014045087,0.133762732,0.016720341,TRUE
3604,1000_radii_1,1000,L,0,9,88.85308696,0,-57.4395752,466.9834595,339.858942,-0.023,-2.070000004,-0.805000002,-0.013445538,0.133620256,0.016702532,TRUE
3605,1000_radii_1,1000,L,0,9,88.86988428,0,-57.48552704,467.1087341,339.8455124,-0.023,-2.070000004,-0.805000002,-0.013428286,0.133448803,0.0166811,TRUE
3606,1000_radii_1,1000,L,0,9,88.88642713,0,-57.53136063,467.2336121,339.8327065,-0.022,-1.979999989,-0.769999996,-0.012803772,0.133026206,0.016628276,TRUE
3607,1000_radii_1,1000,L,0,9,88.9031194,0,-57.57748413,467.3591919,339.8204155,-0.021,-1.889999975,-0.73499999,-0.012291226,0.133782051,0.016722756,TRUE
3608,1000_radii_1,1000,L,0,9,88.91966104,0,-57.62304688,467.4831543,339.8082809,-0.021,-1.889999975,-0.73499999,-0.012134812,0.132079589,0.016509949,TRUE
3609,1000_radii_1,1000,L,0,9,88.9364164,0,-57.66940689,467.6092224,339.7965298,-0.02,-1.79999996,-0.699999984,-0.011752204,0.1343109,0.016788863,TRUE
3610,1000_radii_1,1000,L,0,9,88.95323907,0,-57.7156601,467.7349243,339.7853966,-0.018999999,-1.709999945,-0.664999979,-0.011133279,0.133934185,0.016741773,TRUE
3611,1000_radii_1,1000,L,0,10,88.97045838,0,-57.76346588,467.8647461,339.7744999,-0.017999999,-1.61999993,-0.629999973,-0.010895325,0.13835334,0.017294167,FALSE
3612,1000_radii_1,1000,L,0,10,88.98627345,0,-57.80721664,467.98349,339.765089,-0.017000001,-1.530000083,-0.595000032,-0.009412307,0.126552024,0.015819003,FALSE
3613,1000_radii_1,1000,L,0,10,89.00288452,0,-57.85318756,468.1081848,339.7552052,-0.017000001,-1.530000083,-0.595000032,-0.009885204,0.132910294,0.016613787,FALSE
3614,1000_radii_1,1000,L,0,10,89.01957619,0,-57.89939117,468.2334595,339.7458572,-0.016000001,-1.440000068,-0.560000027,-0.009346657,0.133523663,0.016690458,FALSE
3615,1000_radii_1,1000,L,0,10,89.0362268,0,-57.94550323,468.358429,339.7365322,-0.016000001,-1.440000068,-0.560000027,-0.009323837,0.13319766,0.016649707,FALSE
3616,1000_radii_1,1000,L,0,10,89.05283244,0,-57.99150848,468.4830322,339.7272339,-0.016000001,-1.440000068,-0.560000027,-0.00929865,0.132837849,0.016604731,FALSE
3617,1000_radii_1,1000,L,0,10,89.06956425,0,-58.03788376,468.6085815,339.717865,-0.016000001,-1.440000068,-0.560000027,-0.00936897,0.133842422,0.016730303,FALSE
3618,1000_radii_1,1000,L,0,10,89.08616204,0,-58.0839119,468.7331238,339.7085724,-0.016000001,-1.440000068,-0.560000027,-0.0092951,0.132787137,0.016598392,FALSE
3619,1000_radii_1,1000,L,0,10,89.10287242,0,-58.13027954,468.8585205,339.699213,-0.016000001,-1.440000068,-0.560000027,-0.009359166,0.133702361,0.016712795,FALSE
3620,1000_radii_1,1000,L,0,10,89.11949224,0,-58.17640305,468.9832153,339.6899052,-0.016000001,-1.440000068,-0.560000027,-0.009306088,0.132944102,0.016618013,FALSE
3621,1000_radii_1,1000,L,0,10,89.13617666,0,-58.22273254,469.1083984,339.680563,-0.016000001,-1.440000068,-0.560000027,-0.009343445,0.133477781,0.016684723,FALSE
3622,1000_radii_1,1000,L,0,10,89.1527977,0,-58.26890945,469.2330933,339.6712551,-0.016000001,-1.440000068,-0.560000027,-0.009308454,0.132977909,0.016622239,FALSE
3623,1000_radii_1,1000,L,0,10,89.16949419,0,-58.31531143,469.3583374,339.6619034,-0.016000001,-1.440000068,-0.560000027,-0.009349531,0.133564715,0.016695589,FALSE
3624,1000_radii_1,1000,L,0,10,89.18623928,0,-58.36186981,469.4839478,339.6525269,-0.016000001,-1.440000068,-0.560000027,-0.009377253,0.133960749,0.016745094,FALSE
3625,1000_radii_1,1000,L,0,10,89.20284673,0,-58.4080658,469.6085205,339.6432266,-0.016000001,-1.440000068,-0.560000027,-0.009299664,0.132852338,0.016606542,FALSE
3626,1000_radii_1,1000,L,0,10,89.21949946,0,-58.45440292,469.7333984,339.6339016,-0.016000001,-1.440000068,-0.560000027,-0.009324006,0.133200074,0.016650009,FALSE
3627,1000_radii_1,1000,L,0,10,89.23616335,0,-58.5008049,469.8583984,339.6245708,-0.016000001,-1.440000068,-0.560000027,-0.009333472,0.133335305,0.016666913,FALSE
3628,1000_radii_1,1000,L,0,10,89.25281638,0,-58.54718781,469.9832764,339.6152458,-0.016000001,-1.440000068,-0.560000027,-0.009325189,0.133216978,0.016652122,FALSE
3629,1000_radii_1,1000,L,0,10,89.26951529,0,-58.5937233,470.10849,339.6058941,-0.016000001,-1.440000068,-0.560000027,-0.009351559,0.133593693,0.016699212,FALSE
3630,1000_radii_1,1000,L,0,10,89.28621903,0,-58.64028931,470.2337341,339.5965405,-0.016000001,-1.440000068,-0.560000027,-0.009354264,0.133632331,0.016704041,FALSE
3631,1000_radii_1,1000,L,0,10,89.3028141,0,-58.68657684,470.3581848,339.5872459,-0.016000001,-1.440000068,-0.560000027,-0.009294086,0.132772648,0.016596581,FALSE
3632,1000_radii_1,1000,L,0,10,89.31950396,0,-58.73313904,470.4833069,339.5778999,-0.016000001,-1.440000068,-0.560000027,-0.009344797,0.1334971,0.016687137,FALSE
3633,1000_radii_1,1000,L,0,10,89.33616,0,-58.7796402,470.6081848,339.5685711,-0.016000001,-1.440000068,-0.560000027,-0.009328401,0.13326286,0.016657858,FALSE
3634,1000_radii_1,1000,L,0,10,89.35281545,0,-58.8261528,470.7330322,339.5592461,-0.016000001,-1.440000068,-0.560000027,-0.009326541,0.133236297,0.016654537,FALSE
3635,1000_radii_1,1000,L,0,10,89.36949172,0,-58.87274551,470.8580322,339.5499058,-0.016000001,-1.440000068,-0.560000027,-0.00933905,0.133414995,0.016676874,FALSE
3636,1000_radii_1,1000,L,0,10,89.38616285,0,-58.91934586,470.9830017,339.5405712,-0.016000001,-1.440000068,-0.560000027,-0.009336345,0.133376358,0.016672045,FALSE
3637,1000_radii_1,1000,L,0,10,89.40286327,0,-58.96604538,471.1081848,339.5312157,-0.016000001,-1.440000068,-0.560000027,-0.009352066,0.133600938,0.016700117,FALSE
3638,1000_radii_1,1000,L,0,10,89.41949276,0,-59.01256561,471.2328186,339.5219059,-0.016000001,-1.440000068,-0.560000027,-0.009312004,0.133028621,0.016628578,FALSE
3639,1000_radii_1,1000,L,0,10,89.43629128,0,-59.05957794,471.3587036,339.5124969,-0.016000001,-1.440000068,-0.560000027,-0.009406666,0.134380931,0.016797616,FALSE
3640,1000_radii_1,1000,L,0,10,89.45280998,0,-59.10583878,471.4825134,339.5032463,-0.016000001,-1.440000068,-0.560000027,-0.009251826,0.132168938,0.016521117,FALSE
3641,1000_radii_1,1000,L,0,10,89.4695104,0,-59.15261841,471.6076355,339.4938946,-0.016000001,-1.440000068,-0.560000027,-0.009351559,0.133593693,0.016699212,FALSE
3642,1000_radii_1,1000,L,0,10,89.48615498,0,-59.19926453,471.7323608,339.4845734,-0.016000001,-1.440000068,-0.560000027,-0.009320794,0.133154193,0.016644274,FALSE
3643,1000_radii_1,1000,L,0,10,89.50278929,0,-59.24590683,471.8569946,339.4752579,-0.016000001,-1.440000068,-0.560000027,-0.009315892,0.133084162,0.01663552,FALSE
3644,1000_radii_1,1000,L,0,10,89.51946103,0,-59.2926712,471.9819031,339.4659233,-0.016000001,-1.440000068,-0.560000027,-0.009336515,0.133378773,0.016672347,FALSE
3645,1000_radii_1,1000,L,0,10,89.53613549,0,-59.33945084,472.1068115,339.4565849,-0.016000001,-1.440000068,-0.560000027,-0.009335838,0.133369113,0.016671139,FALSE
3646,1000_radii_1,1000,L,0,10,89.55285342,0,-59.38638687,472.2320557,339.4472237,-0.016000001,-1.440000068,-0.560000027,-0.009362716,0.133753073,0.016719134,FALSE
3647,1000_radii_1,1000,L,0,10,89.56950313,0,-59.43314743,472.356781,339.4379005,-0.016000001,-1.440000068,-0.560000027,-0.009323668,0.133195245,0.016649406,FALSE
3648,1000_radii_1,1000,L,0,10,89.58614468,0,-59.4799118,472.4814453,339.4285793,-0.016000001,-1.440000068,-0.560000027,-0.009319949,0.133142118,0.016642765,FALSE
3649,1000_radii_1,1000,L,0,10,89.60285054,0,-59.52687454,472.6065674,339.4192257,-0.016000001,-1.440000068,-0.560000027,-0.009355954,0.133656479,0.01670706,FALSE
3650,1000_radii_1,1000,L,0,10,89.619445,0,-59.57353973,472.730835,339.4099312,-0.016000001,-1.440000068,-0.560000027,-0.009292564,0.132750915,0.016593864,FALSE
3651,1000_radii_1,1000,L,0,10,89.6361575,0,-59.62056351,472.8559875,339.4005737,-0.016000001,-1.440000068,-0.560000027,-0.009359504,0.133707191,0.016713399,FALSE
3652,1000_radii_1,1000,L,0,10,89.65284433,0,-59.66753006,472.9809265,339.3912296,-0.016000001,-1.440000068,-0.560000027,-0.009344121,0.13348744,0.01668593,FALSE
3653,1000_radii_1,1000,L,0,10,89.66950702,0,-59.71444702,473.1056824,339.381897,-0.016000001,-1.440000068,-0.560000027,-0.00933026,0.133289424,0.016661178,FALSE
3654,1000_radii_1,1000,L,0,10,89.68622163,0,-59.76153183,473.230835,339.3725395,-0.016000001,-1.440000068,-0.560000027,-0.009359673,0.133709605,0.016713701,FALSE
3655,1000_radii_1,1000,L,0,10,89.70278561,0,-59.80822372,473.3548889,339.3632584,-0.016000001,-1.440000068,-0.560000027,-0.009277689,0.132538409,0.016567301,FALSE
3656,1000_radii_1,1000,L,0,10,89.7194658,0,-59.85525131,473.4797668,339.35392,-0.016000001,-1.440000068,-0.560000027,-0.009340233,0.133431899,0.016678987,FALSE
3657,1000_radii_1,1000,L,0,10,89.73611008,0,-59.90220261,473.6043701,339.3445988,-0.016000001,-1.440000068,-0.560000027,-0.009321301,0.133161437,0.01664518,FALSE
3658,1000_radii_1,1000,L,0,10,89.75280536,0,-59.94930649,473.7293091,339.3352528,-0.016000001,-1.440000068,-0.560000027,-0.009347333,0.133533322,0.016691665,FALSE
3659,1000_radii_1,1000,L,0,10,89.76951755,0,-59.99649811,473.8544312,339.3258915,-0.016000001,-1.440000068,-0.560000027,-0.009360518,0.13372168,0.01671521,FALSE
3660,1000_radii_1,1000,L,0,10,89.78614342,0,-60.04345703,473.9788818,339.3165798,-0.016000001,-1.440000068,-0.560000027,-0.009310652,0.133009302,0.016626163,FALSE
3661,1000_radii_1,1000,L,0,10,89.80277954,0,-60.09046555,474.1033936,339.3072643,-0.016000001,-1.440000068,-0.560000027,-0.009316399,0.133091407,0.016636426,FALSE
3662,1000_radii_1,1000,L,0,10,89.81948237,0,-60.13767624,474.2283936,339.2979126,-0.016000001,-1.440000068,-0.560000027,-0.009352742,0.133610597,0.016701325,FALSE
3663,1000_radii_1,1000,L,0,10,89.8361194,0,-60.1847229,474.3528748,339.2885952,-0.016000001,-1.440000068,-0.560000027,-0.009315892,0.133084162,0.01663552,FALSE
3664,1000_radii_1,1000,L,0,10,89.85278179,0,-60.23187256,474.4775696,339.2792625,-0.016000001,-1.440000068,-0.560000027,-0.009332289,0.133318402,0.0166648,FALSE
3665,1000_radii_1,1000,L,0,10,89.86949247,0,-60.27915955,474.6025696,339.269907,-0.016000001,-1.440000068,-0.560000027,-0.009355278,0.13364682,0.016705852,FALSE
3666,1000_radii_1,1000,L,0,10,89.88620104,0,-60.32648087,474.7276001,339.2605515,-0.016000001,-1.440000068,-0.560000027,-0.009357982,0.133685457,0.016710682,FALSE
3667,1000_radii_1,1000,L,0,10,89.90277257,0,-60.37343597,474.851593,339.2512684,-0.016000001,-1.440000068,-0.560000027,-0.009281577,0.13259395,0.016574244,FALSE
3668,1000_radii_1,1000,L,0,10,89.91947268,0,-60.42076874,474.976532,339.2419167,-0.016000001,-1.440000068,-0.560000027,-0.009352573,0.133608182,0.016701023,FALSE
3669,1000_radii_1,1000,L,0,10,89.93615258,0,-60.46806335,475.1013184,339.2325764,-0.016000001,-1.440000068,-0.560000027,-0.009340571,0.133436729,0.016679591,FALSE
3670,1000_radii_1,1000,L,0,10,89.9528373,0,-60.5153656,475.2260437,339.223238,-0.016000001,-1.440000068,-0.560000027,-0.009338374,0.133405336,0.016675667,FALSE
3671,1000_radii_1,1000,L,0,10,89.96945531,0,-60.56254578,475.3504028,339.2139263,-0.016000001,-1.440000068,-0.560000027,-0.009310483,0.133006887,0.016625861,FALSE
3672,1000_radii_1,1000,L,0,10,89.98644189,0,-60.61074448,475.4773865,339.2044201,-0.016000001,-1.440000068,-0.560000027,-0.009507075,0.135815345,0.016976918,TRUE
3673,1000_radii_1,1000,L,0,10,90.00310277,0,-60.65773392,475.6011047,339.1951523,-0.016000001,-1.440000068,-0.560000027,-0.009264842,0.132354881,0.01654436,TRUE
3674,1000_radii_1,1000,L,0,10,90.01975217,0,-60.7050705,475.7256775,339.1858234,-0.016000001,-1.440000068,-0.560000027,-0.009329246,0.133274934,0.016659367,TRUE
3675,1000_radii_1,1000,L,0,10,90.03642723,0,-60.75279999,475.8512268,339.176424,-0.016000001,-1.440000068,-0.560000027,-0.009402609,0.134322974,0.016790372,TRUE
3676,1000_radii_1,1000,L,0,10,90.0533468,0,-60.8006897,475.9771423,339.1669922,-0.016000001,-1.440000068,-0.560000027,-0.009430162,0.134716593,0.016839574,TRUE
3677,1000_radii_1,1000,L,0,10,90.0704674,0,-60.84945679,476.1053162,339.1573944,-0.016000001,-1.440000068,-0.560000027,-0.009598863,0.137126602,0.017140825,TRUE
3678,1000_radii_1,1000,L,0,10,90.0863504,0,-60.89484406,476.2245178,339.1484642,-0.016000001,-1.440000068,-0.560000027,-0.008929131,0.127559012,0.015944876,TRUE
3679,1000_radii_1,1000,L,0,10,90.10298079,0,-60.94218063,476.3487854,339.1391563,-0.016000001,-1.440000068,-0.560000027,-0.009308792,0.132982739,0.016622842,TRUE
3680,1000_radii_1,1000,L,0,10,90.11964679,0,-60.98950195,476.4729614,339.1298542,-0.016000001,-1.440000068,-0.560000027,-0.0093022,0.13288856,0.01661107,TRUE
3681,1000_radii_1,1000,L,0,10,90.1363294,0,-61.03713608,476.5979004,339.1204948,-0.016000001,-1.440000068,-0.560000027,-0.009359673,0.133709605,0.016713701,TRUE
3682,1000_radii_1,1000,L,0,10,90.15301322,0,-61.08478928,476.7228394,339.1111336,-0.016000001,-1.440000068,-0.560000027,-0.009359673,0.133709605,0.016713701,TRUE
3683,1000_radii_1,1000,L,0,10,90.16969492,0,-61.13235855,476.8474731,339.1017933,-0.016000001,-1.440000068,-0.560000027,-0.00933905,0.133414995,0.016676874,TRUE
3684,1000_radii_1,1000,L,0,10,90.18632803,0,-61.1798172,476.9717712,339.0924835,-0.016000001,-1.440000068,-0.560000027,-0.009312849,0.133040695,0.016630087,TRUE
3685,1000_radii_1,1000,L,0,10,90.20284341,0,-61.22699356,477.0952759,339.0832291,-0.016000001,-1.440000068,-0.560000027,-0.009254193,0.132202746,0.016525343,TRUE
3686,1000_radii_1,1000,L,0,10,90.21977747,0,-61.27532959,477.2217407,339.0737495,-0.016000001,-1.440000068,-0.560000027,-0.009476986,0.135385503,0.016923188,TRUE
3687,1000_radii_1,1000,L,0,10,90.23637465,0,-61.32258606,477.3453064,339.0644875,-0.016000001,-1.440000068,-0.560000027,-0.009261461,0.132306584,0.016538323,TRUE
3688,1000_radii_1,1000,L,0,10,90.25306692,0,-61.37038422,477.4702454,339.0551262,-0.016000001,-1.440000068,-0.560000027,-0.009363899,0.133769976,0.016721247,TRUE
3689,1000_radii_1,1000,L,0,10,90.26962758,0,-61.41785431,477.5942688,339.0458317,-0.016000001,-1.440000068,-0.560000027,-0.009295438,0.132791967,0.016598996,TRUE
3690,1000_radii_1,1000,L,0,10,90.28625133,0,-61.46537399,477.7183533,339.0365295,-0.016000001,-1.440000068,-0.560000027,-0.009301524,0.132878901,0.016609863,TRUE
3691,1000_radii_1,1000,L,0,10,90.30285727,0,-61.51292419,477.8424683,339.0272255,-0.016000001,-1.440000068,-0.560000027,-0.009303721,0.132910294,0.016613787,TRUE
3692,1000_radii_1,1000,L,0,10,90.31952901,0,-61.56068802,477.9670715,339.0178833,-0.016000001,-1.440000068,-0.560000027,-0.00934091,0.133441558,0.016680195,TRUE
3693,1000_radii_1,1000,L,0,10,90.33625961,0,-61.60861588,478.092041,339.0085144,-0.016000001,-1.440000068,-0.560000027,-0.009369308,0.133847251,0.016730906,TRUE
3694,1000_radii_1,1000,L,0,10,90.35300109,0,-61.65641785,478.2166138,338.9991741,-0.016000001,-1.440000068,-0.560000027,-0.00934074,0.133439144,0.016679893,TRUE
3695,1000_radii_1,1000,L,0,10,90.36962544,0,-61.70423126,478.341156,338.9898338,-0.016000001,-1.440000068,-0.560000027,-0.00933905,0.133414995,0.016676874,TRUE
3696,1000_radii_1,1000,L,0,10,90.38632012,0,-61.75211716,478.4658508,338.9804859,-0.016000001,-1.440000068,-0.560000027,-0.009349192,0.133559885,0.016694986,TRUE
3697,1000_radii_1,1000,L,0,10,90.40299035,0,-61.79983139,478.5900269,338.9711742,-0.016000001,-1.440000068,-0.560000027,-0.009311835,0.133026206,0.016628276,TRUE
3698,1000_radii_1,1000,L,0,10,90.41963735,0,-61.84766769,478.714447,338.9618416,-0.016000001,-1.440000068,-0.560000027,-0.00933195,0.133313572,0.016664196,TRUE
3699,1000_radii_1,1000,L,0,10,90.43628645,0,-61.89555359,478.8389587,338.9525032,-0.016000001,-1.440000068,-0.560000027,-0.009337529,0.133393262,0.016674158,TRUE
3700,1000_radii_1,1000,L,0,10,90.45299562,0,-61.94358444,478.9637756,338.9431438,-0.016000001,-1.440000068,-0.560000027,-0.009361363,0.133733754,0.016716719,TRUE
3701,1000_radii_1,1000,L,0,10,90.46969755,0,-61.99149704,479.0882263,338.9338093,-0.016000001,-1.440000068,-0.560000027,-0.009334993,0.133357039,0.01666963,TRUE
3702,1000_radii_1,1000,L,0,10,90.48642483,0,-62.03952408,479.2129211,338.9244556,-0.016000001,-1.440000068,-0.560000027,-0.009352742,0.133610597,0.016701325,TRUE
3703,1000_radii_1,1000,L,0,10,90.50292331,0,-62.0871315,479.3364563,338.9151878,-0.016000001,-1.440000068,-0.560000027,-0.009267547,0.132393518,0.01654919,TRUE
3704,1000_radii_1,1000,L,0,10,90.51971761,0,-62.1353569,479.4615479,338.9058037,-0.016000001,-1.440000068,-0.560000027,-0.009383676,0.134052512,0.016756564,TRUE
3705,1000_radii_1,1000,L,0,10,90.53628853,0,-62.18317795,479.5855103,338.8965034,-0.016000001,-1.440000068,-0.560000027,-0.009301185,0.132874071,0.016609259,TRUE
3706,1000_radii_1,1000,L,0,10,90.5529648,0,-62.23121262,479.7099609,338.8871651,-0.016000001,-1.440000068,-0.560000027,-0.009338543,0.133407751,0.016675969,TRUE
3707,1000_radii_1,1000,L,0,10,90.56965073,0,-62.27912521,479.8340454,338.8778553,-0.016000001,-1.440000068,-0.560000027,-0.009310652,0.133009302,0.016626163,TRUE
3708,1000_radii_1,1000,L,0,10,90.58630165,0,-62.32723236,479.9585571,338.8685074,-0.016000001,-1.440000068,-0.560000027,-0.009344628,0.133494685,0.016686836,TRUE
3709,1000_radii_1,1000,L,0,10,90.60296011,0,-62.37536621,480.0830994,338.8591633,-0.016000001,-1.440000068,-0.560000027,-0.00934615,0.133516418,0.016689552,TRUE
3710,1000_radii_1,1000,L,0,10,90.61962159,0,-62.42344666,480.207428,338.8498325,-0.016000001,-1.440000068,-0.560000027,-0.009331612,0.133308742,0.016663593,TRUE
3711,1000_radii_1,1000,L,0,10,90.63628216,0,-62.47144318,480.3314819,338.840519,-0.016000001,-1.440000068,-0.560000027,-0.009311328,0.133018962,0.01662737,TRUE
3712,1000_radii_1,1000,L,0,10,90.65296628,0,-62.51969147,480.4561462,338.8311634,-0.016000001,-1.440000068,-0.560000027,-0.009356799,0.133668553,0.016708569,TRUE
3713,1000_radii_1,1000,L,0,10,90.6696501,0,-62.56788254,480.5805969,338.8218231,-0.016000001,-1.440000068,-0.560000027,-0.009341248,0.133446388,0.016680799,TRUE
3714,1000_radii_1,1000,L,0,10,90.686298,0,-62.61581421,480.7043152,338.8125362,-0.016000001,-1.440000068,-0.560000027,-0.009286986,0.132671225,0.016583903,TRUE
3715,1000_radii_1,1000,L,0,10,90.7029154,0,-62.66405106,480.8287659,338.803194,-0.016000001,-1.440000068,-0.560000027,-0.009342431,0.133463292,0.016682911,TRUE
3716,1000_radii_1,1000,L,0,10,90.71960526,0,-62.71232605,480.9532471,338.793848,-0.016000001,-1.440000068,-0.560000027,-0.009345643,0.133509174,0.016688647,TRUE
3717,1000_radii_1,1000,L,0,10,90.73626553,0,-62.76041031,481.077179,338.7845402,-0.016000001,-1.440000068,-0.560000027,-0.009305411,0.132934442,0.016616805,TRUE
3718,1000_radii_1,1000,L,0,10,90.75301093,0,-62.8089447,481.2022095,338.7751522,-0.016000001,-1.440000068,-0.560000027,-0.009388409,0.134120128,0.016765016,TRUE
3719,1000_radii_1,1000,L,0,10,90.76967603,0,-62.85730362,481.3267212,338.7658024,-0.016000001,-1.440000068,-0.560000027,-0.009350545,0.133579204,0.016697401,TRUE
3720,1000_radii_1,1000,L,0,10,90.78631789,0,-62.90552902,481.4508362,338.7564812,-0.016000001,-1.440000068,-0.560000027,-0.009320456,0.133149363,0.01664367,TRUE
3721,1000_radii_1,1000,L,0,10,90.80297725,0,-62.95359802,481.5744934,338.7471962,-0.016000001,-1.440000068,-0.560000027,-0.009286479,0.13266398,0.016582998,TRUE
3722,1000_radii_1,1000,L,0,10,90.81960372,0,-63.00201035,481.6989746,338.7378464,-0.016000001,-1.440000068,-0.560000027,-0.009348685,0.133552641,0.01669408,TRUE
3723,1000_radii_1,1000,L,0,10,90.83631893,0,-63.05050278,481.8236084,338.7284851,-0.016000001,-1.440000068,-0.560000027,-0.009360518,0.13372168,0.01671521,TRUE
3724,1000_radii_1,1000,L,0,10,90.85296803,0,-63.09864426,481.9472656,338.7191982,-0.016000001,-1.440000068,-0.560000027,-0.009288677,0.132695373,0.016586922,TRUE
3725,1000_radii_1,1000,L,0,10,90.8697406,0,-63.14743042,482.0725098,338.7097874,-0.016000001,-1.440000068,-0.560000027,-0.009409032,0.134414738,0.016801842,TRUE
3726,1000_radii_1,1000,L,0,10,90.88634804,0,-63.19578552,482.1965942,338.7004681,-0.016000001,-1.440000068,-0.560000027,-0.009322146,0.133173511,0.016646689,TRUE
3727,1000_radii_1,1000,L,0,10,90.90293768,0,-63.24390793,482.3200073,338.6911945,-0.016000001,-1.440000068,-0.560000027,-0.009273294,0.132475623,0.016559453,TRUE
3728,1000_radii_1,1000,L,0,10,90.91960158,0,-63.29235077,482.4441833,338.6818619,-0.016000001,-1.440000068,-0.560000027,-0.009331274,0.133303913,0.016662989,TRUE
3729,1000_radii_1,1000,L,0,10,90.93634908,0,-63.3411293,482.5691833,338.6724701,-0.016000001,-1.440000068,-0.560000027,-0.009392297,0.134175669,0.016771959,TRUE
3730,1000_radii_1,1000,L,0,10,90.95301147,0,-63.38962936,482.6933899,338.6631336,-0.016000001,-1.440000068,-0.560000027,-0.009334317,0.13334738,0.016668422,TRUE
3731,1000_radii_1,1000,L,0,10,90.96963824,0,-63.43785477,482.8168335,338.6538563,-0.016000001,-1.440000068,-0.560000027,-0.009277689,0.132538409,0.016567301,TRUE
3732,1000_radii_1,1000,L,0,10,90.9862979,0,-63.48652267,482.9413452,338.6444969,-0.016000001,-1.440000068,-0.560000027,-0.009358828,0.133697531,0.016712191,TRUE
3733,1000_radii_1,1000,L,0,10,91.00290354,0,-63.53489685,483.0650635,338.6352005,-0.016000001,-1.440000068,-0.560000027,-0.009299157,0.132845093,0.016605637,TRUE
3734,1000_radii_1,1000,L,0,10,91.01961362,0,-63.58347702,483.1892395,338.6258659,-0.016000001,-1.440000068,-0.560000027,-0.009334824,0.133354624,0.016669328,TRUE
3735,1000_radii_1,1000,L,0,10,91.03628929,0,-63.63214874,483.3135986,338.6165161,-0.016000001,-1.440000068,-0.560000027,-0.009348009,0.133542982,0.016692873,TRUE
3736,1000_radii_1,1000,L,0,10,91.05295046,0,-63.68081284,483.4378662,338.607172,-0.016000001,-1.440000068,-0.560000027,-0.009342769,0.133468122,0.016683515,TRUE
3737,1000_radii_1,1000,L,0,10,91.06965179,0,-63.72957993,483.5623474,338.5978146,-0.016000001,-1.440000068,-0.560000027,-0.00935849,0.133692702,0.016711588,TRUE
3738,1000_radii_1,1000,L,0,10,91.08622603,0,-63.77777481,483.6853027,338.5885715,-0.016000001,-1.440000068,-0.560000027,-0.009245403,0.132077175,0.016509647,TRUE
3739,1000_radii_1,1000,L,0,10,91.10294456,0,-63.82676697,483.8102417,338.5791759,-0.016000001,-1.440000068,-0.560000027,-0.009393988,0.134199818,0.016774977,TRUE
3740,1000_radii_1,1000,L,0,10,91.11964559,0,-63.87556458,483.9346313,338.5698242,-0.016000001,-1.440000068,-0.560000027,-0.009352911,0.133613012,0.016701626,TRUE
3741,1000_radii_1,1000,L,0,10,91.13637317,0,-63.92439651,484.0590515,338.5604687,-0.016000001,-1.440000068,-0.560000027,-0.009355785,0.133654064,0.016706758,TRUE
3742,1000_radii_1,1000,L,0,10,91.15293595,0,-63.97291183,484.1825867,338.5511742,-0.016000001,-1.440000068,-0.560000027,-0.009291381,0.132734011,0.016591751,TRUE
3743,1000_radii_1,1000,L,0,10,91.16962399,0,-64.02172852,484.3068542,338.541832,-0.016000001,-1.440000068,-0.560000027,-0.009345474,0.133506759,0.016688345,TRUE
3744,1000_radii_1,1000,L,0,10,91.18636818,0,-64.0705719,484.4311218,338.5324841,-0.016000001,-1.440000068,-0.560000027,-0.009346826,0.133526078,0.01669076,TRUE
3745,1000_radii_1,1000,L,0,10,91.20296687,0,-64.11923218,484.5548401,338.5231762,-0.016000001,-1.440000068,-0.560000027,-0.009306764,0.132953761,0.01661922,TRUE
3746,1000_radii_1,1000,L,0,10,91.21961929,0,-64.16788483,484.6784973,338.513876,-0.016000001,-1.440000068,-0.560000027,-0.009301862,0.132883731,0.016610466,TRUE
3747,1000_radii_1,1000,L,0,10,91.23636197,0,-64.2171402,484.8036194,338.5044613,-0.016000001,-1.440000068,-0.560000027,-0.00941292,0.13447028,0.016808785,TRUE
3748,1000_radii_1,1000,L,0,10,91.25293893,0,-64.26556396,484.9265747,338.4952126,-0.016000001,-1.440000068,-0.560000027,-0.009250305,0.132147205,0.016518401,TRUE
3749,1000_radii_1,1000,L,0,10,91.26961581,0,-64.31466675,485.0512085,338.485836,-0.016000001,-1.440000068,-0.560000027,-0.009376577,0.133951089,0.016743886,TRUE
3750,1000_radii_1,1000,L,0,10,91.28634581,0,-64.36372375,485.1756592,338.4764729,-0.016000001,-1.440000068,-0.560000027,-0.009363223,0.133760317,0.01672004,TRUE
3751,1000_radii_1,1000,L,0,10,91.302911,0,-64.41229248,485.2987976,338.467207,-0.016000001,-1.440000068,-0.560000027,-0.009266532,0.132379029,0.016547379,TRUE
3752,1000_radii_1,1000,L,0,10,91.31958153,0,-64.46131897,485.4230347,338.4578533,-0.016000001,-1.440000068,-0.560000027,-0.009350207,0.133574374,0.016696797,TRUE
3753,1000_radii_1,1000,L,0,10,91.33627108,0,-64.51032257,485.5471802,338.448513,-0.016000001,-1.440000068,-0.560000027,-0.009342431,0.133463292,0.016682911,TRUE
3754,1000_radii_1,1000,L,0,10,91.35303701,0,-64.55944061,485.6715698,338.4391537,-0.016000001,-1.440000068,-0.560000027,-0.009360687,0.133724094,0.016715512,TRUE
3755,1000_radii_1,1000,L,0,10,91.36964415,0,-64.6083374,485.7953186,338.4298401,-0.016000001,-1.440000068,-0.560000027,-0.009313694,0.133052769,0.016631596,TRUE
3756,1000_radii_1,1000,L,0,10,91.38627967,0,-64.657341,485.919281,338.4205093,-0.016000001,-1.440000068,-0.560000027,-0.00933026,0.133289424,0.016661178,TRUE
3757,1000_radii_1,1000,L,0,10,91.40292908,0,-64.70632935,486.0431519,338.4111843,-0.016000001,-1.440000068,-0.560000027,-0.009324175,0.133202489,0.016650311,TRUE
3758,1000_radii_1,1000,L,0,10,91.41965334,0,-64.75540161,486.1671753,338.4018478,-0.016000001,-1.440000068,-0.560000027,-0.009336345,0.133376358,0.016672045,TRUE
3759,1000_radii_1,1000,L,0,10,91.43631875,0,-64.80464935,486.2915649,338.3924809,-0.016000001,-1.440000068,-0.560000027,-0.00936542,0.13379171,0.016723964,TRUE
3760,1000_radii_1,1000,L,0,10,91.45290718,0,-64.85327911,486.4143372,338.3832378,-0.016000001,-1.440000068,-0.560000027,-0.009244219,0.132060271,0.016507534,TRUE
3761,1000_radii_1,1000,L,0,10,91.46965106,0,-64.90266418,486.5389709,338.3738556,-0.016000001,-1.440000068,-0.560000027,-0.009383338,0.134047683,0.01675596,TRUE
3762,1000_radii_1,1000,L,0,10,91.48631587,0,-64.95191956,486.663208,338.364502,-0.016000001,-1.440000068,-0.560000027,-0.00935494,0.13364199,0.016705249,TRUE
3763,1000_radii_1,1000,L,0,10,91.50297312,0,-65.00111389,486.7872314,338.3551617,-0.016000001,-1.440000068,-0.560000027,-0.009339726,0.133424654,0.016678082,TRUE
3764,1000_radii_1,1000,L,0,10,91.5196189,0,-65.05001831,486.9104614,338.3458786,-0.016000001,-1.440000068,-0.560000027,-0.009281577,0.13259395,0.016574244,TRUE
3765,1000_radii_1,1000,L,0,10,91.53633955,0,-65.09960938,487.0353699,338.337059,-0.015,-1.34999997,-0.524999988,-0.008820016,0.134400249,0.016800031,TRUE
3766,1000_radii_1,1000,L,0,10,91.55289085,0,-65.14846802,487.1583862,338.328371,-0.015,-1.34999997,-0.524999988,-0.008685789,0.132354881,0.01654436,TRUE
3767,1000_radii_1,1000,L,0,10,91.56959036,0,-65.19772339,487.2823486,338.3196201,-0.015,-1.34999997,-0.524999988,-0.008752982,0.133378773,0.016672347,TRUE
3768,1000_radii_1,1000,L,0,10,91.58627237,0,-65.24710083,487.4065552,338.3108482,-0.015,-1.34999997,-0.524999988,-0.008771206,0.133656479,0.01670706,TRUE
3769,1000_radii_1,1000,L,0,10,91.6029097,0,-65.29629517,487.5302429,338.3021145,-0.015,-1.34999997,-0.524999988,-0.008735391,0.133110725,0.016638841,TRUE
3770,1000_radii_1,1000,L,0,10,91.61954703,0,-65.3453598,487.6535645,338.2934036,-0.015,-1.34999997,-0.524999988,-0.008709718,0.132719522,0.01658994,TRUE
3771,1000_radii_1,1000,L,0,10,91.63629394,0,-65.39505005,487.7783813,338.284586,-0.015,-1.34999997,-0.524999988,-0.00881653,0.134347123,0.01679339,TRUE
3772,1000_radii_1,1000,L,0,10,91.65295662,0,-65.44437408,487.9022217,338.2758389,-0.015,-1.34999997,-0.524999988,-0.008748544,0.133311157,0.016663895,TRUE
3773,1000_radii_1,1000,L,0,10,91.66960573,0,-65.49350739,488.0255432,338.2671261,-0.015,-1.34999997,-0.524999988,-0.00871162,0.1327485,0.016593562,TRUE
3774,1000_radii_1,1000,L,0,10,91.68631128,0,-65.54308319,488.1499329,338.2583389,-0.015,-1.34999997,-0.524999988,-0.008786895,0.133895548,0.016736943,TRUE
3775,1000_radii_1,1000,L,0,10,91.70293744,0,-65.59242249,488.2736511,338.2495995,-0.015,-1.34999997,-0.524999988,-0.008740938,0.133195245,0.016649406,TRUE
3776,1000_radii_1,1000,L,0,10,91.71960133,0,-65.64160919,488.3969421,338.2408886,-0.015,-1.34999997,-0.524999988,-0.008710986,0.13273884,0.016592355,TRUE
3777,1000_radii_1,1000,L,0,10,91.73629632,0,-65.691185,488.5211487,338.2321129,-0.015,-1.34999997,-0.524999988,-0.008775802,0.133726509,0.016715814,TRUE
3778,1000_radii_1,1000,L,0,10,91.75290528,0,-65.7406311,488.644989,338.223362,-0.015,-1.34999997,-0.524999988,-0.008750446,0.133340135,0.016667517,TRUE
3779,1000_radii_1,1000,L,0,10,91.76958698,0,-65.79014587,488.7689209,338.2146034,-0.015,-1.34999997,-0.524999988,-0.008758528,0.133463292,0.016682911,TRUE
3780,1000_radii_1,1000,L,0,10,91.78626778,0,-65.8394928,488.892395,338.2058773,-0.015,-1.34999997,-0.524999988,-0.008725407,0.132958591,0.016619824,TRUE
3781,1000_radii_1,1000,L,0,10,91.80292835,0,-65.88893127,489.0160522,338.1971397,-0.015,-1.34999997,-0.524999988,-0.008739036,0.133166267,0.016645783,TRUE
3782,1000_radii_1,1000,L,0,10,91.81959255,0,-65.93867493,489.1404114,338.1883507,-0.015,-1.34999997,-0.524999988,-0.008788797,0.133924526,0.016740566,TRUE
3783,1000_radii_1,1000,L,0,10,91.83629357,0,-65.9882431,489.2642517,338.1801777,-0.014,-1.260000039,-0.490000015,-0.008170929,0.133402921,0.016675365,TRUE
3784,1000_radii_1,1000,L,0,10,91.85300093,0,-66.03799438,489.3885193,338.171978,-0.014,-1.260000039,-0.490000015,-0.008198884,0.133859325,0.016732416,TRUE
3785,1000_radii_1,1000,L,0,10,91.8695945,0,-66.08726501,489.5115356,338.164444,-0.013,-1.170000024,-0.455000009,-0.007536611,0.132511846,0.016563981,TRUE
3786,1000_radii_1,1000,L,0,10,91.8862925,0,-66.13703156,489.6357422,338.1568336,-0.013,-1.170000024,-0.455000009,-0.00761009,0.133803784,0.016725473,TRUE
3787,1000_radii_1,1000,L,0,10,91.90292802,0,-66.18655396,489.7592773,338.1498451,-0.012,-1.080000009,-0.420000004,-0.006987426,0.133093822,0.016636728,TRUE
3788,1000_radii_1,1000,L,0,10,91.91961546,0,-66.2362442,489.8831787,338.1428356,-0.012,-1.080000009,-0.420000004,-0.007009105,0.133506759,0.016688345,TRUE
3789,1000_radii_1,1000,L,0,10,91.93627,0,-66.28575897,490.0066223,338.1364365,-0.011,-0.989999995,-0.384999998,-0.006400956,0.133006887,0.016625861,TRUE
3790,1000_radii_1,1000,L,0,10,91.9529182,0,-66.33542633,490.1304016,338.1300182,-0.011,-0.989999995,-0.384999998,-0.006418389,0.133369113,0.016671139,TRUE
3791,1000_radii_1,1000,L,0,10,91.96952655,0,-66.3849411,490.2537537,338.1236191,-0.011,-0.989999995,-0.384999998,-0.006396657,0.132917538,0.016614692,TRUE
3792,1000_radii_1,1000,L,0,10,91.98622787,0,-66.43444824,490.3770447,338.1172256,-0.011,-0.989999995,-0.384999998,-0.006394216,0.132866827,0.016608353,TRUE
3793,1000_radii_1,1000,L,0,10,92.00289358,0,-66.48438263,490.5013733,338.1107807,-0.011,-0.989999995,-0.384999998,-0.006447558,0.133975238,0.016746905,TRUE
3794,1000_radii_1,1000,L,0,10,92.01970267,0,-66.53453064,490.6261902,338.1043072,-0.011,-0.989999995,-0.384999998,-0.006473125,0.134506502,0.016813313,TRUE
3795,1000_radii_1,1000,L,0,10,92.03626484,0,-66.58382416,490.7488403,338.0979443,-0.011,-0.989999995,-0.384999998,-0.006361095,0.132178598,0.016522325,TRUE
3796,1000_radii_1,1000,L,0,10,92.05286383,0,-66.63339996,490.8721313,338.0915489,-0.011,-0.989999995,-0.384999998,-0.006395727,0.13289822,0.016612277,TRUE
3797,1000_radii_1,1000,L,0,10,92.06961768,0,-66.6835022,490.9967041,338.0850868,-0.011,-0.989999995,-0.384999998,-0.006462201,0.134279507,0.016784938,TRUE
3798,1000_radii_1,1000,L,0,10,92.08621064,0,-66.73305511,491.119873,338.0786991,-0.011,-0.989999995,-0.384999998,-0.006389335,0.132765404,0.016595675,TRUE
3799,1000_radii_1,1000,L,0,10,92.10290653,0,-66.78273773,491.2433167,338.0722942,-0.011,-0.989999995,-0.384999998,-0.006403978,0.133069673,0.016633709,TRUE
3800,1000_radii_1,1000,L,0,10,92.11955261,0,-66.83262634,491.3672485,338.0658627,-0.011,-0.989999995,-0.384999998,-0.006429313,0.133596108,0.016699514,TRUE
3801,1000_radii_1,1000,L,0,10,92.13624851,0,-66.88251495,491.4911499,338.0594349,-0.011,-0.989999995,-0.384999998,-0.006427569,0.133559885,0.016694986,TRUE
3802,1000_radii_1,1000,L,0,10,92.15288584,0,-66.93210602,491.6142578,338.053051,-0.011,-0.989999995,-0.384999998,-0.006387011,0.132717107,0.016589638,TRUE
3803,1000_radii_1,1000,L,0,10,92.1695443,0,-66.98190308,491.7378235,338.0466385,-0.011,-0.989999995,-0.384999998,-0.006411881,0.133233882,0.016654235,TRUE
3804,1000_radii_1,1000,L,0,10,92.18626373,0,-67.03208923,491.8623352,338.0401783,-0.011,-0.989999995,-0.384999998,-0.006460574,0.1342457,0.016780712,TRUE
3805,1000_radii_1,1000,L,0,10,92.20285941,0,-67.08164215,491.9852295,338.033802,-0.011,-0.989999995,-0.384999998,-0.006376668,0.132502186,0.016562773,TRUE
3806,1000_radii_1,1000,L,0,10,92.21954957,0,-67.1315918,492.1090698,338.0273762,-0.011,-0.989999995,-0.384999998,-0.006425942,0.133526078,0.01669076,TRUE
3807,1000_radii_1,1000,L,0,10,92.23624153,0,-67.18162537,492.2330933,338.0209389,-0.011,-0.989999995,-0.384999998,-0.006435472,0.133724094,0.016715512,TRUE
3808,1000_radii_1,1000,L,0,10,92.25298602,0,-67.23176575,492.3573303,338.014492,-0.011,-0.989999995,-0.384999998,-0.006447674,0.133977652,0.016747207,TRUE
3809,1000_radii_1,1000,L,0,10,92.26966169,0,-67.28149414,492.4804993,338.0081005,-0.011,-0.989999995,-0.384999998,-0.006392589,0.132833019,0.016604127,TRUE
3810,1000_radii_1,1000,L,0,10,92.28621933,0,-67.33132935,492.6038818,338.0016956,-0.011,-0.989999995,-0.384999998,-0.006404094,0.133072088,0.016634011,TRUE
3811,1000_radii_1,1000,L,0,10,92.30296382,0,-67.38150024,492.7280884,337.9952488,-0.011,-0.989999995,-0.384999998,-0.00644628,0.133948674,0.016743584,TRUE
3812,1000_radii_1,1000,L,0,10,92.31960749,0,-67.43130493,492.8513184,337.9888515,-0.011,-0.989999995,-0.384999998,-0.006397005,0.132924783,0.016615598,TRUE
3813,1000_radii_1,1000,L,0,10,92.3361929,0,-67.4810257,492.9743042,337.9824677,-0.011,-0.989999995,-0.384999998,-0.006384105,0.132656736,0.016582092,TRUE
3814,1000_radii_1,1000,L,0,10,92.35287974,0,-67.53117371,493.0982971,337.9760284,-0.011,-0.989999995,-0.384999998,-0.006437215,0.133760317,0.01672004,TRUE
3815,1000_radii_1,1000,L,0,10,92.36954575,0,-67.5811615,493.2218933,337.9696159,-0.011,-0.989999995,-0.384999998,-0.006415599,0.133311157,0.016663895,TRUE
3816,1000_radii_1,1000,L,0,10,92.38614686,0,-67.63085175,493.344696,337.9632397,-0.011,-0.989999995,-0.384999998,-0.006375622,0.132480453,0.016560057,TRUE
3817,1000_radii_1,1000,L,0,10,92.40290161,0,-67.68123627,493.4691772,337.9567776,-0.011,-0.989999995,-0.384999998,-0.006463015,0.134296411,0.016787051,TRUE
3818,1000_radii_1,1000,L,0,10,92.41952989,0,-67.73116302,493.5924988,337.9503727,-0.011,-0.989999995,-0.384999998,-0.006402351,0.133035865,0.016629483,TRUE
3819,1000_radii_1,1000,L,0,10,92.4361642,0,-67.78093719,493.7153931,337.9439926,-0.011,-0.989999995,-0.384999998,-0.006380851,0.13258912,0.01657364,TRUE
3820,1000_radii_1,1000,L,0,10,92.45297721,0,-67.83162689,493.8405151,337.9374943,-0.011,-0.989999995,-0.384999998,-0.006496484,0.134991885,0.016873986,TRUE
3821,1000_radii_1,1000,L,0,10,92.46956926,0,-67.8815155,493.9635925,337.9311047,-0.011,-0.989999995,-0.384999998,-0.006391659,0.1328137,0.016601713,TRUE
3822,1000_radii_1,1000,L,0,10,92.48621323,0,-67.93144989,494.0867615,337.9247093,-0.011,-0.989999995,-0.384999998,-0.006395843,0.132900635,0.016612579,TRUE
3823,1000_radii_1,1000,L,0,10,92.50285962,0,-67.98149872,494.2101746,337.9183006,-0.011,-0.989999995,-0.384999998,-0.006408859,0.133171096,0.016646387,TRUE
3824,1000_radii_1,1000,L,0,10,92.51956487,0,-68.03180695,494.334198,337.9118576,-0.011,-0.989999995,-0.384999998,-0.006440353,0.133825518,0.01672819,TRUE
3825,1000_radii_1,1000,L,0,10,92.53627646,0,-68.08202362,494.4579468,337.9048481,-0.012,-1.080000009,-0.420000004,-0.007010753,0.133538152,0.016692269,TRUE
3826,1000_radii_1,1000,L,0,10,92.55286459,0,-68.13199615,494.5810547,337.8978748,-0.012,-1.080000009,-0.420000004,-0.006975255,0.132861997,0.01660775,TRUE
3827,1000_radii_1,1000,L,0,10,92.56957768,0,-68.18232727,494.7049866,337.890852,-0.012,-1.080000009,-0.420000004,-0.00702267,0.133765147,0.016720643,TRUE
3828,1000_radii_1,1000,L,0,10,92.5862126,0,-68.23215485,494.8276367,337.8838997,-0.012,-1.080000009,-0.420000004,-0.006949899,0.132379029,0.016547379,TRUE
3829,1000_radii_1,1000,L,0,10,92.60290155,0,-68.2826767,494.9519653,337.8768539,-0.012,-1.080000009,-0.420000004,-0.00704549,0.134199818,0.016774977,TRUE
3830,1000_radii_1,1000,L,0,10,92.61959261,0,-68.33296204,495.0756531,337.8698463,-0.012,-1.080000009,-0.420000004,-0.007009992,0.133523663,0.016690458,TRUE
3831,1000_radii_1,1000,L,0,10,92.63629997,0,-68.38298798,495.1986694,337.862875,-0.012,-1.080000009,-0.420000004,-0.006971578,0.132791967,0.016598996,TRUE
3832,1000_radii_1,1000,L,0,10,92.652937,0,-68.43339539,495.3225708,337.8558521,-0.012,-1.080000009,-0.420000004,-0.007022417,0.133760317,0.01672004,TRUE
3833,1000_radii_1,1000,L,0,10,92.6696347,0,-68.48382568,495.4465027,337.8488274,-0.012,-1.080000009,-0.420000004,-0.007024065,0.13379171,0.016723964,TRUE
3834,1000_radii_1,1000,L,0,10,92.68617152,0,-68.53368378,495.5689697,337.8418884,-0.012,-1.080000009,-0.420000004,-0.006942166,0.132231724,0.016528966,TRUE
3835,1000_radii_1,1000,L,0,10,92.70283722,0,-68.58390045,495.6922913,337.8348961,-0.012,-1.080000009,-0.420000004,-0.006989961,0.133142118,0.016642765,TRUE
3836,1000_radii_1,1000,L,0,10,92.71955515,0,-68.63442993,495.8163452,337.8278637,-0.012,-1.080000009,-0.420000004,-0.007031798,0.133939015,0.016742377,TRUE
3837,1000_radii_1,1000,L,0,10,92.73615264,0,-68.68447876,495.9391479,337.8209019,-0.012,-1.080000009,-0.420000004,-0.006962577,0.132620513,0.016577564,TRUE
3838,1000_radii_1,1000,L,0,10,92.75283585,0,-68.73477173,496.0625305,337.8139057,-0.012,-1.080000009,-0.420000004,-0.006994652,0.133231467,0.016653933,TRUE
3839,1000_radii_1,1000,L,0,10,92.7695411,0,-68.78538513,496.1866455,337.8068695,-0.012,-1.080000009,-0.420000004,-0.007036743,0.134033194,0.016754149,TRUE
3840,1000_radii_1,1000,L,0,10,92.78622129,0,-68.83579254,496.3102112,337.7998638,-0.012,-1.080000009,-0.420000004,-0.007005555,0.133439144,0.016679893,TRUE
3841,1000_radii_1,1000,L,0,10,92.80282572,0,-68.88581085,496.4327698,337.7929153,-0.012,-1.080000009,-0.420000004,-0.006950279,0.132386274,0.016548284,TRUE
3842,1000_radii_1,1000,L,0,10,92.81956599,0,-68.93652344,496.5569763,337.7858696,-0.012,-1.080000009,-0.420000004,-0.007043842,0.134168425,0.016771053,TRUE
3843,1000_radii_1,1000,L,0,10,92.83621901,0,-68.98696899,496.6805115,337.7788658,-0.012,-1.080000009,-0.420000004,-0.007004794,0.133424654,0.016678082,TRUE
3844,1000_radii_1,1000,L,0,10,92.85284005,0,-69.03728485,496.8036804,337.7718811,-0.012,-1.080000009,-0.420000004,-0.00698489,0.133045525,0.016630691,TRUE
3845,1000_radii_1,1000,L,0,10,92.86960114,0,-69.08779907,496.9272766,337.7648697,-0.012,-1.080000009,-0.420000004,-0.007010499,0.133533322,0.016691665,TRUE
3846,1000_radii_1,1000,L,0,10,92.88622941,0,-69.13833618,497.0509033,337.7578583,-0.012,-1.080000009,-0.420000004,-0.007011514,0.133552641,0.01669408,TRUE
3847,1000_radii_1,1000,L,0,10,92.90285377,0,-69.18869019,497.1740112,337.7508755,-0.012,-1.080000009,-0.420000004,-0.006983496,0.133018962,0.01662737,TRUE
3848,1000_radii_1,1000,L,0,10,92.91955237,0,-69.2390976,497.2972412,337.743885,-0.012,-1.080000009,-0.420000004,-0.006989581,0.133134874,0.016641859,TRUE
3849,1000_radii_1,1000,L,0,10,92.93619393,0,-69.28966522,497.4208069,337.7368755,-0.012,-1.080000009,-0.420000004,-0.007009739,0.133518833,0.016689854,TRUE
3850,1000_radii_1,1000,L,0,10,92.95286145,0,-69.34017181,497.5441589,337.7298756,-0.012,-1.080000009,-0.420000004,-0.006998455,0.133303913,0.016662989,TRUE
3851,1000_radii_1,1000,L,0,10,92.96955251,0,-69.390625,497.6673584,337.722887,-0.012,-1.080000009,-0.420000004,-0.006989708,0.133137289,0.016642161,TRUE
3852,1000_radii_1,1000,L,0,10,92.98617958,0,-69.4411087,497.7905884,337.7158966,-0.012,-1.080000009,-0.420000004,-0.006991863,0.133178341,0.016647293,TRUE
3853,1000_radii_1,1000,L,0,10,93.00289932,0,-69.49195862,497.9146729,337.7088566,-0.012,-1.080000009,-0.420000004,-0.007039785,0.13409115,0.016761394,TRUE
3854,1000_radii_1,1000,L,0,10,93.01949227,0,-69.54230499,498.0374756,337.7018852,-0.012,-1.080000009,-0.420000004,-0.006968409,0.132731596,0.016591449,TRUE
3855,1000_radii_1,1000,L,0,10,93.03621352,0,-69.59281921,498.1606445,337.6948986,-0.012,-1.080000009,-0.420000004,-0.006989074,0.133125215,0.016640652,TRUE
3856,1000_radii_1,1000,L,0,10,93.05288557,0,-69.6436615,498.2845764,337.6878643,-0.012,-1.080000009,-0.420000004,-0.007033193,0.133965578,0.016745697,TRUE
3857,1000_radii_1,1000,L,0,10,93.06953195,0,-69.69424438,498.4078369,337.6808701,-0.012,-1.080000009,-0.420000004,-0.006994779,0.133233882,0.016654235,TRUE
3858,1000_radii_1,1000,L,0,10,93.08627131,0,-69.74493408,498.531311,337.6738625,-0.012,-1.080000009,-0.420000004,-0.00700771,0.133480196,0.016685024,TRUE
3859,1000_radii_1,1000,L,0,10,93.10283378,0,-69.79533386,498.6540527,337.6668968,-0.012,-1.080000009,-0.420000004,-0.006965493,0.132676055,0.016584507,TRUE
3860,1000_radii_1,1000,L,0,10,93.11953058,0,-69.84619141,498.7778625,337.6598701,-0.012,-1.080000009,-0.420000004,-0.007026727,0.133842422,0.016730303,TRUE
3861,1000_radii_1,1000,L,0,10,93.13623583,0,-69.89698792,498.9014893,337.652853,-0.012,-1.080000009,-0.420000004,-0.007016458,0.13364682,0.016705852,TRUE
3862,1000_radii_1,1000,L,0,10,93.15282939,0,-69.94735718,499.0240173,337.6458988,-0.012,-1.080000009,-0.420000004,-0.006955097,0.132478038,0.016559755,TRUE
3863,1000_radii_1,1000,L,0,10,93.16951532,0,-69.99803925,499.1472778,337.6389008,-0.012,-1.080000009,-0.420000004,-0.006996554,0.13326769,0.016658461,TRUE
3864,1000_radii_1,1000,L,0,10,93.18616895,0,-70.0488205,499.2707214,337.6318932,-0.012,-1.080000009,-0.420000004,-0.00700771,0.133480196,0.016685024,TRUE
3865,1000_radii_1,1000,L,0,10,93.20286364,0,-70.09951019,499.3938904,337.6249008,-0.012,-1.080000009,-0.420000004,-0.00699275,0.133195245,0.016649406,TRUE
3866,1000_radii_1,1000,L,0,10,93.21948346,0,-70.15034485,499.5173645,337.6178894,-0.012,-1.080000009,-0.420000004,-0.007011007,0.133542982,0.016692873,TRUE
3867,1000_radii_1,1000,L,0,10,93.23618358,0,-70.20113373,499.6407166,337.6108875,-0.012,-1.080000009,-0.420000004,-0.007002893,0.133388432,0.016673554,TRUE
3868,1000_radii_1,1000,L,0,10,93.25289607,0,-70.25197601,499.7641296,337.6038799,-0.012,-1.080000009,-0.420000004,-0.007007837,0.133482611,0.016685326,TRUE
3869,1000_radii_1,1000,L,0,10,93.2696137,0,-70.30298615,499.8879089,337.5968513,-0.012,-1.080000009,-0.420000004,-0.007028756,0.133881059,0.016735132,TRUE
3870,1000_radii_1,1000,L,0,10,93.28622144,0,-70.35370636,500.0109558,337.5898647,-0.012,-1.080000009,-0.420000004,-0.006986792,0.133081747,0.016635218,TRUE
3871,1000_radii_1,1000,L,0,10,93.30288715,0,-70.4045639,500.1342773,337.5828609,-0.012,-1.080000009,-0.420000004,-0.007003653,0.133402921,0.016675365,TRUE
3872,1000_radii_1,1000,L,0,10,93.31963738,0,-70.45555115,500.2578735,337.5758419,-0.012,-1.080000009,-0.420000004,-0.007019501,0.133704776,0.016713097,TRUE
3873,1000_radii_1,1000,L,0,10,93.33618958,0,-70.50608826,500.3803406,337.5688858,-0.012,-1.080000009,-0.420000004,-0.006955224,0.132480453,0.016560057,TRUE
3874,1000_radii_1,1000,L,0,10,93.35285016,0,-70.55700684,500.5036926,337.5618801,-0.012,-1.080000009,-0.420000004,-0.007005428,0.133436729,0.016679591,TRUE
3875,1000_radii_1,1000,L,0,10,93.36959736,0,-70.60794067,500.6270447,337.5548744,-0.012,-1.080000009,-0.420000004,-0.007006189,0.133451218,0.016681402,TRUE
3876,1000_radii_1,1000,L,0,10,93.38626579,0,-70.65904999,500.7507629,337.5478458,-0.012,-1.080000009,-0.420000004,-0.007027615,0.133859325,0.016732416,TRUE
3877,1000_radii_1,1000,L,0,10,93.40280109,0,-70.70957947,500.8730469,337.5408993,-0.012,-1.080000009,-0.420000004,-0.006946476,0.132313829,0.016539229,TRUE
3878,1000_radii_1,1000,L,0,10,93.41951419,0,-70.76048279,500.9961853,337.533905,-0.012,-1.080000009,-0.420000004,-0.006995793,0.133253201,0.01665665,TRUE
3879,1000_radii_1,1000,L,0,10,93.43619559,0,-70.81152344,501.1195984,337.5268917,-0.012,-1.080000009,-0.420000004,-0.007011894,0.133559885,0.016694986,TRUE
3880,1000_radii_1,1000,L,0,10,93.45280304,0,-70.86243439,501.2426758,337.5199013,-0.012,-1.080000009,-0.420000004,-0.00699275,0.133195245,0.016649406,TRUE
3881,1000_radii_1,1000,L,0,10,93.46956383,0,-70.91348267,501.3660278,337.5128918,-0.012,-1.080000009,-0.420000004,-0.007009105,0.133506759,0.016688345,TRUE
3882,1000_radii_1,1000,L,0,10,93.48614139,0,-70.96442413,501.4891052,337.5058975,-0.012,-1.080000009,-0.420000004,-0.006992624,0.13319283,0.016649104,TRUE
3883,1000_radii_1,1000,L,0,10,93.50268062,0,-71.01507568,501.6114197,337.4989452,-0.012,-1.080000009,-0.420000004,-0.006950787,0.132395933,0.016549492,TRUE
3884,1000_radii_1,1000,L,0,10,93.51947462,0,-71.06649017,501.7355347,337.4918957,-0.012,-1.080000009,-0.420000004,-0.007052844,0.134339878,0.016792485,TRUE
3885,1000_radii_1,1000,L,0,10,93.53619345,0,-71.11752319,501.8587036,337.4848957,-0.012,-1.080000009,-0.420000004,-0.006999089,0.133315987,0.016664498,TRUE
3886,1000_radii_1,1000,L,0,10,93.55286881,0,-71.16874695,501.9822693,337.4778728,-0.012,-1.080000009,-0.420000004,-0.007023177,0.133774806,0.016721851,TRUE
3887,1000_radii_1,1000,L,0,10,93.56949981,0,-71.21974182,502.1052246,337.4708843,-0.012,-1.080000009,-0.420000004,-0.006988947,0.1331228,0.01664035,TRUE
3888,1000_radii_1,1000,L,0,10,93.58622286,0,-71.27079773,502.228302,337.4638882,-0.012,-1.080000009,-0.420000004,-0.006995413,0.133245956,0.016655745,TRUE
3889,1000_radii_1,1000,L,0,10,93.60284088,0,-71.32185364,502.3513489,337.4568939,-0.012,-1.080000009,-0.420000004,-0.006994018,0.133219393,0.016652424,TRUE
3890,1000_radii_1,1000,L,0,10,93.61949149,0,-71.37299347,502.4745483,337.449892,-0.012,-1.080000009,-0.420000004,-0.007002639,0.133383602,0.01667295,TRUE
3891,1000_radii_1,1000,L,0,10,93.63627673,0,-71.42420197,502.5978699,337.4428825,-0.012,-1.080000009,-0.420000004,-0.007010246,0.133528493,0.016691062,TRUE
3892,1000_radii_1,1000,L,0,10,93.65283135,0,-71.47524261,502.7207642,337.435894,-0.012,-1.080000009,-0.420000004,-0.006985651,0.133060014,0.016632502,TRUE
3893,1000_radii_1,1000,L,0,10,93.66954173,0,-71.52661896,502.8443909,337.4288673,-0.012,-1.080000009,-0.420000004,-0.007029009,0.133885889,0.016735736,TRUE
3894,1000_radii_1,1000,L,0,10,93.68615944,0,-71.57759857,502.967041,337.4218941,-0.012,-1.080000009,-0.420000004,-0.006972466,0.132808871,0.016601109,TRUE
3895,1000_radii_1,1000,L,0,10,93.70282485,0,-71.628685,503.0899048,337.4149094,-0.012,-1.080000009,-0.420000004,-0.006985524,0.133057599,0.0166322,TRUE
3896,1000_radii_1,1000,L,0,10,93.71948361,0,-71.67992401,503.2131042,337.4079037,-0.012,-1.080000009,-0.420000004,-0.007004794,0.133424654,0.016678082,TRUE
3897,1000_radii_1,1000,L,0,10,93.73621271,0,-71.73140717,503.336853,337.4008656,-0.012,-1.080000009,-0.420000004,-0.007036109,0.13402112,0.01675264,TRUE
3898,1000_radii_1,1000,L,0,10,93.75280778,0,-71.78245544,503.4595032,337.3938942,-0.012,-1.080000009,-0.420000004,-0.006974114,0.132840264,0.016605033,TRUE
3899,1000_radii_1,1000,L,0,10,93.76952027,0,-71.83371735,503.5826111,337.3868923,-0.012,-1.080000009,-0.420000004,-0.007001245,0.133357039,0.01666963,TRUE
3900,1000_radii_1,1000,L,0,10,93.78612772,0,-71.88492584,503.7055664,337.3798981,-0.012,-1.080000009,-0.420000004,-0.006992243,0.133185585,0.016648198,TRUE
3901,1000_radii_1,1000,L,0,10,93.802839,0,-71.93632507,503.8289185,337.3728848,-0.012,-1.080000009,-0.420000004,-0.007015824,0.133634745,0.016704343,TRUE
3902,1000_radii_1,1000,L,0,10,93.81954033,0,-71.98765564,503.9520569,337.3658791,-0.012,-1.080000009,-0.420000004,-0.007004541,0.133419825,0.016677478,TRUE
3903,1000_radii_1,1000,L,0,10,93.83620241,0,-72.03902435,504.0752563,337.3588734,-0.012,-1.080000009,-0.420000004,-0.007007584,0.133477781,0.016684723,TRUE
3904,1000_radii_1,1000,L,0,10,93.85281831,0,-72.0901947,504.197937,337.3518925,-0.012,-1.080000009,-0.420000004,-0.006978044,0.132915124,0.01661439,TRUE
3905,1000_radii_1,1000,L,0,10,93.86950002,0,-72.14141083,504.3206787,337.3449116,-0.012,-1.080000009,-0.420000004,-0.006982608,0.133002058,0.016625257,TRUE
3906,1000_radii_1,1000,L,0,10,93.88625628,0,-72.19311523,504.4445496,337.3378658,-0.012,-1.080000009,-0.420000004,-0.007046885,0.134226381,0.016778298,TRUE
3907,1000_radii_1,1000,L,0,10,93.9028112,0,-72.24425507,504.5670166,337.3308945,-0.012,-1.080000009,-0.420000004,-0.006968155,0.132726766,0.016590846,TRUE
3908,1000_radii_1,1000,L,0,10,93.91946665,0,-72.29563904,504.690033,337.3238983,-0.012,-1.080000009,-0.420000004,-0.006998963,0.133313572,0.016664196,TRUE
3909,1000_radii_1,1000,L,0,10,93.9361399,0,-72.34696198,504.8128662,337.3169079,-0.012,-1.080000009,-0.420000004,-0.006989074,0.133125215,0.016640652,TRUE
3910,1000_radii_1,1000,L,0,10,93.95284002,0,-72.39835358,504.9358215,337.3099117,-0.012,-1.080000009,-0.420000004,-0.006996173,0.133260445,0.016657556,TRUE
3911,1000_radii_1,1000,L,0,10,93.96951417,0,-72.45001221,505.0593872,337.3028793,-0.012,-1.080000009,-0.420000004,-0.007030657,0.133917282,0.01673966,TRUE
3912,1000_radii_1,1000,L,0,10,93.98618803,0,-72.50128174,505.1819763,337.2959042,-0.012,-1.080000009,-0.420000004,-0.006975635,0.132869242,0.016608655,TRUE
3913,1000_radii_1,1000,L,0,10,94.00281027,0,-72.55281067,505.3051453,337.2888966,-0.012,-1.080000009,-0.420000004,-0.007009232,0.133509174,0.016688647,TRUE
3914,1000_radii_1,1000,L,0,10,94.01948261,0,-72.60430908,505.4281921,337.2818947,-0.012,-1.080000009,-0.420000004,-0.00700302,0.133390847,0.016673856,TRUE
3915,1000_radii_1,1000,L,0,10,94.03622137,0,-72.65579224,505.5511475,337.2748928,-0.012,-1.080000009,-0.420000004,-0.006998836,0.133311157,0.016663895,TRUE
3916,1000_radii_1,1000,L,0,10,94.0527938,0,-72.70715332,505.6737976,337.2679138,-0.012,-1.080000009,-0.420000004,-0.006980326,0.132958591,0.016619824,TRUE
3917,1000_radii_1,1000,L,0,10,94.06958327,0,-72.75913239,505.7978516,337.2608509,-0.012,-1.080000009,-0.420000004,-0.007061591,0.134506502,0.016813313,TRUE
3918,1000_radii_1,1000,L,0,10,94.08610439,0,-72.81025696,505.9198303,337.2539082,-0.012,-1.080000009,-0.420000004,-0.006943433,0.132255873,0.016531984,TRUE
3919,1000_radii_1,1000,L,0,10,94.10283076,0,-72.86170959,506.0425415,337.2469234,-0.012,-1.080000009,-0.420000004,-0.006986158,0.133069673,0.016633709,TRUE
3920,1000_radii_1,1000,L,0,10,94.11951428,0,-72.91358948,506.1662292,337.2398796,-0.012,-1.080000009,-0.420000004,-0.007041814,0.134129787,0.016766223,TRUE
3921,1000_radii_1,1000,L,0,10,94.13620021,0,-72.96516418,506.2891541,337.2328815,-0.012,-1.080000009,-0.420000004,-0.006999343,0.133320816,0.016665102,TRUE
3922,1000_radii_1,1000,L,0,10,94.15287829,0,-73.01663971,506.4118042,337.2259007,-0.012,-1.080000009,-0.420000004,-0.006982862,0.133006887,0.016625861,TRUE
3923,1000_radii_1,1000,L,0,10,94.16952679,0,-73.068367,506.5350037,337.2188816,-0.012,-1.080000009,-0.420000004,-0.007015571,0.133629916,0.016703739,TRUE
3924,1000_radii_1,1000,L,0,10,94.18613786,0,-73.11988068,506.6576538,337.2118969,-0.012,-1.080000009,-0.420000004,-0.006984763,0.13304311,0.016630389,TRUE
3925,1000_radii_1,1000,L,0,10,94.2027924,0,-73.17131805,506.7800903,337.2049274,-0.012,-1.080000009,-0.420000004,-0.006972212,0.132804041,0.016600505,TRUE
3926,1000_radii_1,1000,L,0,10,94.21953085,0,-73.22331238,506.9038086,337.1978817,-0.012,-1.080000009,-0.420000004,-0.007045237,0.134194988,0.016774373,TRUE
3927,1000_radii_1,1000,L,0,10,94.23613739,0,-73.27487946,507.0264893,337.190897,-0.012,-1.080000009,-0.420000004,-0.006985904,0.133064844,0.016633105,TRUE
3928,1000_radii_1,1000,L,0,10,94.2527714,0,-73.3264389,507.1490784,337.1839142,-0.012,-1.080000009,-0.420000004,-0.006982735,0.133004473,0.016625559,TRUE
3929,1000_radii_1,1000,L,0,10,94.26951801,0,-73.37821198,507.2721558,337.1769047,-0.012,-1.080000009,-0.420000004,-0.007009358,0.133511589,0.016688949,TRUE
3930,1000_radii_1,1000,L,0,10,94.28618613,0,-73.4300766,507.3953857,337.1698818,-0.012,-1.080000009,-0.420000004,-0.007019628,0.133707191,0.016713399,TRUE
3931,1000_radii_1,1000,L,0,10,94.30292156,0,-73.48207855,507.5188904,337.1628475,-0.012,-1.080000009,-0.420000004,-0.007035855,0.13401629,0.016752036,TRUE
3932,1000_radii_1,1000,L,0,10,94.31958576,0,-73.53343201,507.6408386,337.1559029,-0.012,-1.080000009,-0.420000004,-0.006946096,0.132306584,0.016538323,TRUE
3933,1000_radii_1,1000,L,0,10,94.33624452,0,-73.58530426,507.7639771,337.1488876,-0.012,-1.080000009,-0.420000004,-0.007015064,0.133620256,0.016702532,TRUE
3934,1000_radii_1,1000,L,0,10,94.35287491,0,-73.63722229,507.8871765,337.1418686,-0.012,-1.080000009,-0.420000004,-0.007019247,0.133699946,0.016712493,TRUE
3935,1000_radii_1,1000,L,0,10,94.36951677,0,-73.68874359,508.0093994,337.1349049,-0.012,-1.080000009,-0.420000004,-0.006963718,0.132642247,0.016580281,TRUE
3936,1000_radii_1,1000,L,0,10,94.38611667,0,-73.740448,508.132019,337.1279182,-0.012,-1.080000009,-0.420000004,-0.006985904,0.133064844,0.016633105,TRUE
3937,1000_radii_1,1000,L,0,10,94.40280803,0,-73.79244995,508.2552795,337.1208954,-0.012,-1.080000009,-0.420000004,-0.007023811,0.13378688,0.01672336,TRUE
3938,1000_radii_1,1000,L,0,10,94.41947223,0,-73.84428406,508.3781128,337.1138954,-0.012,-1.080000009,-0.420000004,-0.006998963,0.133313572,0.016664196,TRUE
3939,1000_radii_1,1000,L,0,10,94.43613763,0,-73.89594269,508.5004883,337.1069202,-0.012,-1.080000009,-0.420000004,-0.006973987,0.132837849,0.016604731,TRUE
3940,1000_radii_1,1000,L,0,10,94.45277376,0,-73.94787598,508.6234741,337.0999126,-0.012,-1.080000009,-0.420000004,-0.007008978,0.133504344,0.016688043,TRUE
3941,1000_radii_1,1000,L,0,10,94.46946391,0,-73.99985504,508.746521,337.0928993,-0.012,-1.080000009,-0.420000004,-0.007013415,0.133588863,0.016698608,TRUE
3942,1000_radii_1,1000,L,0,10,94.4861423,0,-74.05158234,508.868927,337.0859203,-0.012,-1.080000009,-0.420000004,-0.006977157,0.13289822,0.016612277,TRUE
3943,1000_radii_1,1000,L,0,10,94.50283608,0,-74.10368347,508.9921875,337.0788956,-0.012,-1.080000009,-0.420000004,-0.007025586,0.133820688,0.016727586,TRUE
3944,1000_radii_1,1000,L,0,10,94.51947763,0,-74.15563202,509.1150513,337.0718937,-0.012,-1.080000009,-0.420000004,-0.007002512,0.133381187,0.016672648,TRUE
3945,1000_radii_1,1000,L,0,10,94.53612191,0,-74.2075119,509.2377014,337.0649033,-0.012,-1.080000009,-0.420000004,-0.006990976,0.133161437,0.01664518,TRUE
3946,1000_radii_1,1000,L,0,10,94.5527689,0,-74.25930786,509.3601074,337.0579224,-0.012,-1.080000009,-0.420000004,-0.006978424,0.132922368,0.016615296,TRUE
3947,1000_radii_1,1000,L,0,10,94.56953301,0,-74.31166077,509.4837952,337.0508747,-0.012,-1.080000009,-0.420000004,-0.007050815,0.134301241,0.016787655,TRUE
3948,1000_radii_1,1000,L,0,10,94.58614348,0,-74.36347198,509.6061401,337.0438976,-0.012,-1.080000009,-0.420000004,-0.006975889,0.132874071,0.016609259,TRUE
3949,1000_radii_1,1000,L,0,10,94.60281431,0,-74.41534424,509.7286072,337.0369148,-0.012,-1.080000009,-0.420000004,-0.006981847,0.132987569,0.016623446,TRUE
3950,1000_radii_1,1000,L,0,10,94.61944832,0,-74.46740723,509.8514709,337.0299091,-0.012,-1.080000009,-0.420000004,-0.007006189,0.133451218,0.016681402,TRUE
3951,1000_radii_1,1000,L,0,10,94.63611856,0,-74.51948547,509.9743347,337.0229034,-0.012,-1.080000009,-0.420000004,-0.007005682,0.133441558,0.016680195,TRUE
3952,1000_radii_1,1000,L,0,10,94.65274653,0,-74.5712204,510.096344,337.0159473,-0.012,-1.080000009,-0.420000004,-0.006957379,0.132521505,0.016565188,TRUE
3953,1000_radii_1,1000,L,0,10,94.66948166,0,-74.62359619,510.2198181,337.0089054,-0.012,-1.080000009,-0.420000004,-0.007041687,0.134127372,0.016765922,TRUE
3954,1000_radii_1,1000,L,0,10,94.68608972,0,-74.67556,510.3422852,337.0019188,-0.012,-1.080000009,-0.420000004,-0.006984763,0.13304311,0.016630389,TRUE
3955,1000_radii_1,1000,L,0,10,94.70272463,0,-74.72756195,510.4648132,336.9949303,-0.012,-1.080000009,-0.420000004,-0.006987299,0.133091407,0.016636426,TRUE
3956,1000_radii_1,1000,L,0,10,94.71946701,0,-74.77984619,510.5879517,336.9879093,-0.012,-1.080000009,-0.420000004,-0.007023938,0.133789295,0.016723662,TRUE
3957,1000_radii_1,1000,L,0,10,94.73606872,0,-74.83182526,510.7103271,336.9809265,-0.012,-1.080000009,-0.420000004,-0.00698058,0.13296342,0.016620428,TRUE
3958,1000_radii_1,1000,L,0,10,94.75282106,0,-74.88423157,510.8336792,336.9738922,-0.012,-1.080000009,-0.420000004,-0.007035729,0.134013875,0.016751734,TRUE
3959,1000_radii_1,1000,L,0,10,94.76944964,0,-74.93611908,510.9557495,336.9669266,-0.012,-1.080000009,-0.420000004,-0.006963845,0.132644662,0.016580583,TRUE
3960,1000_radii_1,1000,L,0,10,94.7860758,0,-74.98823547,511.0783386,336.9599361,-0.012,-1.080000009,-0.420000004,-0.006993004,0.133200074,0.016650009,TRUE
3961,1000_radii_1,1000,L,0,10,94.80274905,0,-75.04051971,511.2012634,336.9529209,-0.012,-1.080000009,-0.420000004,-0.007013415,0.133588863,0.016698608,TRUE
3962,1000_radii_1,1000,L,0,10,94.81941083,0,-75.09272766,511.3239746,336.9459209,-0.012,-1.080000009,-0.420000004,-0.007001498,0.133361869,0.016670234,TRUE
3963,1000_radii_1,1000,L,0,10,94.83615653,0,-75.1450882,511.4470215,336.9389019,-0.012,-1.080000009,-0.420000004,-0.007019881,0.13371202,0.016714003,TRUE
3964,1000_radii_1,1000,L,0,10,94.85276187,0,-75.19703674,511.5690308,336.9319382,-0.012,-1.080000009,-0.420000004,-0.006962323,0.132615684,0.01657696,TRUE
3965,1000_radii_1,1000,L,0,10,94.86945987,0,-75.24956512,511.6923828,336.9249001,-0.012,-1.080000009,-0.420000004,-0.007038011,0.134057342,0.016757168,TRUE
3966,1000_radii_1,1000,L,0,10,94.88617357,0,-75.30171967,511.8147888,336.9179153,-0.012,-1.080000009,-0.420000004,-0.006985651,0.133060014,0.016632502,TRUE
3967,1000_radii_1,1000,L,0,10,94.90276321,0,-75.35398102,511.9374084,336.9109154,-0.012,-1.080000009,-0.420000004,-0.006997948,0.133294253,0.016661782,TRUE
3968,1000_radii_1,1000,L,0,10,94.91940748,0,-75.40619659,512.0598755,336.9039268,-0.012,-1.080000009,-0.420000004,-0.006990595,0.133154193,0.016644274,TRUE
3969,1000_radii_1,1000,L,0,10,94.93618155,0,-75.45870209,512.1829834,336.8968964,-0.012,-1.080000009,-0.420000004,-0.007027488,0.133856911,0.016732114,TRUE
3970,1000_radii_1,1000,L,0,10,94.95282251,0,-75.51098633,512.305542,336.8899021,-0.012,-1.080000009,-0.420000004,-0.006995666,0.133250786,0.016656348,TRUE
3971,1000_radii_1,1000,L,0,10,94.96946467,0,-75.56332397,512.4281616,336.8829021,-0.012,-1.080000009,-0.420000004,-0.007000611,0.133344965,0.016668121,TRUE
3972,1000_radii_1,1000,L,0,10,94.98607966,0,-75.61553955,512.5504761,336.8759174,-0.012,-1.080000009,-0.420000004,-0.006982735,0.133004473,0.016625559,TRUE
3973,1000_radii_1,-1,R,0,11,95.00255762,0,-75.66731262,512.6716919,336.8689995,-0.012,-1.080000009,-0.420000004,-0.00692074,0.131823617,0.016477952,FALSE
3974,1000_radii_1,-1,R,0,11,95.01922423,0,-75.7196579,512.7942505,336.8620033,-0.012,-1.080000009,-0.420000004,-0.00699554,0.133248371,0.016656046,FALSE
3975,1000_radii_1,-1,R,0,11,95.03588993,0,-75.77207947,512.9169312,336.8549995,-0.012,-1.080000009,-0.420000004,-0.00700378,0.133405336,0.016675667,FALSE
3976,1000_radii_1,-1,R,0,11,95.05285357,0,-75.82530975,513.0414429,336.8478909,-0.012,-1.080000009,-0.420000004,-0.007109767,0.135424141,0.016928018,FALSE
3977,1000_radii_1,-1,R,0,11,95.06943445,0,-75.87747955,513.1634521,336.8409214,-0.012,-1.080000009,-0.420000004,-0.006966254,0.132690544,0.016586318,FALSE
3978,1000_radii_1,-1,R,0,11,95.08670538,0,-75.93187714,513.2906494,336.8336601,-0.012,-1.080000009,-0.420000004,-0.007261775,0.138319532,0.017289942,FALSE
3979,1000_radii_1,-1,R,0,11,95.10258143,0,-75.9818573,513.4074707,336.826992,-0.012,-1.080000009,-0.420000004,-0.006669844,0.127044651,0.015880581,FALSE
3980,1000_radii_1,-1,R,0,11,95.1192894,0,-76.03446198,513.5303345,336.819973,-0.012,-1.080000009,-0.420000004,-0.007018106,0.133678213,0.016709777,FALSE
3981,1000_radii_1,-1,R,0,11,95.13590983,0,-76.08679962,513.6525879,336.812994,-0.012,-1.080000009,-0.420000004,-0.006980453,0.132961005,0.016620126,FALSE
3982,1000_radii_1,-1,R,0,11,95.15254836,0,-76.13921356,513.7749634,336.8060036,-0.012,-1.080000009,-0.420000004,-0.006988693,0.13311797,0.016639746,FALSE
3983,1000_radii_1,-1,R,0,11,95.16924335,0,-76.19174957,513.897583,336.7990017,-0.012,-1.080000009,-0.420000004,-0.0070034,0.133398091,0.016674761,FALSE
3984,1000_radii_1,-1,R,0,11,95.185884,0,-76.24425507,514.0200806,336.7920017,-0.012,-1.080000009,-0.420000004,-0.006997314,0.133282179,0.016660272,FALSE
3985,1000_radii_1,-1,R,0,11,95.20253944,0,-76.29676819,514.1425781,336.7850075,-0.012,-1.080000009,-0.420000004,-0.006996047,0.133258031,0.016657254,FALSE
3986,1000_radii_1,-1,R,0,11,95.21926311,0,-76.34947968,514.2654419,336.7779884,-0.012,-1.080000009,-0.420000004,-0.007020135,0.13371685,0.016714606,FALSE
3987,1000_radii_1,-1,R,0,11,95.23586029,0,-76.4018631,514.3875122,336.7710152,-0.012,-1.080000009,-0.420000004,-0.006975128,0.132859582,0.016607448,FALSE
3988,1000_radii_1,-1,R,0,11,95.25255467,0,-76.45453644,514.5102539,336.7639999,-0.012,-1.080000009,-0.420000004,-0.007011514,0.133552641,0.01669408,FALSE
3989,1000_radii_1,-1,R,0,11,95.26923728,0,-76.50717926,514.6328735,336.7569962,-0.012,-1.080000009,-0.420000004,-0.007005175,0.133431899,0.016678987,FALSE
3990,1000_radii_1,-1,R,0,11,95.28593891,0,-76.55991364,514.7556763,336.749979,-0.012,-1.080000009,-0.420000004,-0.007015824,0.133634745,0.016704343,FALSE
3991,1000_radii_1,-1,R,0,11,95.30264808,0,-76.61266327,514.878418,336.7429638,-0.012,-1.080000009,-0.420000004,-0.00701519,0.133622671,0.016702834,FALSE
3992,1000_radii_1,-1,R,0,11,95.31925674,0,-76.66507721,515.0003662,336.7359943,-0.012,-1.080000009,-0.420000004,-0.006968916,0.132741255,0.016592657,FALSE
3993,1000_radii_1,-1,R,0,11,95.33589467,0,-76.71772003,515.1228027,336.7289982,-0.012,-1.080000009,-0.420000004,-0.006997188,0.133279764,0.016659971,FALSE
3994,1000_radii_1,-1,R,0,11,95.35258392,0,-76.77045441,515.2454224,336.7219906,-0.012,-1.080000009,-0.420000004,-0.007007964,0.133485025,0.016685628,FALSE
3995,1000_radii_1,-1,R,0,11,95.36941595,0,-76.82336426,515.3684082,336.714962,-0.012,-1.080000009,-0.420000004,-0.007029136,0.133888303,0.016736038,FALSE
3996,1000_radii_1,-1,R,0,11,95.38586221,0,-76.87569427,515.4899902,336.7080116,-0.012,-1.080000009,-0.420000004,-0.006949772,0.132376615,0.016547077,FALSE
3997,1000_radii_1,-1,R,0,11,95.40254814,0,-76.92847443,515.6126099,336.701004,-0.012,-1.080000009,-0.420000004,-0.007007964,0.133485025,0.016685628,FALSE
3998,1000_radii_1,-1,R,0,11,95.41919,0,-76.98113251,515.7348633,336.6940136,-0.012,-1.080000009,-0.420000004,-0.006989454,0.133132459,0.016641557,FALSE
3999,1000_radii_1,-1,R,0,11,95.43593026,0,-77.03411865,515.8578491,336.6869831,-0.012,-1.080000009,-0.420000004,-0.007031038,0.133924526,0.016740566,FALSE
4000,1000_radii_1,-1,R,0,11,95.45260623,0,-77.08691406,515.9803467,336.6799793,-0.012,-1.080000009,-0.420000004,-0.00700378,0.133405336,0.016675667,FALSE
4001,1000_radii_1,-1,R,0,11,95.46926137,0,-77.13959503,516.1025391,336.6729908,-0.012,-1.080000009,-0.420000004,-0.006986665,0.133079333,0.016634917,FALSE
4002,1000_radii_1,-1,R,0,11,95.48587546,0,-77.19228363,516.2247314,336.666008,-0.012,-1.080000009,-0.420000004,-0.006986031,0.133067258,0.016633407,FALSE
4003,1000_radii_1,-1,R,0,11,95.50260063,0,-77.24528503,516.3475952,336.6589832,-0.012,-1.080000009,-0.420000004,-0.007025079,0.133811029,0.016726379,FALSE
4004,1000_radii_1,-1,R,0,11,95.5192446,0,-77.29800415,516.4697876,336.6519966,-0.012,-1.080000009,-0.420000004,-0.006985778,0.133062429,0.016632804,FALSE
4005,1000_radii_1,-1,R,0,11,95.53597158,0,-77.35107422,516.5927124,336.6449642,-0.012,-1.080000009,-0.420000004,-0.007030277,0.133910037,0.016738755,FALSE
4006,1000_radii_1,-1,R,0,11,95.5525893,0,-77.40377808,516.7147827,336.6379871,-0.012,-1.080000009,-0.420000004,-0.006979312,0.132939272,0.016617409,FALSE
4007,1000_radii_1,-1,R,0,11,95.56921636,0,-77.45652008,516.8369141,336.6310024,-0.012,-1.080000009,-0.420000004,-0.006983242,0.133014132,0.016626766,FALSE
4008,1000_radii_1,-1,R,0,11,95.58592554,0,-77.50954437,516.9595947,336.6239853,-0.012,-1.080000009,-0.420000004,-0.007017853,0.133673383,0.016709173,FALSE
4009,1000_radii_1,-1,R,0,11,95.60256679,0,-77.56236267,517.0817871,336.6169968,-0.012,-1.080000009,-0.420000004,-0.00698882,0.133120385,0.016640048,FALSE
4010,1000_radii_1,-1,R,0,11,95.61921318,0,-77.61521912,517.2040405,336.6100044,-0.012,-1.080000009,-0.420000004,-0.006991863,0.133178341,0.016647293,FALSE
4011,1000_radii_1,-1,R,0,11,95.63585655,0,-77.66807556,517.3262329,336.603014,-0.012,-1.080000009,-0.420000004,-0.006990342,0.133149363,0.01664367,FALSE
4012,1000_radii_1,-1,R,0,11,95.65261281,0,-77.72130585,517.4492798,336.5959778,-0.012,-1.080000009,-0.420000004,-0.007037884,0.134054927,0.016756866,FALSE
4013,1000_radii_1,-1,R,0,11,95.66927429,0,-77.77418518,517.5714722,336.5889874,-0.012,-1.080000009,-0.420000004,-0.006989581,0.133134874,0.016641859,FALSE
4014,1000_radii_1,-1,R,0,11,95.68586,0,-77.82696533,517.6933594,336.5820122,-0.012,-1.080000009,-0.420000004,-0.006974114,0.132840264,0.016605033,FALSE
4015,1000_radii_1,-1,R,0,11,95.70255559,0,-77.88005066,517.815918,336.5750008,-0.012,-1.080000009,-0.420000004,-0.007012401,0.133569545,0.016696193,FALSE
4016,1000_radii_1,-1,R,0,11,95.71920077,0,-77.93299103,517.9381104,336.5680084,-0.012,-1.080000009,-0.420000004,-0.006990976,0.133161437,0.01664518,FALSE
4017,1000_radii_1,-1,R,0,11,95.73585259,0,-77.98596191,518.0603027,336.5610161,-0.012,-1.080000009,-0.420000004,-0.006993384,0.133207319,0.016650915,FALSE
4018,1000_radii_1,-1,R,0,11,95.75260825,0,-78.03928375,518.1832886,336.553978,-0.012,-1.080000009,-0.420000004,-0.007037503,0.134047683,0.01675596,FALSE
4019,1000_radii_1,-1,R,0,11,95.76941915,0,-78.09248352,518.3059692,336.546957,-0.012,-1.080000009,-0.420000004,-0.007019374,0.133702361,0.016712795,FALSE
4020,1000_radii_1,-1,R,0,11,95.78592065,0,-78.1452713,518.4276733,336.5399952,-0.012,-1.080000009,-0.420000004,-0.006963464,0.132637417,0.016579677,FALSE
4021,1000_radii_1,-1,R,0,11,95.80253413,0,-78.19824219,518.5497437,336.5330105,-0.012,-1.080000009,-0.420000004,-0.006985904,0.133064844,0.016633105,FALSE
4022,1000_radii_1,-1,R,0,11,95.81917176,0,-78.25124359,518.671814,336.5260201,-0.012,-1.080000009,-0.420000004,-0.006987933,0.133103481,0.016637935,FALSE
4023,1000_radii_1,-1,R,0,11,95.83584622,0,-78.30438232,518.7941895,336.5190182,-0.012,-1.080000009,-0.420000004,-0.007003273,0.133395676,0.01667446,FALSE
4024,1000_radii_1,-1,R,0,11,95.85254,0,-78.35758972,518.916687,336.5120068,-0.012,-1.080000009,-0.420000004,-0.007011133,0.133545396,0.016693175,FALSE
4025,1000_radii_1,-1,R,0,11,95.86919303,0,-78.41068268,519.0388794,336.5050144,-0.012,-1.080000009,-0.420000004,-0.006994145,0.133221808,0.016652726,FALSE
4026,1000_radii_1,-1,R,0,11,95.88586628,0,-78.46385956,519.1611938,336.4980106,-0.012,-1.080000009,-0.420000004,-0.007002386,0.133378773,0.016672347,FALSE
4027,1000_radii_1,-1,R,0,11,95.9025332,0,-78.51703644,519.2835083,336.4910107,-0.012,-1.080000009,-0.420000004,-0.007000737,0.13334738,0.016668422,FALSE
4028,1000_radii_1,-1,R,0,11,95.91926682,0,-78.57037354,519.4061279,336.4839916,-0.012,-1.080000009,-0.420000004,-0.007020008,0.133714435,0.016714304,FALSE
4029,1000_radii_1,-1,R,0,11,95.93588211,0,-78.62347412,519.5281372,336.477005,-0.012,-1.080000009,-0.420000004,-0.006986665,0.133079333,0.016634917,FALSE
4030,1000_radii_1,-1,R,0,11,95.9525611,0,-78.67671967,519.6504517,336.4699974,-0.012,-1.080000009,-0.420000004,-0.007004414,0.13341741,0.016677176,FALSE
4031,1000_radii_1,-1,R,0,11,95.96919511,0,-78.7298584,519.7724609,336.4630127,-0.012,-1.080000009,-0.420000004,-0.006987426,0.133093822,0.016636728,FALSE
4032,1000_radii_1,-1,R,0,11,95.98583577,0,-78.78302002,519.8945313,336.4560242,-0.012,-1.080000009,-0.420000004,-0.006988693,0.13311797,0.016639746,FALSE
4033,1000_radii_1,-1,R,0,11,96.00252652,0,-78.83635712,520.0169678,336.4490128,-0.012,-1.080000009,-0.420000004,-0.007010499,0.133533322,0.016691665,FALSE
4034,1000_radii_1,-1,R,0,11,96.01924868,0,-78.88977814,520.1395264,336.4419937,-0.012,-1.080000009,-0.420000004,-0.007018994,0.133695116,0.01671189,TRUE
4035,1000_radii_1,-1,R,0,11,96.03600373,0,-78.94335938,520.2623901,336.4349537,-0.012,-1.080000009,-0.420000004,-0.007038391,0.134064587,0.016758073,TRUE
4036,1000_radii_1,-1,R,0,11,96.05258039,0,-78.99638367,520.3839722,336.4279919,-0.012,-1.080000009,-0.420000004,-0.006963591,0.132639832,0.016579979,TRUE
4037,1000_radii_1,-1,R,0,11,96.06999771,0,-79.05209351,520.5116577,336.4206791,-0.012,-1.080000009,-0.420000004,-0.007313882,0.139312031,0.017414004,TRUE
4038,1000_radii_1,-1,R,0,11,96.08588071,0,-79.10293579,520.6281738,336.4140053,-0.012,-1.080000009,-0.420000004,-0.00667276,0.127100193,0.015887524,TRUE
4039,1000_radii_1,-1,R,0,11,96.10255004,0,-79.15629578,520.7503662,336.4070053,-0.012,-1.080000009,-0.420000004,-0.007000991,0.133352209,0.016669026,TRUE
4040,1000_radii_1,-1,R,0,11,96.11918164,0,-79.20955658,520.8723145,336.4000187,-0.012,-1.080000009,-0.420000004,-0.006986031,0.133067258,0.016633407,TRUE
4041,1000_radii_1,-1,R,0,11,96.13592643,0,-79.26318359,520.9950562,336.3929882,-0.012,-1.080000009,-0.420000004,-0.007031925,0.13394143,0.016742679,TRUE
4042,1000_radii_1,-1,R,0,11,96.15253931,0,-79.31641388,521.1168213,336.3860092,-0.012,-1.080000009,-0.420000004,-0.006978044,0.132915124,0.01661439,TRUE
4043,1000_radii_1,-1,R,0,11,96.16918056,0,-79.36973572,521.2387695,336.3790188,-0.012,-1.080000009,-0.420000004,-0.006988947,0.1331228,0.01664035,TRUE
4044,1000_radii_1,-1,R,0,11,96.1858514,0,-79.42317963,521.3609619,336.372015,-0.012,-1.080000009,-0.420000004,-0.007002259,0.133376358,0.016672045,TRUE
4045,1000_radii_1,-1,R,0,11,96.20252616,0,-79.47664642,521.4831543,336.3650112,-0.012,-1.080000009,-0.420000004,-0.007003527,0.133400506,0.016675063,TRUE
4046,1000_radii_1,-1,R,0,11,96.21919096,0,-79.53009033,521.6052856,336.3580132,-0.012,-1.080000009,-0.420000004,-0.006998963,0.133313572,0.016664196,TRUE
4047,1000_radii_1,-1,R,0,11,96.23583765,0,-79.58349609,521.7272949,336.3510208,-0.012,-1.080000009,-0.420000004,-0.006991863,0.133178341,0.016647293,TRUE
4048,1000_radii_1,-1,R,0,11,96.25251121,0,-79.63700104,521.8494873,336.3440208,-0.012,-1.080000009,-0.420000004,-0.00700302,0.133390847,0.016673856,TRUE
4049,1000_radii_1,-1,R,0,11,96.26924543,0,-79.69071198,521.9721069,336.3369942,-0.012,-1.080000009,-0.420000004,-0.007027361,0.133854496,0.016731812,TRUE
4050,1000_radii_1,-1,R,0,11,96.28590389,0,-79.74420166,522.0941772,336.3299961,-0.012,-1.080000009,-0.420000004,-0.006997188,0.133279764,0.016659971,TRUE
4051,1000_radii_1,-1,R,0,11,96.30264536,0,-79.797966,522.2168579,336.3229618,-0.012,-1.080000009,-0.420000004,-0.007030784,0.133919696,0.016739962,TRUE
4052,1000_radii_1,-1,R,0,11,96.31920844,0,-79.8511734,522.3381958,336.3160057,-0.012,-1.080000009,-0.420000004,-0.006956238,0.132499771,0.016562471,TRUE
4053,1000_radii_1,-1,R,0,11,96.3358506,0,-79.90466309,522.460144,336.3090153,-0.012,-1.080000009,-0.420000004,-0.006990468,0.133151778,0.016643972,TRUE
4054,1000_radii_1,-1,R,0,11,96.3526135,0,-79.9585495,522.5829468,336.3019753,-0.012,-1.080000009,-0.420000004,-0.007040673,0.134108054,0.016763507,TRUE
4055,1000_radii_1,-1,R,0,11,96.36918956,0,-80.01184082,522.7043457,336.2950134,-0.012,-1.080000009,-0.420000004,-0.006961309,0.132596365,0.016574546,TRUE
4056,1000_radii_1,-1,R,0,11,96.38586251,0,-80.06546783,522.8264771,336.2880135,-0.012,-1.080000009,-0.420000004,-0.007002766,0.133386017,0.016673252,TRUE
4057,1000_radii_1,-1,R,0,11,96.40260881,0,-80.11934662,522.9491577,336.2809772,-0.012,-1.080000009,-0.420000004,-0.007033827,0.133977652,0.016747207,TRUE
4058,1000_radii_1,-1,R,0,11,96.41916736,0,-80.17263031,523.0704346,336.274025,-0.012,-1.080000009,-0.420000004,-0.00695459,0.132468378,0.016558547,TRUE
4059,1000_radii_1,-1,R,0,11,96.43585751,0,-80.22635651,523.192688,336.2670155,-0.012,-1.080000009,-0.420000004,-0.007009992,0.133523663,0.016690458,TRUE
4060,1000_radii_1,-1,R,0,11,96.45260019,0,-80.28026581,523.3153076,336.2599812,-0.012,-1.080000009,-0.420000004,-0.007031925,0.13394143,0.016742679,TRUE
4061,1000_radii_1,-1,R,0,11,96.46923873,0,-80.33385468,523.4371338,336.2529945,-0.012,-1.080000009,-0.420000004,-0.006988186,0.133108311,0.016638539,TRUE
4062,1000_radii_1,-1,R,0,11,96.48583803,0,-80.3873291,523.5586548,336.2460232,-0.012,-1.080000009,-0.420000004,-0.006971705,0.132794382,0.016599298,TRUE
4063,1000_radii_1,-1,R,0,11,96.5026118,0,-80.44138336,523.6814575,336.2389774,-0.012,-1.080000009,-0.420000004,-0.00704511,0.134192573,0.016774072,TRUE
4064,1000_radii_1,-1,R,0,11,96.51921683,0,-80.49491119,523.8030396,336.2320042,-0.012,-1.080000009,-0.420000004,-0.006974114,0.132840264,0.016605033,TRUE
4065,1000_radii_1,-1,R,0,11,96.53581824,0,-80.54843903,523.9245605,336.2250309,-0.012,-1.080000009,-0.420000004,-0.006972846,0.132816115,0.016602014,TRUE
4066,1000_radii_1,-1,R,0,11,96.55252047,0,-80.60230255,524.046814,336.2180138,-0.012,-1.080000009,-0.420000004,-0.007014556,0.133610597,0.016701325,TRUE
4067,1000_radii_1,-1,R,0,11,96.56917018,0,-80.65602112,524.1687012,336.2110214,-0.012,-1.080000009,-0.420000004,-0.006993258,0.133204904,0.016650613,TRUE
4068,1000_radii_1,-1,R,0,11,96.58582321,0,-80.70976257,524.2905884,336.2040291,-0.012,-1.080000009,-0.420000004,-0.006994399,0.133226638,0.01665333,TRUE
4069,1000_radii_1,-1,R,0,11,96.60252363,0,-80.76365662,524.4128418,336.1970139,-0.012,-1.080000009,-0.420000004,-0.007012908,0.133579204,0.016697401,TRUE
4070,1000_radii_1,-1,R,0,11,96.61918269,0,-80.81744385,524.53479,336.1900196,-0.012,-1.080000009,-0.420000004,-0.006996807,0.13327252,0.016659065,TRUE
4071,1000_radii_1,-1,R,0,11,96.63584659,0,-80.87126923,524.6567383,336.1830196,-0.012,-1.080000009,-0.420000004,-0.00699947,0.133323231,0.016665404,TRUE
4072,1000_radii_1,-1,R,0,11,96.65250263,0,-80.92507935,524.7786255,336.1760235,-0.012,-1.080000009,-0.420000004,-0.00699592,0.133255616,0.016656952,TRUE
4073,1000_radii_1,-1,R,0,11,96.66920275,0,-80.97904205,524.9008179,336.1690083,-0.012,-1.080000009,-0.420000004,-0.007014049,0.133600938,0.016700117,TRUE
4074,1000_radii_1,-1,R,0,11,96.68584159,0,-81.03282166,525.022583,336.1620216,-0.012,-1.080000009,-0.420000004,-0.006988186,0.133108311,0.016638539,TRUE
4075,1000_radii_1,-1,R,0,11,96.7024916,0,-81.08665466,525.1444092,336.1550274,-0.012,-1.080000009,-0.420000004,-0.006993384,0.133207319,0.016650915,TRUE
4076,1000_radii_1,-1,R,0,11,96.71916425,0,-81.14057922,525.2664185,336.1480236,-0.012,-1.080000009,-0.420000004,-0.007002639,0.133383602,0.01667295,TRUE
4077,1000_radii_1,-1,R,0,11,96.73584565,0,-81.19454193,525.3884888,336.1410198,-0.012,-1.080000009,-0.420000004,-0.007006189,0.133451218,0.016681402,TRUE
4078,1000_radii_1,-1,R,0,11,96.75254184,0,-81.24856567,525.5106201,336.1340065,-0.012,-1.080000009,-0.420000004,-0.007012274,0.13356713,0.016695891,TRUE
4079,1000_radii_1,-1,R,0,11,96.76916288,0,-81.30236816,525.6322021,336.1270256,-0.012,-1.080000009,-0.420000004,-0.00698096,0.132970665,0.016621333,TRUE
4080,1000_radii_1,-1,R,0,11,96.78582013,0,-81.35630035,525.7540894,336.1200275,-0.012,-1.080000009,-0.420000004,-0.006996047,0.133258031,0.016657254,TRUE
4081,1000_radii_1,-1,R,0,11,96.80252206,0,-81.41038513,525.8762817,336.1130161,-0.012,-1.080000009,-0.420000004,-0.007014176,0.133603353,0.016700419,TRUE
4082,1000_radii_1,-1,R,0,11,96.81916814,0,-81.46430969,525.9980469,336.1060219,-0.012,-1.080000009,-0.420000004,-0.006991229,0.133166267,0.016645783,TRUE
4083,1000_radii_1,-1,R,0,11,96.83582419,0,-81.51828766,526.119873,336.0990276,-0.012,-1.080000009,-0.420000004,-0.006996047,0.133258031,0.016657254,TRUE
4084,1000_radii_1,-1,R,0,11,96.85249352,0,-81.57231903,526.2418213,336.0920277,-0.012,-1.080000009,-0.420000004,-0.007001118,0.133354624,0.016669328,TRUE
4085,1000_radii_1,-1,R,0,11,96.86918065,0,-81.62641907,526.3638306,336.0850182,-0.012,-1.080000009,-0.420000004,-0.007008344,0.13349227,0.016686534,TRUE
4086,1000_radii_1,-1,R,0,11,96.88583851,0,-81.68043518,526.4856567,336.0780239,-0.012,-1.080000009,-0.420000004,-0.006995159,0.133241127,0.016655141,TRUE
4087,1000_radii_1,-1,R,0,11,96.90250995,0,-81.73451996,526.607605,336.0710201,-0.012,-1.080000009,-0.420000004,-0.007002766,0.133386017,0.016673252,TRUE
4088,1000_radii_1,-1,R,0,11,96.9191334,0,-81.78845978,526.729187,336.0640392,-0.012,-1.080000009,-0.420000004,-0.006982101,0.132992398,0.01662405,TRUE
4089,1000_radii_1,-1,R,0,11,96.93581058,0,-81.84259033,526.8511353,336.0570335,-0.012,-1.080000009,-0.420000004,-0.007004541,0.133419825,0.016677478,TRUE
4090,1000_radii_1,-1,R,0,11,96.95259008,0,-81.89705658,526.9738159,336.0499878,-0.012,-1.080000009,-0.420000004,-0.007046378,0.134216721,0.01677709,TRUE
4091,1000_radii_1,-1,R,0,11,96.96917036,0,-81.95090485,527.0950317,336.0430241,-0.012,-1.080000009,-0.420000004,-0.006964605,0.132659151,0.016582394,TRUE
4092,1000_radii_1,-1,R,0,11,96.98593175,0,-82.00535583,527.2175903,336.035984,-0.012,-1.080000009,-0.420000004,-0.007040039,0.13409598,0.016761997,TRUE
4093,1000_radii_1,-1,R,0,11,97.00256395,0,-82.05939484,527.3391724,336.0289974,-0.012,-1.080000009,-0.420000004,-0.006985017,0.13304794,0.016630992,TRUE
4094,1000_radii_1,-1,R,0,11,97.01917925,0,-82.11340332,527.4606323,336.0220203,-0.012,-1.080000009,-0.420000004,-0.006978805,0.132929613,0.016616202,TRUE
4095,1000_radii_1,-1,R,0,11,97.03583137,0,-82.1675415,527.5823364,336.0150261,-0.012,-1.080000009,-0.420000004,-0.006993765,0.133214564,0.01665182,TRUE
4096,1000_radii_1,-1,R,0,11,97.05255594,0,-82.22193146,527.7045898,336.0080013,-0.012,-1.080000009,-0.420000004,-0.007024699,0.133803784,0.016725473,TRUE
4097,1000_radii_1,-1,R,0,11,97.06914467,0,-82.27589417,527.8258667,336.0010319,-0.012,-1.080000009,-0.420000004,-0.006967521,0.132714692,0.016589336,TRUE
4098,1000_radii_1,-1,R,0,11,97.08582094,0,-82.33015442,527.9477539,335.99403,-0.012,-1.080000009,-0.420000004,-0.007004161,0.13341258,0.016676573,TRUE
4099,1000_radii_1,-1,R,0,11,97.10251321,0,-82.38447571,528.0697021,335.9870167,-0.012,-1.080000009,-0.420000004,-0.007010119,0.133526078,0.01669076,TRUE
4100,1000_radii_1,-1,R,0,11,97.11914753,0,-82.43862915,528.1912842,335.9800301,-0.012,-1.080000009,-0.420000004,-0.006986411,0.133074503,0.016634313,TRUE
4101,1000_radii_1,-1,R,0,11,97.13580599,0,-82.49287415,528.3129883,335.9730358,-0.012,-1.080000009,-0.420000004,-0.006996554,0.13326769,0.016658461,TRUE
4102,1000_radii_1,-1,R,0,11,97.15251486,0,-82.54730225,528.4350586,335.9660168,-0.012,-1.080000009,-0.420000004,-0.007017979,0.133675798,0.016709475,TRUE
4103,1000_radii_1,-1,R,0,11,97.16921407,0,-82.60170746,528.5570679,335.9590054,-0.012,-1.080000009,-0.420000004,-0.007013542,0.133591278,0.01669891,TRUE
4104,1000_radii_1,-1,R,0,11,97.18585261,0,-82.65593719,528.6786499,335.9520149,-0.012,-1.080000009,-0.420000004,-0.006988313,0.133110725,0.016638841,TRUE
4105,1000_radii_1,-1,R,0,11,97.20253492,0,-82.71031952,528.8005371,335.9450092,-0.012,-1.080000009,-0.420000004,-0.007006569,0.133458462,0.016682308,TRUE
4106,1000_radii_1,-1,R,0,11,97.21917436,0,-82.76457214,528.9220581,335.9380226,-0.012,-1.080000009,-0.420000004,-0.00698806,0.133105896,0.016638237,TRUE
4107,1000_radii_1,-1,R,0,11,97.23583946,0,-82.81893158,529.0437622,335.9310226,-0.012,-1.080000009,-0.420000004,-0.006999216,0.133318402,0.0166648,TRUE
4108,1000_radii_1,-1,R,0,11,97.25255045,0,-82.87345886,529.1658325,335.9240036,-0.012,-1.080000009,-0.420000004,-0.007019374,0.133702361,0.016712795,TRUE
4109,1000_radii_1,-1,R,0,11,97.26913405,0,-82.92758179,529.2869263,335.9170399,-0.012,-1.080000009,-0.420000004,-0.006964859,0.13266398,0.016582998,TRUE
4110,1000_radii_1,-1,R,0,11,97.28579885,0,-82.98197937,529.4086304,335.9100399,-0.012,-1.080000009,-0.420000004,-0.006999089,0.133315987,0.016664498,TRUE
4111,1000_radii_1,-1,R,0,11,97.30250289,0,-83.03652191,529.5306396,335.9030228,-0.012,-1.080000009,-0.420000004,-0.007015824,0.133634745,0.016704343,TRUE
4112,1000_radii_1,-1,R,0,11,97.31925462,0,-83.09121704,529.6529541,335.8959904,-0.012,-1.080000009,-0.420000004,-0.007033446,0.133970408,0.016746301,TRUE
4113,1000_radii_1,-1,R,0,11,97.33583158,0,-83.14538574,529.7740479,335.8890266,-0.012,-1.080000009,-0.420000004,-0.006963464,0.132637417,0.016579677,TRUE
4114,1000_radii_1,-1,R,0,11,97.35259298,0,-83.20014191,529.8964233,335.8819885,-0.012,-1.080000009,-0.420000004,-0.00703725,0.134042853,0.016755357,TRUE
4115,1000_radii_1,-1,R,0,11,97.36922065,0,-83.25450897,530.0178833,335.8750038,-0.012,-1.080000009,-0.420000004,-0.006985524,0.133057599,0.0166322,TRUE
4116,1000_radii_1,-1,R,0,11,97.38586009,0,-83.30892181,530.1394043,335.8680134,-0.012,-1.080000009,-0.420000004,-0.006989454,0.133132459,0.016641557,TRUE
4117,1000_radii_1,-1,R,0,11,97.40249652,0,-83.36334229,530.2608643,335.8610249,-0.012,-1.080000009,-0.420000004,-0.006987806,0.133101066,0.016637633,TRUE
4118,1000_radii_1,-1,R,0,11,97.4191423,0,-83.4178009,530.3823853,335.8540344,-0.012,-1.080000009,-0.420000004,-0.006991102,0.133163852,0.016645481,TRUE
4119,1000_radii_1,-1,R,0,11,97.43582189,0,-83.47238922,530.5041504,335.8470268,-0.012,-1.080000009,-0.420000004,-0.007005682,0.133441558,0.016680195,TRUE
4120,1000_radii_1,-1,R,0,11,97.45249756,0,-83.52697754,530.6258545,335.8400249,-0.012,-1.080000009,-0.420000004,-0.007003653,0.133402921,0.016675365,TRUE
4121,1000_radii_1,-1,R,0,11,97.46925956,0,-83.5818634,530.74823,335.832983,-0.012,-1.080000009,-0.420000004,-0.007040166,0.134098394,0.016762299,TRUE
4122,1000_radii_1,-1,R,0,11,97.48592345,0,-83.63644409,530.869873,335.8259869,-0.012,-1.080000009,-0.420000004,-0.006998836,0.133311157,0.016663895,TRUE
4123,1000_radii_1,-1,R,0,11,97.50246359,0,-83.69063568,530.9906006,335.8190422,-0.012,-1.080000009,-0.420000004,-0.00694711,0.132325903,0.016540738,TRUE
4124,1000_radii_1,-1,R,0,11,97.51913503,0,-83.74526215,531.1122437,335.8120365,-0.012,-1.080000009,-0.420000004,-0.007001625,0.133364284,0.016670535,TRUE
4125,1000_radii_1,-1,R,0,11,97.5358442,0,-83.80003357,531.2341919,335.8050194,-0.012,-1.080000009,-0.420000004,-0.007018487,0.133685457,0.016710682,TRUE
4126,1000_radii_1,-1,R,0,11,97.55250689,0,-83.85466766,531.3557739,335.7980213,-0.012,-1.080000009,-0.420000004,-0.006998075,0.133296668,0.016662084,TRUE
4127,1000_radii_1,-1,R,0,11,97.56918799,0,-83.90937042,531.477478,335.7910156,-0.012,-1.080000009,-0.420000004,-0.007005809,0.133443973,0.016680497,TRUE
4128,1000_radii_1,-1,R,0,11,97.58579151,0,-83.9638443,531.5986328,335.7840424,-0.012,-1.080000009,-0.420000004,-0.00697386,0.132835434,0.016604429,TRUE
4129,1000_radii_1,-1,R,0,11,97.60250914,0,-84.01869965,531.7205811,335.7770214,-0.012,-1.080000009,-0.420000004,-0.007021402,0.133740998,0.016717625,TRUE
4130,1000_radii_1,-1,R,0,11,97.61912806,0,-84.07324982,531.8417969,335.7700405,-0.012,-1.080000009,-0.420000004,-0.006979946,0.132951346,0.016618918,TRUE
4131,1000_radii_1,-1,R,0,11,97.63582063,0,-84.12805939,531.963562,335.7630272,-0.012,-1.080000009,-0.420000004,-0.007011133,0.133545396,0.016693175,TRUE
4132,1000_radii_1,-1,R,0,11,97.65247396,0,-84.18274689,532.085022,335.7560329,-0.012,-1.080000009,-0.420000004,-0.006993891,0.133216978,0.016652122,TRUE
4133,1000_radii_1,-1,R,0,11,97.66913664,0,-84.23748779,532.206543,335.7490368,-0.012,-1.080000009,-0.420000004,-0.006998455,0.133303913,0.016662989,TRUE
4134,1000_radii_1,-1,R,0,11,97.68577579,0,-84.29216003,532.3278809,335.7420483,-0.012,-1.080000009,-0.420000004,-0.006987806,0.133101066,0.016637633,TRUE
4135,1000_radii_1,-1,R,0,11,97.70246262,0,-84.34700775,532.449585,335.7350388,-0.012,-1.080000009,-0.420000004,-0.007008978,0.133504344,0.016688043,TRUE
4136,1000_radii_1,-1,R,0,11,97.71924152,0,-84.40216827,532.5719604,335.727993,-0.012,-1.080000009,-0.420000004,-0.007047265,0.134233625,0.016779203,TRUE
4137,1000_radii_1,-1,R,0,11,97.73585893,0,-84.45681,532.6931152,335.721014,-0.012,-1.080000009,-0.420000004,-0.006979058,0.132934442,0.016616805,TRUE
4138,1000_radii_1,-1,R,0,11,97.75254788,0,-84.51171112,532.8148193,335.7140045,-0.012,-1.080000009,-0.420000004,-0.007009485,0.133514003,0.01668925,TRUE
4139,1000_radii_1,-1,R,0,11,97.76913571,0,-84.56629181,532.935791,335.7070351,-0.012,-1.080000009,-0.420000004,-0.006967014,0.132705033,0.016588129,TRUE
4140,1000_radii_1,-1,R,0,11,97.78579779,0,-84.6211319,533.057312,335.700037,-0.012,-1.080000009,-0.420000004,-0.006998202,0.133299083,0.016662385,TRUE
4141,1000_radii_1,-1,R,0,11,97.80247225,0,-84.67602539,533.178894,335.693037,-0.012,-1.080000009,-0.420000004,-0.007003146,0.133393262,0.016674158,TRUE
4142,1000_radii_1,-1,R,0,11,97.81920255,0,-84.73111725,533.3008423,335.6860104,-0.012,-1.080000009,-0.420000004,-0.0070266,0.133840007,0.016730001,TRUE
4143,1000_radii_1,-1,R,0,11,97.83579763,0,-84.78577423,533.421814,335.6790409,-0.012,-1.080000009,-0.420000004,-0.006969677,0.132755744,0.016594468,TRUE
4144,1000_radii_1,-1,R,0,11,97.85247058,0,-84.8407135,533.543396,335.6720352,-0.012,-1.080000009,-0.420000004,-0.007003146,0.133393262,0.016674158,TRUE
4145,1000_radii_1,-1,R,0,11,97.86912451,0,-84.89559937,533.6647949,335.665041,-0.012,-1.080000009,-0.420000004,-0.006994399,0.133226638,0.01665333,TRUE
4146,1000_radii_1,-1,R,0,11,97.88578599,0,-84.95051575,533.7861938,335.6580448,-0.012,-1.080000009,-0.420000004,-0.0069963,0.13326286,0.016657858,TRUE
4147,1000_radii_1,-1,R,0,11,97.90247282,0,-85.0055542,533.9078369,335.6510353,-0.012,-1.080000009,-0.420000004,-0.007009866,0.133521248,0.016690156,TRUE
4148,1000_radii_1,-1,R,0,11,97.91920313,0,-85.06072998,534.0297852,335.6440105,-0.012,-1.080000009,-0.420000004,-0.007026347,0.133835177,0.016729397,TRUE
4149,1000_radii_1,-1,R,0,11,97.93577767,0,-85.11541748,534.1505737,335.6370468,-0.012,-1.080000009,-0.420000004,-0.006961563,0.132601195,0.016575149,TRUE
4150,1000_radii_1,-1,R,0,11,97.95244127,0,-85.17041016,534.2720337,335.6300507,-0.012,-1.080000009,-0.420000004,-0.006998329,0.133301498,0.016662687,TRUE
4151,1000_radii_1,-1,R,0,11,97.96916281,0,-85.22561646,534.3939209,335.6230259,-0.012,-1.080000009,-0.420000004,-0.007023684,0.133784465,0.016723058,TRUE
4152,1000_radii_1,-1,R,0,11,97.98580226,0,-85.28056335,534.5151978,335.6160374,-0.012,-1.080000009,-0.420000004,-0.006989074,0.133125215,0.016640652,TRUE
4153,1000_radii_1,-1,R,0,11,98.00241816,0,-85.33544159,534.6362915,335.6090584,-0.012,-1.080000009,-0.420000004,-0.006978678,0.132927198,0.0166159,TRUE
4154,1000_radii_1,-1,R,0,11,98.01915389,0,-85.39073181,534.7582397,335.6020298,-0.012,-1.080000009,-0.420000004,-0.007028756,0.133881059,0.016735132,TRUE
4155,1000_radii_1,-1,R,0,11,98.0357873,0,-85.44567871,534.8793945,335.5950432,-0.012,-1.080000009,-0.420000004,-0.006984003,0.133028621,0.016628578,TRUE
4156,1000_radii_1,-1,R,0,11,98.05250644,0,-85.50093842,535.0011597,335.5880222,-0.012,-1.080000009,-0.420000004,-0.007021276,0.133738583,0.016717323,TRUE
4157,1000_radii_1,-1,R,0,11,98.06912686,0,-85.5559082,535.1222534,335.5810413,-0.012,-1.080000009,-0.420000004,-0.006982355,0.132997228,0.016624654,TRUE
4158,1000_radii_1,-1,R,0,11,98.08579619,0,-85.61103821,535.2437134,335.5740414,-0.012,-1.080000009,-0.420000004,-0.007001498,0.133361869,0.016670234,TRUE
4159,1000_radii_1,-1,R,0,11,98.10246793,0,-85.66619873,535.3651733,335.5670357,-0.012,-1.080000009,-0.420000004,-0.007002766,0.133386017,0.016673252,TRUE
4160,1000_radii_1,-1,R,0,11,98.11910979,0,-85.7212677,535.4863892,335.5600471,-0.012,-1.080000009,-0.420000004,-0.006989201,0.133127629,0.016640954,TRUE
4161,1000_radii_1,-1,R,0,11,98.13580025,0,-85.77650452,535.6079102,335.5530376,-0.012,-1.080000009,-0.420000004,-0.007009358,0.133511589,0.016688949,TRUE
4162,1000_radii_1,-1,R,0,11,98.15246475,0,-85.8316803,535.7293091,335.5460396,-0.012,-1.080000009,-0.420000004,-0.00699947,0.133323231,0.016665404,TRUE
4163,1000_radii_1,-1,R,0,11,98.16910812,0,-85.88680267,535.8505249,335.5390491,-0.012,-1.080000009,-0.420000004,-0.006990595,0.133154193,0.016644274,TRUE
4164,1000_radii_1,-1,R,0,11,98.18577262,0,-85.94200897,535.9718628,335.5320511,-0.012,-1.080000009,-0.420000004,-0.006999089,0.133315987,0.016664498,TRUE
4165,1000_radii_1,-1,R,0,11,98.20247998,0,-85.99736786,536.0935059,335.525034,-0.012,-1.080000009,-0.420000004,-0.007017092,0.133658894,0.016707362,TRUE
4166,1000_radii_1,-1,R,0,11,98.21912576,0,-86.05254364,536.2147217,335.5180416,-0.012,-1.080000009,-0.420000004,-0.006991483,0.133171096,0.016646387,TRUE
4167,1000_radii_1,-1,R,0,11,98.23581833,0,-86.10788727,536.3362427,335.5110302,-0.012,-1.080000009,-0.420000004,-0.00701088,0.133540567,0.016692571,TRUE
4168,1000_radii_1,-1,R,0,11,98.2524288,0,-86.1629715,536.4571533,335.504055,-0.012,-1.080000009,-0.420000004,-0.006976142,0.132878901,0.016609863,TRUE
4169,1000_radii_1,-1,R,0,11,98.26907881,0,-86.21820068,536.5783691,335.4970608,-0.012,-1.080000009,-0.420000004,-0.006993004,0.133200074,0.016650009,TRUE
4170,1000_radii_1,-1,R,0,11,98.28578708,0,-86.27363586,536.7000122,335.4900436,-0.012,-1.080000009,-0.420000004,-0.007017219,0.133661309,0.016707664,TRUE
4171,1000_radii_1,-1,R,0,11,98.30251285,0,-86.32913971,536.8217773,335.4830208,-0.012,-1.080000009,-0.420000004,-0.007024445,0.133798954,0.016724869,TRUE
4172,1000_radii_1,-1,R,0,11,98.31909887,0,-86.38420868,536.9425049,335.4760513,-0.012,-1.080000009,-0.420000004,-0.006966887,0.132702618,0.016587827,TRUE
4173,1000_radii_1,-1,R,0,11,98.33587083,0,-86.439888,537.0645142,335.4690094,-0.012,-1.080000009,-0.420000004,-0.007042194,0.134137032,0.016767129,TRUE
4174,1000_radii_1,-1,R,0,11,98.35246258,0,-86.49500275,537.1853027,335.4620419,-0.012,-1.080000009,-0.420000004,-0.006969296,0.1327485,0.016593562,TRUE
4175,1000_radii_1,-1,R,0,11,98.36917537,0,-86.55053711,537.3069458,335.4550209,-0.012,-1.080000009,-0.420000004,-0.007020135,0.13371685,0.016714606,TRUE
4176,1000_radii_1,-1,R,0,11,98.38583051,0,-86.60588074,537.4281616,335.4480247,-0.012,-1.080000009,-0.420000004,-0.006994906,0.133236297,0.016654537,TRUE
4177,1000_radii_1,-1,R,0,11,98.40244068,0,-86.66109467,537.5490112,335.4410496,-0.012,-1.080000009,-0.420000004,-0.006976649,0.13288856,0.01661107,TRUE
4178,1000_radii_1,-1,R,0,11,98.41911544,0,-86.71653748,537.6703491,335.4340458,-0.012,-1.080000009,-0.420000004,-0.007003273,0.133395676,0.01667446,TRUE
4179,1000_radii_1,-1,R,0,11,98.43579261,0,-86.7720108,537.791687,335.427042,-0.012,-1.080000009,-0.420000004,-0.007004921,0.133427069,0.016678384,TRUE
4180,1000_radii_1,-1,R,0,11,98.45248005,0,-86.82752228,537.9130859,335.4200325,-0.012,-1.080000009,-0.420000004,-0.007008344,0.13349227,0.016686534,TRUE
4181,1000_radii_1,-1,R,0,11,98.46914153,0,-86.88297272,538.0343018,335.4130325,-0.012,-1.080000009,-0.420000004,-0.006998202,0.133299083,0.016662385,TRUE
4182,1000_radii_1,-1,R,0,11,98.48574204,0,-86.93823242,538.1550903,335.4060631,-0.012,-1.080000009,-0.420000004,-0.006972212,0.132804041,0.016600505,TRUE
4183,1000_radii_1,-1,R,0,11,98.50243702,0,-86.99381256,538.2765503,335.3990498,-0.012,-1.080000009,-0.420000004,-0.007011514,0.133552641,0.01669408,TRUE
4184,1000_radii_1,-1,R,0,11,98.51915948,0,-87.04950714,538.3981934,335.3920288,-0.012,-1.080000009,-0.420000004,-0.007023558,0.133782051,0.016722756,TRUE
4185,1000_radii_1,-1,R,0,11,98.5357621,0,-87.10482025,538.5189819,335.3850536,-0.012,-1.080000009,-0.420000004,-0.006973353,0.132825775,0.016603222,TRUE
4186,1000_radii_1,-1,R,0,11,98.55242992,0,-87.16036224,538.6401978,335.3780537,-0.012,-1.080000009,-0.420000004,-0.007000611,0.133344965,0.016668121,TRUE
4187,1000_radii_1,-1,R,0,11,98.56910921,0,-87.21595001,538.7614746,335.3710499,-0.012,-1.080000009,-0.420000004,-0.007004668,0.13342224,0.01667778,TRUE
4188,1000_radii_1,-1,R,0,11,98.58573658,0,-87.27138519,538.8823853,335.3640633,-0.012,-1.080000009,-0.420000004,-0.006983622,0.133021376,0.016627672,TRUE
4189,1000_radii_1,-1,R,0,11,98.60243066,0,-87.32705688,539.0037842,335.3570538,-0.012,-1.080000009,-0.420000004,-0.007011894,0.133559885,0.016694986,TRUE
4190,1000_radii_1,-1,R,0,11,98.61913741,0,-87.38278961,539.1252441,335.3500366,-0.012,-1.080000009,-0.420000004,-0.007017092,0.133658894,0.016707362,TRUE
4191,1000_radii_1,-1,R,0,11,98.63574456,0,-87.4382019,539.2459717,335.3430614,-0.012,-1.080000009,-0.420000004,-0.006974748,0.132852338,0.016606542,TRUE
4192,1000_radii_1,-1,R,0,11,98.65243049,0,-87.49388885,539.3673096,335.3360538,-0.012,-1.080000009,-0.420000004,-0.007007964,0.133485025,0.016685628,TRUE
4193,1000_radii_1,-1,R,0,11,98.66909318,0,-87.54951477,539.4884644,335.3290539,-0.012,-1.080000009,-0.420000004,-0.006998075,0.133296668,0.016662084,TRUE
4194,1000_radii_1,-1,R,0,11,98.68575918,0,-87.60516357,539.6096191,335.3220558,-0.012,-1.080000009,-0.420000004,-0.006999343,0.133320816,0.016665102,TRUE
4195,1000_radii_1,-1,R,0,11,98.70247077,0,-87.66098785,539.7311401,335.3150368,-0.012,-1.080000009,-0.420000004,-0.007019374,0.133702361,0.016712795,TRUE
4196,1000_radii_1,-1,R,0,11,98.71909603,0,-87.71653748,539.8519897,335.308054,-0.012,-1.080000009,-0.420000004,-0.006982988,0.133009302,0.016626163,TRUE
4197,1000_radii_1,-1,R,0,11,98.73573668,0,-87.77214813,539.9729614,335.3010654,-0.012,-1.080000009,-0.420000004,-0.006989201,0.133127629,0.016640954,TRUE
4198,1000_radii_1,-1,R,0,11,98.75243438,0,-87.82796478,540.0942993,335.2940521,-0.012,-1.080000009,-0.420000004,-0.007012908,0.133579204,0.016697401,TRUE
4199,1000_radii_1,-1,R,0,11,98.7691016,0,-87.88368988,540.2154541,335.2870522,-0.012,-1.080000009,-0.420000004,-0.006999977,0.133332891,0.016666611,TRUE
4200,1000_radii_1,-1,R,0,11,98.78573169,0,-87.93930817,540.3363037,335.2800674,-0.012,-1.080000009,-0.420000004,-0.006984637,0.133040695,0.016630087,TRUE
4201,1000_radii_1,-1,R,0,11,98.80243875,0,-87.99520111,540.4577026,335.2730503,-0.012,-1.080000009,-0.420000004,-0.007016965,0.133656479,0.01670706,TRUE
4202,1000_radii_1,-1,R,0,11,98.81911834,0,-88.05101013,540.5789185,335.2660427,-0.012,-1.080000009,-0.420000004,-0.007005048,0.133429484,0.016678686,TRUE
4203,1000_radii_1,-1,R,0,11,98.83574752,0,-88.10667419,540.6997681,335.2590599,-0.012,-1.080000009,-0.420000004,-0.00698451,0.13303828,0.016629785,TRUE
4204,1000_radii_1,-1,R,0,11,98.85244945,0,-88.16259766,540.821106,335.2520447,-0.012,-1.080000009,-0.420000004,-0.00701481,0.133615427,0.016701928,TRUE
4205,1000_radii_1,-1,R,0,11,98.86913236,0,-88.21846771,540.9423218,335.2450371,-0.012,-1.080000009,-0.420000004,-0.007006569,0.133458462,0.016682308,TRUE
4206,1000_radii_1,-1,R,0,11,98.88584787,0,-88.27435303,541.0635376,335.2380314,-0.012,-1.080000009,-0.420000004,-0.00700695,0.133465707,0.016683213,TRUE
4207,1000_radii_1,-1,R,0,11,98.90246679,0,-88.33013916,541.1845093,335.2310371,-0.012,-1.080000009,-0.420000004,-0.00699275,0.133195245,0.016649406,TRUE
4208,1000_radii_1,-1,R,0,11,98.91915936,0,-88.38609314,541.3057861,335.2240276,-0.012,-1.080000009,-0.420000004,-0.007011514,0.133552641,0.01669408,TRUE
4209,1000_radii_1,-1,R,0,11,98.93580273,0,-88.44189453,541.4266968,335.2170353,-0.012,-1.080000009,-0.420000004,-0.006990468,0.133151778,0.016643972,TRUE
4210,1000_radii_1,-1,R,0,11,98.95251039,0,-88.49790955,541.5480347,335.210022,-0.012,-1.080000009,-0.420000004,-0.007015697,0.133632331,0.016704041,TRUE
4211,1000_radii_1,-1,R,0,11,98.96912871,0,-88.55366516,541.6687622,335.2030392,-0.012,-1.080000009,-0.420000004,-0.00698096,0.132970665,0.016621333,TRUE
4212,1000_radii_1,-1,R,0,11,98.98574068,0,-88.60940552,541.7894287,335.196064,-0.012,-1.080000009,-0.420000004,-0.006977664,0.132907879,0.016613485,TRUE
4213,1000_radii_1,-1,R,0,11,99.00244804,0,-88.66547394,541.9107666,335.189045,-0.012,-1.080000009,-0.420000004,-0.007016965,0.133656479,0.01670706,TRUE
4214,1000_radii_1,-1,R,0,11,99.01905368,0,-88.72122192,542.0313721,335.1820698,-0.012,-1.080000009,-0.420000004,-0.006974494,0.132847508,0.016605939,TRUE
4215,1000_radii_1,-1,R,0,11,99.0357375,0,-88.77724457,542.1525269,335.1750622,-0.012,-1.080000009,-0.420000004,-0.00700733,0.133472951,0.016684119,TRUE
4216,1000_radii_1,-1,R,0,11,99.05241286,0,-88.8331604,542.2733765,335.1680737,-0.012,-1.080000009,-0.420000004,-0.006991736,0.133175926,0.016646991,TRUE
4217,1000_radii_1,-1,R,0,11,99.06909426,0,-88.88928986,542.3946533,335.1610546,-0.012,-1.080000009,-0.420000004,-0.007017219,0.133661309,0.016707664,TRUE
4218,1000_radii_1,-1,R,0,11,99.08573914,0,-88.94522858,542.5155029,335.1540642,-0.012,-1.080000009,-0.420000004,-0.006991229,0.133166267,0.016645783,TRUE
4219,1000_radii_1,-1,R,0,11,99.10248846,0,-89.00153351,542.637085,335.1470299,-0.012,-1.080000009,-0.420000004,-0.007035095,0.134001801,0.016750225,TRUE
4220,1000_radii_1,-1,R,0,11,99.11907206,0,-89.05728912,542.7574463,335.1400623,-0.012,-1.080000009,-0.420000004,-0.006964479,0.132656736,0.016582092,TRUE
4221,1000_radii_1,-1,R,0,11,99.1357435,0,-89.11336517,542.878479,335.1330624,-0.012,-1.080000009,-0.420000004,-0.007002512,0.133381187,0.016672648,TRUE
4222,1000_radii_1,-1,R,0,11,99.15246596,0,-89.16962433,542.9998779,335.1260376,-0.012,-1.080000009,-0.420000004,-0.007023558,0.133782051,0.016722756,TRUE
4223,1000_radii_1,-1,R,0,11,99.1691057,0,-89.22561646,543.1206665,335.1190491,-0.012,-1.080000009,-0.420000004,-0.00698844,0.13311314,0.016639143,TRUE
4224,1000_radii_1,-1,R,0,11,99.18577926,0,-89.28173828,543.2416992,335.1120472,-0.012,-1.080000009,-0.420000004,-0.00700302,0.133390847,0.016673856,TRUE
4225,1000_radii_1,-1,R,0,11,99.20246428,0,-89.33791351,543.362793,335.1050396,-0.012,-1.080000009,-0.420000004,-0.007007837,0.133482611,0.016685326,TRUE
4226,1000_radii_1,-1,R,0,11,99.21907264,0,-89.3938446,543.4833374,335.0980644,-0.012,-1.080000009,-0.420000004,-0.006975889,0.132874071,0.016609259,TRUE
4227,1000_radii_1,-1,R,0,11,99.23574528,0,-89.45000458,543.6043091,335.0910606,-0.012,-1.080000009,-0.420000004,-0.007002132,0.133373943,0.016671743,TRUE
4228,1000_radii_1,-1,R,0,11,99.25243212,0,-89.50616455,543.7252197,335.0840588,-0.012,-1.080000009,-0.420000004,-0.007000484,0.13334255,0.016667819,TRUE
4229,1000_radii_1,-1,R,0,11,99.26911413,0,-89.56244659,543.8463745,335.0770454,-0.012,-1.080000009,-0.420000004,-0.007014049,0.133600938,0.016700117,TRUE
4230,1000_radii_1,-1,R,0,11,99.28575689,0,-89.61855316,543.9671021,335.0700569,-0.012,-1.080000009,-0.420000004,-0.006990215,0.133146948,0.016643369,TRUE
4231,1000_radii_1,-1,R,0,11,99.30240871,0,-89.67463684,544.0877686,335.0630722,-0.012,-1.080000009,-0.420000004,-0.006985524,0.133057599,0.0166322,TRUE
4232,1000_radii_1,-1,R,0,11,99.31904695,0,-89.73082733,544.2086182,335.0560741,-0.012,-1.080000009,-0.420000004,-0.006996681,0.133270105,0.016658763,TRUE
4233,1000_radii_1,-1,R,0,11,99.33569152,0,-89.7869873,544.3293457,335.0490837,-0.012,-1.080000009,-0.420000004,-0.006990722,0.133156607,0.016644576,TRUE
4234,1000_radii_1,-1,R,0,11,99.3524508,0,-89.84352875,544.4508667,335.0420475,-0.012,-1.080000009,-0.420000004,-0.00703687,0.134035609,0.016754451,TRUE
4235,1000_radii_1,-1,R,0,11,99.36908783,0,-89.89969635,544.5715332,335.0350571,-0.012,-1.080000009,-0.420000004,-0.006988186,0.133108311,0.016638539,TRUE
4236,1000_radii_1,-1,R,0,11,99.38571792,0,-89.95585632,544.6921387,335.0280743,-0.012,-1.080000009,-0.420000004,-0.00698527,0.133052769,0.016631596,TRUE
4237,1000_radii_1,-1,R,0,11,99.40240264,0,-90.01213837,544.8129883,335.0210743,-0.012,-1.080000009,-0.420000004,-0.006999216,0.133318402,0.0166648,TRUE
4238,1000_radii_1,-1,R,0,11,99.41918788,0,-90.06890869,544.9348755,335.0140171,-0.012,-1.080000009,-0.420000004,-0.007057915,0.134436472,0.016804559,TRUE
4239,1000_radii_1,-1,R,0,11,99.4357582,0,-90.12490845,545.0550537,335.0070572,-0.012,-1.080000009,-0.420000004,-0.006959915,0.132569802,0.016571225,TRUE
4240,1000_radii_1,-1,R,0,11,99.4524227,0,-90.18113708,545.1756592,335.0000687,-0.012,-1.080000009,-0.420000004,-0.006986538,0.133076918,0.016634615,TRUE
4241,1000_radii_1,-1,R,0,11,99.46906124,0,-90.23749542,545.2965088,334.9930668,-0.012,-1.080000009,-0.420000004,-0.007000864,0.133349794,0.016668724,TRUE
4242,1000_radii_1,-1,R,0,11,99.48572634,0,-90.29385376,545.4173584,334.9860668,-0.012,-1.080000009,-0.420000004,-0.006999596,0.133325646,0.016665706,TRUE
4243,1000_radii_1,-1,R,0,11,99.5023685,0,-90.35014343,545.5380249,334.9790802,-0.012,-1.080000009,-0.420000004,-0.006988947,0.1331228,0.01664035,TRUE
4244,1000_radii_1,-1,R,0,11,99.51906047,0,-90.40661621,545.6589966,334.9720688,-0.012,-1.080000009,-0.420000004,-0.007009739,0.133518833,0.016689854,TRUE
4245,1000_radii_1,-1,R,0,11,99.53571954,0,-90.46300507,545.7797852,334.9650726,-0.012,-1.080000009,-0.420000004,-0.006997188,0.133279764,0.016659971,TRUE
4246,1000_radii_1,-1,R,0,11,99.55243716,0,-90.5195694,545.9008789,334.9580555,-0.012,-1.080000009,-0.420000004,-0.007017979,0.133675798,0.016709475,TRUE
4247,1000_radii_1,-1,R,0,11,99.56909864,0,-90.57601929,546.0217285,334.9510517,-0.012,-1.080000009,-0.420000004,-0.007001879,0.133369113,0.016671139,TRUE
4248,1000_radii_1,-1,R,0,11,99.58572873,0,-90.63234711,546.1422729,334.944067,-0.012,-1.080000009,-0.420000004,-0.006984763,0.13304311,0.016630389,TRUE
4249,1000_radii_1,-1,R,0,11,99.60241104,0,-90.68880463,546.2630615,334.9370689,-0.012,-1.080000009,-0.420000004,-0.006998455,0.133303913,0.016662989,TRUE
4250,1000_radii_1,-1,R,0,11,99.61904203,0,-90.74523163,546.383728,334.9300766,-0.012,-1.080000009,-0.420000004,-0.006993384,0.133207319,0.016650915,TRUE
4251,1000_radii_1,-1,R,0,11,99.63571317,0,-90.80174255,546.5045166,334.9230747,-0.012,-1.080000009,-0.420000004,-0.007002005,0.133371528,0.016671441,TRUE
4252,1000_radii_1,-1,R,0,11,99.65245464,0,-90.85851288,546.6258545,334.9160442,-0.012,-1.080000009,-0.420000004,-0.007031672,0.1339366,0.016742075,TRUE
4253,1000_radii_1,-1,R,0,11,99.66915808,0,-90.91516113,546.7468872,334.909029,-0.012,-1.080000009,-0.420000004,-0.00701519,0.133622671,0.016702834,TRUE
4254,1000_radii_1,-1,R,0,11,99.6857613,0,-90.97148895,546.8671875,334.9020538,-0.012,-1.080000009,-0.420000004,-0.006973353,0.132825775,0.016603222,TRUE
4255,1000_radii_1,-1,R,0,11,99.70243063,0,-91.02801514,546.987854,334.8950577,-0.012,-1.080000009,-0.420000004,-0.006996554,0.13326769,0.016658461,TRUE
4256,1000_radii_1,-1,R,0,11,99.71909844,0,-91.08461761,547.1086426,334.8880539,-0.012,-1.080000009,-0.420000004,-0.007004161,0.13341258,0.016676573,TRUE
4257,1000_radii_1,-1,R,0,11,99.73578136,0,-91.14125824,547.2294922,334.8810444,-0.012,-1.080000009,-0.420000004,-0.007007203,0.133470536,0.016683817,TRUE
4258,1000_radii_1,-1,R,0,11,99.75232964,0,-91.19745636,547.3493652,334.8740959,-0.012,-1.080000009,-0.420000004,-0.00695066,0.132393518,0.01654919,TRUE
4259,1000_radii_1,-1,R,0,11,99.76902342,0,-91.25416565,547.4702759,334.8670845,-0.012,-1.080000009,-0.420000004,-0.007011514,0.133552641,0.01669408,TRUE
4260,1000_radii_1,-1,R,0,11,99.78573591,0,-91.31095123,547.5913086,334.8600636,-0.012,-1.080000009,-0.420000004,-0.00701912,0.133697531,0.016712191,TRUE
4261,1000_radii_1,-1,R,0,11,99.80235423,0,-91.36743164,547.7116699,334.8530865,-0.012,-1.080000009,-0.420000004,-0.006979946,0.132951346,0.016618918,TRUE
4262,1000_radii_1,-1,R,0,11,99.81905344,0,-91.42420197,547.8325806,334.8460712,-0.012,-1.080000009,-0.420000004,-0.007013415,0.133588863,0.016698608,TRUE
4263,1000_radii_1,-1,R,0,11,99.83577801,0,-91.48107147,547.9536743,334.8390484,-0.012,-1.080000009,-0.420000004,-0.007024318,0.13379654,0.016724567,TRUE
4264,1000_radii_1,-1,R,0,11,99.8524099,0,-91.53756714,548.0739746,334.8320713,-0.012,-1.080000009,-0.420000004,-0.006976523,0.132886145,0.016610768,TRUE
4265,1000_radii_1,-1,R,0,11,99.86909795,0,-91.59441376,548.1949463,334.8250542,-0.012,-1.080000009,-0.420000004,-0.007018106,0.133678213,0.016709777,TRUE
4266,1000_radii_1,-1,R,0,11,99.88571717,0,-91.65097046,548.3152466,334.8180714,-0.012,-1.080000009,-0.420000004,-0.006979946,0.132951346,0.016618918,TRUE
4267,1000_radii_1,-1,R,0,11,99.90239585,0,-91.70770264,548.4359131,334.8110733,-0.012,-1.080000009,-0.420000004,-0.007000104,0.133335305,0.016666913,TRUE
4268,1000_radii_1,-1,R,0,11,99.91909627,0,-91.76459503,548.5568848,334.8040543,-0.012,-1.080000009,-0.420000004,-0.00701836,0.133683042,0.01671038,TRUE
4269,1000_radii_1,-1,R,0,11,99.93576832,0,-91.82137299,548.6775513,334.7970505,-0.012,-1.080000009,-0.420000004,-0.007002259,0.133376358,0.016672045,TRUE
4270,1000_radii_1,-1,R,0,11,99.95240293,0,-91.87799072,548.7978516,334.7900715,-0.012,-1.080000009,-0.420000004,-0.006980199,0.132956176,0.016619522,TRUE
4271,1000_radii_1,-1,R,0,11,99.96904479,0,-91.93475342,548.918396,334.7830753,-0.012,-1.080000009,-0.420000004,-0.006996427,0.133265275,0.016658159,TRUE
4272,1000_radii_1,-1,R,0,11,99.98568363,0,-91.99146271,549.0388184,334.7760868,-0.012,-1.080000009,-0.420000004,-0.006988313,0.133110725,0.016638841,TRUE
4273,1000_radii_1,-1,R,0,11,100.0024565,0,-92.04857635,549.1600342,334.7690525,-0.012,-1.080000009,-0.420000004,-0.007036236,0.134023534,0.016752942,TRUE
4274,1000_radii_1,-1,R,0,11,100.0190295,0,-92.10515594,549.2800903,334.7620811,-0.012,-1.080000009,-0.420000004,-0.006968789,0.13273884,0.016592355,TRUE
4275,1000_radii_1,-1,R,0,11,100.035682,0,-92.16196442,549.4005737,334.7550888,-0.012,-1.080000009,-0.420000004,-0.006994652,0.133231467,0.016653933,TRUE
4276,1000_radii_1,-1,R,0,11,100.0524295,0,-92.21905518,549.5216675,334.7480602,-0.012,-1.080000009,-0.420000004,-0.007028122,0.133868985,0.016733623,TRUE
4277,1000_radii_1,-1,R,0,11,100.069122,0,-92.27604675,549.6425171,334.7410469,-0.012,-1.080000009,-0.420000004,-0.007013796,0.133596108,0.016699514,TRUE
4278,1000_radii_1,-1,R,0,11,100.0857129,0,-92.33270264,549.7625732,334.7340755,-0.012,-1.080000009,-0.420000004,-0.006970184,0.132765404,0.016595675,TRUE
4279,1000_radii_1,-1,R,0,11,100.1023753,0,-92.38960266,549.8831177,334.7270775,-0.012,-1.080000009,-0.420000004,-0.006998582,0.133306327,0.016663291,TRUE
4280,1000_radii_1,-1,R,0,11,100.1190301,0,-92.44648743,550.0036011,334.7200832,-0.012,-1.080000009,-0.420000004,-0.006994779,0.133233882,0.016654235,TRUE
4281,1000_radii_1,-1,R,0,11,100.1356958,0,-92.5034256,550.1241455,334.7130833,-0.012,-1.080000009,-0.420000004,-0.006999977,0.133332891,0.016666611,TRUE
4282,1000_radii_1,-1,R,0,11,100.1524361,0,-92.56056213,550.2451172,334.7060604,-0.012,-1.080000009,-0.420000004,-0.007022417,0.133760317,0.01672004,TRUE
4283,1000_radii_1,-1,R,0,11,100.169109,0,-92.61762238,550.3658447,334.6990471,-0.012,-1.080000009,-0.420000004,-0.00701088,0.133540567,0.016692571,TRUE
4284,1000_radii_1,-1,R,0,11,100.1857747,0,-92.67459869,550.4863892,334.692049,-0.012,-1.080000009,-0.420000004,-0.006999596,0.133325646,0.016665706,TRUE
4285,1000_radii_1,-1,R,0,11,100.202362,0,-92.73133087,550.6063843,334.6850815,-0.012,-1.080000009,-0.420000004,-0.006967014,0.132705033,0.016588129,TRUE
4286,1000_radii_1,-1,R,0,11,100.2190965,0,-92.78857422,550.727417,334.6780529,-0.012,-1.080000009,-0.420000004,-0.007028122,0.133868985,0.016733623,TRUE
4287,1000_radii_1,-1,R,0,11,100.2357767,0,-92.84565735,550.8480225,334.6710472,-0.012,-1.080000009,-0.420000004,-0.007006443,0.133456047,0.016682006,TRUE
4288,1000_radii_1,-1,R,0,11,100.2523382,0,-92.90233612,550.9677734,334.664093,-0.012,-1.080000009,-0.420000004,-0.006955224,0.132480453,0.016560057,TRUE
4289,1000_radii_1,-1,R,0,11,100.2690302,0,-92.95948792,551.088501,334.6570816,-0.012,-1.080000009,-0.420000004,-0.00701126,0.133547811,0.016693476,TRUE
4290,1000_radii_1,-1,R,0,11,100.2857496,0,-93.01673889,551.2093506,334.6500607,-0.012,-1.080000009,-0.420000004,-0.007021656,0.133745828,0.016718228,TRUE
4291,1000_radii_1,-1,R,0,11,100.3024102,0,-93.07377625,551.3297119,334.6430664,-0.012,-1.080000009,-0.420000004,-0.006993891,0.133216978,0.016652122,TRUE
4292,1000_radii_1,-1,R,0,11,100.3190343,0,-93.13076019,551.4499512,334.6360779,-0.012,-1.080000009,-0.420000004,-0.006985651,0.133060014,0.016632502,TRUE
4293,1000_radii_1,-1,R,0,11,100.3357625,0,-93.18808746,551.5708618,334.6290531,-0.012,-1.080000009,-0.420000004,-0.00702622,0.133832762,0.016729095,TRUE
4294,1000_radii_1,-1,R,0,11,100.3523627,0,-93.24498749,551.6908569,334.6220798,-0.012,-1.080000009,-0.420000004,-0.006971959,0.132799211,0.016599901,TRUE
4295,1000_radii_1,-1,R,0,11,100.3690637,0,-93.30223083,551.8115234,334.6150684,-0.012,-1.080000009,-0.420000004,-0.007012401,0.133569545,0.016696193,TRUE
4296,1000_radii_1,-1,R,0,11,100.3857037,0,-93.35930634,551.9318237,334.608078,-0.012,-1.080000009,-0.420000004,-0.006989834,0.133139704,0.016642463,TRUE
4297,1000_radii_1,-1,R,0,11,100.4024198,0,-93.41662598,552.0525513,334.6010628,-0.012,-1.080000009,-0.420000004,-0.007017472,0.133666138,0.016708267,TRUE
4298,1000_radii_1,-1,R,0,11,100.4190711,0,-93.4737854,552.1729126,334.5940666,-0.012,-1.080000009,-0.420000004,-0.006996807,0.13327252,0.016659065,TRUE
4299,1000_radii_1,-1,R,0,11,100.4356942,0,-93.53084564,552.2930298,334.5870819,-0.012,-1.080000009,-0.420000004,-0.006982608,0.133002058,0.016625257,TRUE
4300,1000_radii_1,-1,R,0,11,100.4523237,0,-93.58794403,552.413208,334.5800972,-0.012,-1.080000009,-0.420000004,-0.00698489,0.133045525,0.016630691,TRUE
4301,1000_radii_1,-1,R,0,11,100.4690193,0,-93.6452713,552.5338135,334.5730877,-0.012,-1.080000009,-0.420000004,-0.007011387,0.133550226,0.016693778,TRUE
4302,1000_radii_1,-1,R,0,11,100.4857505,0,-93.70274353,552.6547241,334.5660591,-0.012,-1.080000009,-0.420000004,-0.007027488,0.133856911,0.016732114,TRUE
4303,1000_radii_1,-1,R,0,11,100.5024002,0,-93.75994873,552.7750244,334.5590649,-0.012,-1.080000009,-0.420000004,-0.006992624,0.13319283,0.016649104,TRUE
4304,1000_radii_1,-1,R,0,11,100.5189895,0,-93.8169632,552.8948975,334.5520973,-0.012,-1.080000009,-0.420000004,-0.006967648,0.132717107,0.016589638,TRUE
4305,1000_radii_1,-1,R,0,11,100.5357102,0,-93.87444305,553.015686,334.5450764,-0.012,-1.080000009,-0.420000004,-0.007022543,0.133762732,0.016720341,TRUE
4306,1000_radii_1,-1,R,0,11,100.5524429,0,-93.93191528,553.1364136,334.5380573,-0.012,-1.080000009,-0.420000004,-0.007020008,0.133714435,0.016714304,TRUE
4307,1000_radii_1,-1,R,0,11,100.5690051,0,-93.98894501,553.2561646,334.5310898,-0.012,-1.080000009,-0.420000004,-0.006964352,0.132654321,0.01658179,TRUE
4308,1000_radii_1,-1,R,0,11,100.5857408,0,-94.04651642,553.3770142,334.5240612,-0.012,-1.080000009,-0.420000004,-0.007028629,0.133878644,0.016734831,TRUE
4309,1000_radii_1,-1,R,0,11,100.6023655,0,-94.10372162,553.4970703,334.5170822,-0.012,-1.080000009,-0.420000004,-0.006982355,0.132997228,0.016624654,TRUE
4310,1000_radii_1,-1,R,0,11,100.619081,0,-94.16125488,553.6177979,334.5100594,-0.012,-1.080000009,-0.420000004,-0.007020515,0.133724094,0.016715512,TRUE
4311,1000_radii_1,-1,R,0,11,100.6357431,0,-94.2186203,553.7380981,334.5030632,-0.012,-1.080000009,-0.420000004,-0.006998329,0.133301498,0.016662687,TRUE
4312,1000_radii_1,-1,R,0,11,100.6523867,0,-94.27593231,553.8582764,334.4960728,-0.012,-1.080000009,-0.420000004,-0.006990215,0.133146948,0.016643369,TRUE
4313,1000_radii_1,-1,R,0,11,100.6690485,0,-94.33332825,553.9785767,334.4890747,-0.012,-1.080000009,-0.420000004,-0.006998075,0.133296668,0.016662084,TRUE
4314,1000_radii_1,-1,R,0,11,100.6857347,0,-94.39081573,554.0990601,334.4820652,-0.012,-1.080000009,-0.420000004,-0.007008091,0.13348744,0.01668593,TRUE
4315,1000_radii_1,-1,R,0,11,100.7023035,0,-94.44792175,554.218689,334.4751053,-0.012,-1.080000009,-0.420000004,-0.006959154,0.132555313,0.016569414,TRUE
4316,1000_radii_1,-1,R,0,11,100.7190118,0,-94.50551605,554.3392944,334.4680882,-0.012,-1.080000009,-0.420000004,-0.007016712,0.133651649,0.016706456,TRUE
4317,1000_radii_1,-1,R,0,11,100.735711,0,-94.56310272,554.4598389,334.4610748,-0.012,-1.080000009,-0.420000004,-0.007014176,0.133603353,0.016700419,TRUE
4318,1000_radii_1,-1,R,0,11,100.752333,0,-94.62042999,554.579834,334.4540958,-0.012,-1.080000009,-0.420000004,-0.00698096,0.132970665,0.016621333,TRUE
4319,1000_radii_1,-1,R,0,11,100.7689842,0,-94.67787933,554.7000122,334.4471016,-0.012,-1.080000009,-0.420000004,-0.006994018,0.133219393,0.016652424,TRUE
4320,1000_radii_1,-1,R,0,11,100.7856586,0,-94.73542023,554.8203735,334.4400959,-0.012,-1.080000009,-0.420000004,-0.007003273,0.133395676,0.01667446,TRUE
4321,1000_radii_1,-1,R,0,11,100.8024043,0,-94.79322052,554.9412231,334.4330654,-0.012,-1.080000009,-0.420000004,-0.007033193,0.133965578,0.016745697,TRUE
4322,1000_radii_1,-1,R,0,11,100.8189731,0,-94.85041809,555.060791,334.4261074,-0.012,-1.080000009,-0.420000004,-0.00695814,0.132535994,0.016566999,TRUE
4323,1000_radii_1,-1,R,0,11,100.8356612,0,-94.90805054,555.1812134,334.4190979,-0.012,-1.080000009,-0.420000004,-0.007009485,0.133514003,0.01668925,TRUE
4324,1000_radii_1,-1,R,0,11,100.852399,0,-94.96586609,555.302002,334.4120693,-0.012,-1.080000009,-0.420000004,-0.00702977,0.133900378,0.016737547,TRUE
4325,1000_radii_1,-1,R,0,11,100.8690032,0,-95.02323914,555.421814,334.4050941,-0.012,-1.080000009,-0.420000004,-0.006973987,0.132837849,0.016604731,TRUE
4326,1000_radii_1,-1,R,0,11,100.8857066,0,-95.08096313,555.5422974,334.398077,-0.012,-1.080000009,-0.420000004,-0.00701519,0.133622671,0.016702834,TRUE
4327,1000_radii_1,-1,R,0,11,100.9024937,0,-95.13895416,555.6633301,334.3910313,-0.012,-1.080000009,-0.420000004,-0.007045744,0.134204647,0.016775581,TRUE
4328,1000_radii_1,-1,R,0,11,100.9190567,0,-95.19625092,555.7828979,334.3840733,-0.012,-1.080000009,-0.420000004,-0.006959661,0.132564972,0.016570621,TRUE
4329,1000_radii_1,-1,R,0,11,100.9357028,0,-95.25383759,555.9030151,334.3770809,-0.012,-1.080000009,-0.420000004,-0.006992497,0.133190415,0.016648802,TRUE
4330,1000_radii_1,-1,R,0,11,100.952374,0,-95.31150818,556.0232544,334.370079,-0.012,-1.080000009,-0.420000004,-0.007001118,0.133354624,0.016669328,TRUE
4331,1000_radii_1,-1,R,0,11,100.9690092,0,-95.36907959,556.1432495,334.3630905,-0.012,-1.080000009,-0.420000004,-0.006987299,0.133091407,0.016636426,TRUE
4332,1000_radii_1,-1,R,0,11,100.9856987,0,-95.42684937,556.2636108,334.356081,-0.012,-1.080000009,-0.420000004,-0.007009992,0.133523663,0.016690458,TRUE
4333,1000_radii_1,-1,R,0,11,101.0023442,0,-95.48448181,556.383667,334.3490906,-0.012,-1.080000009,-0.420000004,-0.006991102,0.133163852,0.016645481,TRUE
4334,1000_radii_1,-1,R,0,11,101.0189867,0,-95.54212189,556.5036621,334.3421001,-0.012,-1.080000009,-0.420000004,-0.006990215,0.133146948,0.016643369,TRUE
4335,1000_radii_1,-1,L,0,12,101.0357146,0,-95.60006714,556.6242676,334.3350735,-0.012,-1.080000009,-0.420000004,-0.007025713,0.133823103,0.016727888,FALSE
4336,1000_radii_1,-1,L,0,12,101.052332,0,-95.65764618,556.7440796,334.3280945,-0.012,-1.080000009,-0.420000004,-0.006979439,0.132941687,0.016617711,FALSE
4337,1000_radii_1,-1,L,0,12,101.0690209,0,-95.71548462,556.8643799,334.3210869,-0.012,-1.080000009,-0.420000004,-0.007009105,0.133506759,0.016688345,FALSE
4338,1000_radii_1,-1,L,0,12,101.0864204,0,-95.77579498,556.9898071,334.3137798,-0.012,-1.080000009,-0.420000004,-0.007306655,0.139174385,0.017396798,FALSE
4339,1000_radii_1,-1,L,0,12,101.1022874,0,-95.83081818,557.104187,334.3071136,-0.012,-1.080000009,-0.420000004,-0.006665027,0.126952887,0.015869111,FALSE
4340,1000_radii_1,-1,L,0,12,101.1189652,0,-95.88866425,557.2244263,334.3001099,-0.012,-1.080000009,-0.420000004,-0.007005048,0.133429484,0.016678686,FALSE
4341,1000_radii_1,-1,L,0,12,101.1357006,0,-95.94672394,557.3450317,334.2930813,-0.012,-1.080000009,-0.420000004,-0.007028629,0.133878644,0.016734831,FALSE
4342,1000_radii_1,-1,L,0,12,101.1523289,0,-96.00442505,557.4649048,334.2860966,-0.012,-1.080000009,-0.420000004,-0.006984129,0.133031036,0.016628879,FALSE
4343,1000_radii_1,-1,L,0,12,101.1689602,0,-96.06214905,557.5847778,334.2791119,-0.012,-1.080000009,-0.420000004,-0.006984637,0.133040695,0.016630087,FALSE
4344,1000_radii_1,-1,L,0,12,101.1856682,0,-96.12016296,557.7052002,334.2720947,-0.012,-1.080000009,-0.420000004,-0.007017599,0.133668553,0.016708569,FALSE
4345,1000_radii_1,-1,L,0,12,101.2023526,0,-96.17810822,557.8254395,334.2650871,-0.012,-1.080000009,-0.420000004,-0.00700771,0.133480196,0.016685024,FALSE
4346,1000_radii_1,-1,L,0,12,101.2189966,0,-96.23592377,557.9453735,334.2580967,-0.012,-1.080000009,-0.420000004,-0.006990595,0.133154193,0.016644274,FALSE
4347,1000_radii_1,-1,L,0,12,101.2356475,0,-96.29377747,558.0653687,334.2511024,-0.012,-1.080000009,-0.420000004,-0.006993511,0.133209734,0.016651217,FALSE
4348,1000_radii_1,-1,L,0,12,101.2522703,0,-96.35154724,558.1851196,334.2441216,-0.012,-1.080000009,-0.420000004,-0.006981467,0.132980324,0.016622541,FALSE
4349,1000_radii_1,-1,L,0,12,101.2689173,0,-96.4094162,558.3050537,334.2371292,-0.012,-1.080000009,-0.420000004,-0.006991736,0.133175926,0.016646991,FALSE
4350,1000_radii_1,-1,L,0,12,101.2856528,0,-96.46760559,558.4255981,334.2300987,-0.012,-1.080000009,-0.420000004,-0.007028756,0.133881059,0.016735132,FALSE
4351,1000_radii_1,-1,L,0,12,101.3022807,0,-96.5254364,558.5454102,334.223114,-0.012,-1.080000009,-0.420000004,-0.006983876,0.133026206,0.016628276,FALSE
4352,1000_radii_1,-1,L,0,12,101.3190207,0,-96.58367157,558.6660156,334.2160854,-0.012,-1.080000009,-0.420000004,-0.007030531,0.133914867,0.016739358,FALSE
4353,1000_radii_1,-1,L,0,12,101.3357033,0,-96.64173126,558.7861938,334.2090797,-0.012,-1.080000009,-0.420000004,-0.007007457,0.133475366,0.016684421,FALSE
4354,1000_radii_1,-1,L,0,12,101.3523793,0,-96.69972229,558.906189,334.2020817,-0.012,-1.080000009,-0.420000004,-0.006997695,0.133289424,0.016661178,FALSE
4355,1000_radii_1,-1,L,0,12,101.369077,0,-96.75788879,559.0265503,334.1950626,-0.012,-1.080000009,-0.420000004,-0.007017219,0.133661309,0.016707664,FALSE
4356,1000_radii_1,-1,L,0,12,101.3857203,0,-96.8158493,559.1464233,334.1880722,-0.012,-1.080000009,-0.420000004,-0.006990215,0.133146948,0.016643369,FALSE
4357,1000_radii_1,-1,L,0,12,101.4022922,0,-96.87358093,559.2658081,334.1811104,-0.012,-1.080000009,-0.420000004,-0.006960675,0.132584291,0.016573036,FALSE
4358,1000_radii_1,-1,L,0,12,101.4189533,0,-96.931633,559.3858032,334.1741161,-0.012,-1.080000009,-0.420000004,-0.006997568,0.133287009,0.016660876,FALSE
4359,1000_radii_1,-1,L,0,12,101.4356414,0,-96.98979187,559.5059814,334.1671047,-0.012,-1.080000009,-0.420000004,-0.007009232,0.133509174,0.016688647,FALSE
4360,1000_radii_1,-1,L,0,12,101.4522802,0,-97.04779816,559.6257935,334.1601181,-0.012,-1.080000009,-0.420000004,-0.006988947,0.1331228,0.01664035,FALSE
4361,1000_radii_1,-1,L,0,12,101.4689248,0,-97.10583496,559.7456055,334.1531258,-0.012,-1.080000009,-0.420000004,-0.006990595,0.133154193,0.016644274,FALSE
4362,1000_radii_1,-1,L,0,12,101.4856412,0,-97.16412354,559.8659058,334.1461067,-0.012,-1.080000009,-0.420000004,-0.007019374,0.133702361,0.016712795,FALSE
4363,1000_radii_1,-1,L,0,12,101.5023211,0,-97.22232056,559.9860229,334.139101,-0.012,-1.080000009,-0.420000004,-0.007006569,0.133458462,0.016682308,FALSE
4364,1000_radii_1,-1,L,0,12,101.5189376,0,-97.28030396,560.1056519,334.132122,-0.012,-1.080000009,-0.420000004,-0.006979312,0.132939272,0.016617409,FALSE
4365,1000_radii_1,-1,L,0,12,101.535674,0,-97.33872223,560.2261353,334.1250896,-0.012,-1.080000009,-0.420000004,-0.007029516,0.133895548,0.016736943,FALSE
4366,1000_radii_1,-1,L,0,12,101.5522808,0,-97.39670563,560.3457031,334.1181145,-0.012,-1.080000009,-0.420000004,-0.006975001,0.132857167,0.016607146,FALSE
4367,1000_radii_1,-1,L,0,12,101.5690377,0,-97.45522308,560.4663086,334.1110802,-0.012,-1.080000009,-0.420000004,-0.007037503,0.134047683,0.01675596,FALSE
4368,1000_radii_1,-1,L,0,12,101.5856349,0,-97.51319885,560.5857544,334.1041069,-0.012,-1.080000009,-0.420000004,-0.006970691,0.132775063,0.016596883,FALSE
4369,1000_radii_1,-1,L,0,12,101.6023377,0,-97.57156372,560.7059937,334.0970936,-0.012,-1.080000009,-0.420000004,-0.007015951,0.13363716,0.016704645,FALSE
4370,1000_radii_1,-1,L,0,12,101.6189542,0,-97.62963104,560.8255615,334.0901146,-0.012,-1.080000009,-0.420000004,-0.006978424,0.132922368,0.016615296,FALSE
4371,1000_radii_1,-1,L,0,12,101.6356785,0,-97.68809509,560.9459229,334.0830879,-0.012,-1.080000009,-0.420000004,-0.007024572,0.133801369,0.016725171,FALSE
4372,1000_radii_1,-1,L,0,12,101.652333,0,-97.74633026,561.0657349,334.0760975,-0.012,-1.080000009,-0.420000004,-0.006994906,0.133236297,0.016654537,FALSE
4373,1000_radii_1,-1,L,0,12,101.6689353,0,-97.80439758,561.1851807,334.0691223,-0.012,-1.080000009,-0.420000004,-0.006973226,0.13282336,0.01660292,FALSE
4374,1000_radii_1,-1,L,0,12,101.6856852,0,-97.86299133,561.3056641,334.0620842,-0.012,-1.080000009,-0.420000004,-0.007035095,0.134001801,0.016750225,FALSE
4375,1000_radii_1,-1,L,0,12,101.7022779,0,-97.92105103,561.4250488,334.0551186,-0.012,-1.080000009,-0.420000004,-0.006968789,0.13273884,0.016592355,FALSE
4376,1000_radii_1,-1,L,0,12,101.7189397,0,-97.97937012,561.5449219,334.0481186,-0.012,-1.080000009,-0.420000004,-0.006998075,0.133296668,0.016662084,FALSE
4377,1000_radii_1,-1,L,0,12,101.7356697,0,-98.03793335,561.6652222,334.0410919,-0.012,-1.080000009,-0.420000004,-0.007025713,0.133823103,0.016727888,FALSE
4378,1000_radii_1,-1,L,0,12,101.7522774,0,-98.09609222,561.784668,334.0341167,-0.012,-1.080000009,-0.420000004,-0.006975508,0.132866827,0.016608353,FALSE
4379,1000_radii_1,-1,L,0,12,101.7689265,0,-98.15441132,561.9044189,334.0271244,-0.012,-1.080000009,-0.420000004,-0.006993131,0.133202489,0.016650311,FALSE
4380,1000_radii_1,-1,L,0,12,101.7856194,0,-98.21289063,562.0244751,334.020113,-0.012,-1.080000009,-0.420000004,-0.007010626,0.133535737,0.016691967,FALSE
4381,1000_radii_1,-1,L,0,12,101.8023144,0,-98.27140045,562.1445313,334.0130997,-0.012,-1.080000009,-0.420000004,-0.007012401,0.133569545,0.016696193,FALSE
4382,1000_radii_1,-1,L,0,12,101.8189279,0,-98.32963562,562.2639771,334.0061245,-0.012,-1.080000009,-0.420000004,-0.00697741,0.132903049,0.016612881,FALSE
4383,1000_radii_1,-1,L,0,12,101.8356364,0,-98.38822174,562.3840942,333.9991074,-0.012,-1.080000009,-0.420000004,-0.007017472,0.133666138,0.016708267,FALSE
4384,1000_radii_1,-1,L,0,12,101.8522753,0,-98.44657135,562.5037231,333.9921188,-0.012,-1.080000009,-0.420000004,-0.00698806,0.133105896,0.016638237,FALSE
4385,1000_radii_1,-1,L,0,12,101.8689751,0,-98.50515747,562.6237793,333.9851055,-0.012,-1.080000009,-0.420000004,-0.007014303,0.133605767,0.016700721,FALSE
4386,1000_radii_1,-1,L,0,12,101.8856785,0,-98.56376648,562.7438965,333.9780903,-0.012,-1.080000009,-0.420000004,-0.007015571,0.133629916,0.016703739,FALSE
4387,1000_radii_1,-1,L,0,12,101.9023479,0,-98.62226868,562.8637085,333.9710884,-0.012,-1.080000009,-0.420000004,-0.007000484,0.13334255,0.016667819,FALSE
4388,1000_radii_1,-1,L,0,12,101.9189945,0,-98.68070984,562.9833984,333.964098,-0.012,-1.080000009,-0.420000004,-0.006991483,0.133171096,0.016646387,FALSE
4389,1000_radii_1,-1,L,0,12,101.9356373,0,-98.73914337,563.1030273,333.9571056,-0.012,-1.080000009,-0.420000004,-0.006989454,0.133132459,0.016641557,FALSE
4390,1000_radii_1,-1,L,0,12,101.9523235,0,-98.79776001,563.2229614,333.950098,-0.012,-1.080000009,-0.420000004,-0.007009232,0.133509174,0.016688647,FALSE
4391,1000_radii_1,-1,L,0,12,101.9689331,0,-98.85611725,563.3423462,333.9431229,-0.012,-1.080000009,-0.420000004,-0.006976523,0.132886145,0.016610768,FALSE
4392,1000_radii_1,-1,L,0,12,101.9856088,0,-98.91471863,563.4621582,333.9361191,-0.012,-1.080000009,-0.420000004,-0.007003527,0.133400506,0.016675063,FALSE
4393,1000_radii_1,-1,L,0,12,102.0022841,0,-98.97332764,563.5819702,333.9291134,-0.012,-1.080000009,-0.420000004,-0.007003527,0.133400506,0.016675063,FALSE
4394,1000_radii_1,-1,L,0,12,102.0188988,0,-99.03174591,563.701355,333.9221363,-0.012,-1.080000009,-0.420000004,-0.006978171,0.132917538,0.016614692,FALSE
4395,1000_radii_1,-1,L,0,12,102.0356146,0,-99.0905304,563.8214722,333.9151173,-0.012,-1.080000009,-0.420000004,-0.007020642,0.133726509,0.016715814,FALSE
4396,1000_radii_1,-1,L,0,12,102.0522991,0,-99.14922333,563.9413452,333.9081097,-0.012,-1.080000009,-0.420000004,-0.007007457,0.133475366,0.016684421,TRUE
4397,1000_radii_1,-1,L,0,12,102.0689771,0,-99.20787048,564.0610962,333.9011078,-0.012,-1.080000009,-0.420000004,-0.00700023,0.13333772,0.016667215,TRUE
4398,1000_radii_1,-1,L,0,12,102.0856299,0,-99.26649475,564.1807861,333.8941097,-0.012,-1.080000009,-0.420000004,-0.006996427,0.133265275,0.016658159,TRUE
4399,1000_radii_1,-1,L,0,12,102.1023735,0,-99.32544708,564.3010864,333.8870792,-0.012,-1.080000009,-0.420000004,-0.007033446,0.133970408,0.016746301,TRUE
4400,1000_radii_1,-1,L,0,12,102.1189767,0,-99.38391113,564.4203491,333.8801041,-0.012,-1.080000009,-0.420000004,-0.006973607,0.132830604,0.016603826,TRUE
4401,1000_radii_1,-1,L,0,12,102.1356219,0,-99.4425354,564.539917,333.8731117,-0.012,-1.080000009,-0.420000004,-0.006991102,0.133163852,0.016645481,TRUE
4402,1000_radii_1,-1,L,0,12,102.152242,0,-99.501091,564.6593018,333.8661327,-0.012,-1.080000009,-0.420000004,-0.00698096,0.132970665,0.016621333,TRUE
4403,1000_radii_1,-1,L,0,12,102.1690052,0,-99.56015015,564.7796631,333.8590946,-0.012,-1.080000009,-0.420000004,-0.007039405,0.134083905,0.016760488,TRUE
4404,1000_radii_1,-1,L,0,12,102.1856806,0,-99.618927,564.8994141,333.8520908,-0.012,-1.080000009,-0.420000004,-0.00700378,0.133405336,0.016675667,TRUE
4405,1000_radii_1,-1,L,0,12,102.2023272,0,-99.67761993,565.0189819,333.8450947,-0.012,-1.080000009,-0.420000004,-0.006992624,0.13319283,0.016649104,TRUE
4406,1000_radii_1,-1,L,0,12,102.2189398,0,-99.73619843,565.1382446,333.8381176,-0.012,-1.080000009,-0.420000004,-0.006977157,0.13289822,0.016612277,TRUE
4407,1000_radii_1,-1,L,0,12,102.2356964,0,-99.79530334,565.2585449,333.8310814,-0.012,-1.080000009,-0.420000004,-0.007037503,0.134047683,0.01675596,TRUE
4408,1000_radii_1,-1,L,0,12,102.2522516,0,-99.85371399,565.3774414,333.8241272,-0.012,-1.080000009,-0.420000004,-0.006953449,0.132446645,0.016555831,TRUE
4409,1000_radii_1,-1,L,0,12,102.2689916,0,-99.91278839,565.4976196,333.8170967,-0.012,-1.080000009,-0.420000004,-0.007030657,0.133917282,0.01673966,TRUE
4410,1000_radii_1,-1,L,0,12,102.285586,0,-99.97136688,565.6167603,333.8101273,-0.012,-1.080000009,-0.420000004,-0.006969803,0.132758159,0.01659477,TRUE
4411,1000_radii_1,-1,L,0,12,102.3022533,0,-100.03022,565.7363892,333.8031292,-0.012,-1.080000009,-0.420000004,-0.007000484,0.13334255,0.016667819,TRUE
4412,1000_radii_1,-1,L,0,12,102.3189265,0,-100.0891037,565.8560791,333.7961254,-0.012,-1.080000009,-0.420000004,-0.007002639,0.133383602,0.01667295,TRUE
4413,1000_radii_1,-1,L,0,12,102.3355967,0,-100.1479874,565.975708,333.7891235,-0.012,-1.080000009,-0.420000004,-0.007001118,0.133354624,0.016669328,TRUE
4414,1000_radii_1,-1,L,0,12,102.3523147,0,-100.2070618,566.0957031,333.7821026,-0.012,-1.080000009,-0.420000004,-0.007021529,0.133743413,0.016717927,TRUE
4415,1000_radii_1,-1,L,0,12,102.3690495,0,-100.2662125,566.2158203,333.775074,-0.012,-1.080000009,-0.420000004,-0.007029263,0.133890718,0.01673634,TRUE
4416,1000_radii_1,-1,L,0,12,102.3856364,0,-100.3248367,566.3348389,333.7681065,-0.012,-1.080000009,-0.420000004,-0.006964605,0.132659151,0.016582394,TRUE
4417,1000_radii_1,-1,L,0,12,102.4022916,0,-100.3837357,566.4543457,333.7611122,-0.012,-1.080000009,-0.420000004,-0.006995666,0.133250786,0.016656348,TRUE
4418,1000_radii_1,-1,L,0,12,102.4189096,0,-100.4425201,566.5736084,333.7541332,-0.012,-1.080000009,-0.420000004,-0.00698058,0.13296342,0.016620428,TRUE
4419,1000_radii_1,-1,L,0,12,102.4356148,0,-100.5016174,566.6934814,333.7471161,-0.012,-1.080000009,-0.420000004,-0.007016331,0.133644405,0.016705551,TRUE
4420,1000_radii_1,-1,L,0,12,102.4522914,0,-100.5606232,566.8131104,333.7401123,-0.012,-1.080000009,-0.420000004,-0.0070034,0.133398091,0.016674761,TRUE
4421,1000_radii_1,-1,L,0,12,102.4689755,0,-100.6196823,566.9328003,333.7331047,-0.012,-1.080000009,-0.420000004,-0.007007837,0.133482611,0.016685326,TRUE
4422,1000_radii_1,-1,L,0,12,102.4856291,0,-100.6786423,567.0523071,333.7261105,-0.012,-1.080000009,-0.420000004,-0.006994779,0.133233882,0.016654235,TRUE
4423,1000_radii_1,-1,L,0,12,102.5022574,0,-100.7375259,567.1715698,333.7191277,-0.012,-1.080000009,-0.420000004,-0.006983749,0.133023791,0.016627974,TRUE
4424,1000_radii_1,-1,L,0,12,102.518908,0,-100.7965088,567.2910156,333.7121315,-0.012,-1.080000009,-0.420000004,-0.006993384,0.133207319,0.016650915,TRUE
4425,1000_radii_1,-1,L,0,12,102.5355922,0,-100.8555832,567.4105835,333.7051296,-0.012,-1.080000009,-0.420000004,-0.00700302,0.133390847,0.016673856,TRUE
4426,1000_radii_1,-1,L,0,12,102.5522542,0,-100.9146729,567.5301514,333.6981258,-0.012,-1.080000009,-0.420000004,-0.007002766,0.133386017,0.016673252,TRUE
4427,1000_radii_1,-1,L,0,12,102.5689027,0,-100.9736862,567.6495361,333.6911354,-0.012,-1.080000009,-0.420000004,-0.00699199,0.133180756,0.016647594,TRUE
4428,1000_radii_1,-1,L,0,12,102.5855917,0,-101.0328369,567.769165,333.6841297,-0.012,-1.080000009,-0.420000004,-0.007006189,0.133451218,0.016681402,TRUE
4429,1000_radii_1,-1,L,0,12,102.6022981,0,-101.0921173,567.8890381,333.6771088,-0.012,-1.080000009,-0.420000004,-0.007020135,0.13371685,0.016714606,TRUE
4430,1000_radii_1,-1,L,0,12,102.6190215,0,-101.151413,568.0089111,333.6700878,-0.012,-1.080000009,-0.420000004,-0.007020008,0.133714435,0.016714304,TRUE
4431,1000_radii_1,-1,L,0,12,102.6357108,0,-101.2103882,568.1281128,333.6631088,-0.012,-1.080000009,-0.420000004,-0.006980706,0.132965835,0.016620729,TRUE
4432,1000_radii_1,-1,L,0,12,102.6523227,0,-101.2696075,568.2477417,333.6561012,-0.012,-1.080000009,-0.420000004,-0.007008091,0.13348744,0.01668593,TRUE
4433,1000_radii_1,-1,L,0,12,102.6689839,0,-101.3287582,568.3671875,333.6491051,-0.012,-1.080000009,-0.420000004,-0.006997948,0.133294253,0.016661782,TRUE
4434,1000_radii_1,-1,L,0,12,102.6856683,0,-101.3880081,568.4868164,333.6420937,-0.012,-1.080000009,-0.420000004,-0.007008217,0.133489855,0.016686232,TRUE
4435,1000_radii_1,-1,L,0,12,102.7022522,0,-101.446907,568.6057129,333.6351299,-0.012,-1.080000009,-0.420000004,-0.006964986,0.132666395,0.016583299,TRUE
4436,1000_radii_1,-1,L,0,12,102.7189083,0,-101.5060806,568.7250977,333.6281338,-0.012,-1.080000009,-0.420000004,-0.006995793,0.133253201,0.01665665,TRUE
4437,1000_radii_1,-1,L,0,12,102.7355903,0,-101.565361,568.8446655,333.6211243,-0.012,-1.080000009,-0.420000004,-0.007006823,0.133463292,0.016682911,TRUE
4438,1000_radii_1,-1,L,0,12,102.7522584,0,-101.6246033,568.9641113,333.6141243,-0.012,-1.080000009,-0.420000004,-0.00699985,0.133330476,0.016666309,TRUE
4439,1000_radii_1,-1,L,0,12,102.7689129,0,-101.683815,569.0834961,333.607132,-0.012,-1.080000009,-0.420000004,-0.006995286,0.133243542,0.016655443,TRUE
4440,1000_radii_1,-1,L,0,12,102.7855765,0,-101.7430725,569.2028809,333.6001339,-0.012,-1.080000009,-0.420000004,-0.006998709,0.133308742,0.016663593,TRUE
4441,1000_radii_1,-1,L,0,12,102.8022425,0,-101.8023529,569.3223267,333.593132,-0.012,-1.080000009,-0.420000004,-0.006999596,0.133325646,0.016665706,TRUE
4442,1000_radii_1,-1,L,0,12,102.8189496,0,-101.8618011,569.4420166,333.5861168,-0.012,-1.080000009,-0.420000004,-0.007017472,0.133666138,0.016708267,TRUE
4443,1000_radii_1,-1,L,0,12,102.8355785,0,-101.9209747,569.5611572,333.5791321,-0.012,-1.080000009,-0.420000004,-0.006983876,0.133026206,0.016628276,TRUE
4444,1000_radii_1,-1,L,0,12,102.852291,0,-101.9804611,569.6809082,333.572113,-0.012,-1.080000009,-0.420000004,-0.007018867,0.133692702,0.016711588,TRUE
4445,1000_radii_1,-1,L,0,12,102.8689389,0,-102.0397415,569.8001709,333.5651207,-0.012,-1.080000009,-0.420000004,-0.006992624,0.13319283,0.016649104,TRUE
4446,1000_radii_1,-1,L,0,12,102.8855786,0,-102.0990067,569.9193726,333.5581322,-0.012,-1.080000009,-0.420000004,-0.00698882,0.133120385,0.016640048,TRUE
4447,1000_radii_1,-1,L,0,12,102.9022697,0,-102.1584549,570.0389404,333.5511227,-0.012,-1.080000009,-0.420000004,-0.007009232,0.133509174,0.016688647,TRUE
4448,1000_radii_1,-1,L,0,12,102.9189143,0,-102.2177658,570.1581421,333.5441322,-0.012,-1.080000009,-0.420000004,-0.006991102,0.133163852,0.016645481,TRUE
4449,1000_radii_1,-1,L,0,12,102.9355791,0,-102.2771606,570.2775269,333.5371323,-0.012,-1.080000009,-0.420000004,-0.00699947,0.133323231,0.016665404,TRUE
4450,1000_radii_1,-1,L,0,12,102.9523121,0,-102.3368073,570.3973389,333.5301056,-0.012,-1.080000009,-0.420000004,-0.007027108,0.133849666,0.016731208,TRUE
4451,1000_radii_1,-1,L,0,12,102.9689177,0,-102.3960266,570.5162964,333.5231304,-0.012,-1.080000009,-0.420000004,-0.006974875,0.132854753,0.016606844,TRUE
4452,1000_radii_1,-1,L,0,12,102.9855888,0,-102.4554901,570.6356812,333.5161285,-0.012,-1.080000009,-0.420000004,-0.007002259,0.133376358,0.016672045,TRUE
4453,1000_radii_1,-1,L,0,12,103.0023019,0,-102.5151138,570.7553711,333.5091057,-0.012,-1.080000009,-0.420000004,-0.007019501,0.133704776,0.016713097,TRUE
4454,1000_radii_1,-1,L,0,12,103.0189692,0,-102.574585,570.8746948,333.5021076,-0.012,-1.080000009,-0.420000004,-0.00699985,0.133330476,0.016666309,TRUE
4455,1000_radii_1,-1,L,0,12,103.0357613,0,-102.633934,570.9937134,333.4951248,-0.012,-1.080000009,-0.420000004,-0.006983496,0.133018962,0.01662737,TRUE
4456,1000_radii_1,-1,L,0,12,103.0522266,0,-102.6933136,571.112793,333.4881401,-0.012,-1.080000009,-0.420000004,-0.006985144,0.133050355,0.016631294,TRUE
4457,1000_radii_1,-1,L,0,12,103.0689035,0,-102.752861,571.2321777,333.4811344,-0.012,-1.080000009,-0.420000004,-0.007003907,0.133407751,0.016675969,TRUE
4458,1000_radii_1,-1,L,0,12,103.0856483,0,-102.8126755,571.3520508,333.474102,-0.012,-1.080000009,-0.420000004,-0.007033066,0.133963163,0.016745395,TRUE
4459,1000_radii_1,-1,L,0,12,103.1023318,0,-102.8722763,571.4714355,333.4670963,-0.012,-1.080000009,-0.420000004,-0.007006569,0.133458462,0.016682308,TRUE
4460,1000_radii_1,-1,L,0,12,103.1189018,0,-102.9314957,571.5900269,333.4601345,-0.012,-1.080000009,-0.420000004,-0.006959915,0.132569802,0.016571225,TRUE
4461,1000_radii_1,-1,L,0,12,103.1355554,0,-102.9909515,571.7090454,333.4531517,-0.012,-1.080000009,-0.420000004,-0.006985904,0.133064844,0.016633105,TRUE
4462,1000_radii_1,-1,L,0,12,103.1522145,0,-103.0505905,571.8284302,333.4461441,-0.012,-1.080000009,-0.420000004,-0.007005809,0.133443973,0.016680497,TRUE
4463,1000_radii_1,-1,L,0,12,103.1688778,0,-103.1101837,571.9476929,333.439146,-0.012,-1.080000009,-0.420000004,-0.006998202,0.133299083,0.016662385,TRUE
4464,1000_radii_1,-1,L,0,12,103.1855553,0,-103.169838,572.0670166,333.4321423,-0.012,-1.080000009,-0.420000004,-0.007003907,0.133407751,0.016675969,TRUE
4465,1000_radii_1,-1,L,0,12,103.2022895,0,-103.2297211,572.1867676,333.4251137,-0.012,-1.080000009,-0.420000004,-0.007029136,0.133888303,0.016736038,TRUE
4466,1000_radii_1,-1,L,0,12,103.2188858,0,-103.2891159,572.305481,333.4181423,-0.012,-1.080000009,-0.420000004,-0.006970184,0.132765404,0.016595675,TRUE
4467,1000_radii_1,-1,L,0,12,103.2356073,0,-103.3489838,572.4251099,333.4111195,-0.012,-1.080000009,-0.420000004,-0.007023558,0.133782051,0.016722756,TRUE
4468,1000_radii_1,-1,L,0,12,103.2522124,0,-103.4084396,572.5438843,333.4041462,-0.012,-1.080000009,-0.420000004,-0.00697386,0.132835434,0.016604429,TRUE
4469,1000_radii_1,-1,L,0,12,103.2689031,0,-103.4682159,572.663269,333.3971348,-0.012,-1.080000009,-0.420000004,-0.007010119,0.133526078,0.01669076,TRUE
4470,1000_radii_1,-1,L,0,12,103.285577,0,-103.5279083,572.7824707,333.3901367,-0.012,-1.080000009,-0.420000004,-0.006998582,0.133306327,0.016663291,TRUE
4471,1000_radii_1,-1,L,0,12,103.3022934,0,-103.5878448,572.9020996,333.38311,-0.012,-1.080000009,-0.420000004,-0.007025079,0.133811029,0.016726379,TRUE
4472,1000_radii_1,-1,L,0,12,103.3188824,0,-103.6473083,573.020752,333.3761425,-0.012,-1.080000009,-0.420000004,-0.006967902,0.132721936,0.016590242,TRUE
4473,1000_radii_1,-1,L,0,12,103.3356106,0,-103.707283,573.1403809,333.3691158,-0.012,-1.080000009,-0.420000004,-0.00702584,0.133825518,0.01672819,TRUE
4474,1000_radii_1,-1,L,0,12,103.3522295,0,-103.7668686,573.2592163,333.3621368,-0.012,-1.080000009,-0.420000004,-0.006979185,0.132936857,0.016617107,TRUE
4475,1000_radii_1,-1,L,0,12,103.3689731,0,-103.8269272,573.3789673,333.3551064,-0.012,-1.080000009,-0.420000004,-0.007032813,0.133958334,0.016744792,TRUE
4476,1000_radii_1,-1,L,0,12,103.3855365,0,-103.8863144,573.4973145,333.3481522,-0.012,-1.080000009,-0.420000004,-0.006952181,0.132422497,0.016552812,TRUE
4477,1000_radii_1,-1,L,0,12,103.4023592,0,-103.9466476,573.6175537,333.3410912,-0.012,-1.080000009,-0.420000004,-0.007061338,0.134501672,0.016812709,TRUE
4478,1000_radii_1,-1,L,0,12,103.4188984,0,-104.0060806,573.7359619,333.3341389,-0.012,-1.080000009,-0.420000004,-0.006954336,0.132463549,0.016557944,TRUE
4479,1000_radii_1,-1,L,0,12,103.4357531,0,-104.0660324,573.8553467,333.3271236,-0.012,-1.080000009,-0.420000004,-0.007013289,0.133586449,0.016698306,TRUE
4480,1000_radii_1,-1,L,0,12,103.4522283,0,-104.1257629,573.9742432,333.3201389,-0.012,-1.080000009,-0.420000004,-0.006985778,0.133062429,0.016632804,TRUE
4481,1000_radii_1,-1,L,0,12,103.4688928,0,-104.1856232,574.0933838,333.313139,-0.012,-1.080000009,-0.420000004,-0.006999343,0.133320816,0.016665102,TRUE
4482,1000_radii_1,-1,L,0,12,103.4855878,0,-104.2454605,574.2124023,333.3061428,-0.012,-1.080000009,-0.420000004,-0.006995032,0.133238712,0.016654839,TRUE
4483,1000_radii_1,-1,L,0,12,103.5022701,0,-104.3055496,574.3319092,333.2991199,-0.012,-1.080000009,-0.420000004,-0.007022543,0.133762732,0.016720341,TRUE
4484,1000_radii_1,-1,L,0,12,103.5188582,0,-104.3651886,574.4505005,333.2921543,-0.012,-1.080000009,-0.420000004,-0.006967902,0.132721936,0.016590242,TRUE
4485,1000_radii_1,-1,L,0,12,103.5356184,0,-104.4254456,574.5702515,333.2851143,-0.012,-1.080000009,-0.420000004,-0.007038644,0.134069416,0.016758677,TRUE
4486,1000_radii_1,-1,L,0,12,103.5522642,0,-104.4853134,574.689209,333.2781219,-0.012,-1.080000009,-0.420000004,-0.006991229,0.133166267,0.016645783,TRUE
4487,1000_radii_1,-1,L,0,12,103.5689284,0,-104.5452576,574.8082886,333.2711258,-0.012,-1.080000009,-0.420000004,-0.006998963,0.133313572,0.016664196,TRUE
4488,1000_radii_1,-1,L,0,12,103.5856273,0,-104.6053467,574.9276123,333.2641125,-0.012,-1.080000009,-0.420000004,-0.007013669,0.133593693,0.016699212,TRUE
4489,1000_radii_1,-1,L,0,12,103.6022206,0,-104.6650696,575.0461426,333.257143,-0.012,-1.080000009,-0.420000004,-0.00696917,0.132746085,0.016593261,TRUE
4490,1000_radii_1,-1,L,0,12,103.618892,0,-104.7250824,575.1652222,333.2501392,-0.012,-1.080000009,-0.420000004,-0.007002005,0.133371528,0.016671441,TRUE
4491,1000_radii_1,-1,L,0,12,103.6355408,0,-104.784996,575.2840576,333.2431526,-0.012,-1.080000009,-0.420000004,-0.006988313,0.133110725,0.016638841,TRUE
4492,1000_radii_1,-1,L,0,12,103.6522062,0,-104.8450623,575.4031982,333.2361469,-0.012,-1.080000009,-0.420000004,-0.007004287,0.133414995,0.016676874,TRUE
4493,1000_radii_1,-1,L,0,12,103.6688695,0,-104.9050903,575.5222168,333.2291508,-0.012,-1.080000009,-0.420000004,-0.006998455,0.133303913,0.016662989,TRUE
4494,1000_radii_1,-1,L,0,12,103.6856246,0,-104.9654694,575.6419067,333.2221127,-0.012,-1.080000009,-0.420000004,-0.007037503,0.134047683,0.01675596,TRUE
4495,1000_radii_1,-1,L,0,12,103.7022184,0,-105.0252762,575.760437,333.2151432,-0.012,-1.080000009,-0.420000004,-0.00696917,0.132746085,0.016593261,TRUE
4496,1000_radii_1,-1,L,0,12,103.7189312,0,-105.0855255,575.8797607,333.2081242,-0.012,-1.080000009,-0.420000004,-0.007018994,0.133695116,0.01671189,TRUE
4497,1000_radii_1,-1,L,0,12,103.7356054,0,-105.1456223,575.9987793,333.2011223,-0.012,-1.080000009,-0.420000004,-0.006999723,0.133328061,0.016666008,TRUE
4498,1000_radii_1,-1,L,0,12,103.7521914,0,-105.2054825,576.1173096,333.1941547,-0.012,-1.080000009,-0.420000004,-0.00696993,0.132760574,0.016595072,TRUE
4499,1000_radii_1,-1,L,0,12,103.7689084,0,-105.2657852,576.2366943,333.1871319,-0.012,-1.080000009,-0.420000004,-0.007020642,0.133726509,0.016715814,TRUE
4500,1000_radii_1,-1,L,0,12,103.7855047,0,-105.325676,576.3552246,333.1801605,-0.012,-1.080000009,-0.420000004,-0.006970818,0.132777478,0.016597185,TRUE
4501,1000_radii_1,-1,L,0,12,103.8022096,0,-105.3859711,576.4744873,333.1731472,-0.012,-1.080000009,-0.420000004,-0.007016205,0.13364199,0.016705249,TRUE
4502,1000_radii_1,-1,L,0,12,103.8189224,0,-105.4463043,576.593811,333.1661282,-0.012,-1.080000009,-0.420000004,-0.007018867,0.133692702,0.016711588,TRUE
4503,1000_radii_1,-1,L,0,12,103.8356247,0,-105.5063705,576.7125244,333.1591415,-0.012,-1.080000009,-0.420000004,-0.006985524,0.133057599,0.0166322,TRUE
4504,1000_radii_1,-1,L,0,12,103.8521917,0,-105.5664673,576.8312988,333.152153,-0.012,-1.080000009,-0.420000004,-0.006988186,0.133108311,0.016638539,TRUE
4505,1000_radii_1,-1,L,0,12,103.8688595,0,-105.6266861,576.9502563,333.1451511,-0.012,-1.080000009,-0.420000004,-0.007000484,0.13334255,0.016667819,TRUE
4506,1000_radii_1,-1,L,0,12,103.8856115,0,-105.6872253,577.0698242,333.1381187,-0.012,-1.080000009,-0.420000004,-0.007035729,0.134013875,0.016751734,TRUE
4507,1000_radii_1,-1,L,0,12,103.9022024,0,-105.7471848,577.1882324,333.1311493,-0.012,-1.080000009,-0.420000004,-0.006966761,0.132700203,0.016587525,TRUE
4508,1000_radii_1,-1,L,0,12,103.9188931,0,-105.8075409,577.307373,333.1241398,-0.012,-1.080000009,-0.420000004,-0.007011133,0.133545396,0.016693175,TRUE
4509,1000_radii_1,-1,L,0,12,103.9355519,0,-105.8677444,577.4261475,333.1171474,-0.012,-1.080000009,-0.420000004,-0.006991863,0.133178341,0.016647293,TRUE
4510,1000_radii_1,-1,L,0,12,103.952268,0,-105.9282455,577.5454712,333.1101227,-0.012,-1.080000009,-0.420000004,-0.007024699,0.133803784,0.016725473,TRUE
4511,1000_radii_1,-1,L,0,12,103.968893,0,-105.9883957,577.6640625,333.1031418,-0.012,-1.080000009,-0.420000004,-0.006982481,0.132999643,0.016624955,TRUE
4512,1000_radii_1,-1,L,0,12,103.9855218,0,-106.048584,577.7827148,333.0961571,-0.012,-1.080000009,-0.420000004,-0.006984763,0.13304311,0.016630389,TRUE
4513,1000_radii_1,-1,L,0,12,104.002186,0,-106.1089172,577.9016113,333.0891571,-0.012,-1.080000009,-0.420000004,-0.00699985,0.133330476,0.016666309,TRUE
4514,1000_radii_1,-1,L,0,12,104.0189073,0,-106.1694565,578.020874,333.0821323,-0.012,-1.080000009,-0.420000004,-0.007022417,0.133760317,0.01672004,TRUE
4515,1000_radii_1,-1,L,0,12,104.0355268,0,-106.2296448,578.1394043,333.0751514,-0.012,-1.080000009,-0.420000004,-0.006980326,0.132958591,0.016619824,TRUE
4516,1000_radii_1,-1,L,0,12,104.0522351,0,-106.2901764,578.258606,333.0681362,-0.012,-1.080000009,-0.420000004,-0.007017726,0.133670968,0.016708871,TRUE
4517,1000_radii_1,-1,L,0,12,104.0689337,0,-106.3506775,578.3776855,333.0611229,-0.012,-1.080000009,-0.420000004,-0.007013035,0.133581619,0.016697702,TRUE
4518,1000_radii_1,-1,L,0,12,104.0856127,0,-106.4110718,578.496521,333.0541229,-0.012,-1.080000009,-0.420000004,-0.006998582,0.133306327,0.016663291,TRUE
4519,1000_radii_1,-1,L,0,12,104.1022059,0,-106.4712753,578.6149292,333.0471497,-0.012,-1.080000009,-0.420000004,-0.006974748,0.132852338,0.016606542,TRUE
4520,1000_radii_1,-1,L,0,12,104.1188762,0,-106.531723,578.7338257,333.0401478,-0.012,-1.080000009,-0.420000004,-0.007001879,0.133369113,0.016671139,TRUE
4521,1000_radii_1,-1,L,0,12,104.135525,0,-106.5921021,578.8525391,333.0331554,-0.012,-1.080000009,-0.420000004,-0.006992243,0.133185585,0.016648198,TRUE
4522,1000_radii_1,-1,L,0,12,104.1522311,0,-106.6527176,578.9716797,333.0261383,-0.012,-1.080000009,-0.420000004,-0.007017599,0.133668553,0.016708569,TRUE
4523,1000_radii_1,-1,L,0,12,104.1688811,0,-106.7131271,579.0903931,333.019146,-0.012,-1.080000009,-0.420000004,-0.006992243,0.133185585,0.016648198,TRUE
4524,1000_radii_1,-1,L,0,12,104.185532,0,-106.7735596,579.2091064,333.0121498,-0.012,-1.080000009,-0.420000004,-0.006993258,0.133204904,0.016650613,TRUE
4525,1000_radii_1,-1,L,0,12,104.2021657,0,-106.8339539,579.3276978,333.0051651,-0.012,-1.080000009,-0.420000004,-0.006986792,0.133081747,0.016635218,TRUE
4526,1000_radii_1,-1,L,0,12,104.2189664,0,-106.8949661,579.4474487,332.9981098,-0.012,-1.080000009,-0.420000004,-0.00705652,0.134409909,0.016801239,TRUE
4527,1000_radii_1,-1,L,0,12,104.2356082,0,-106.9552612,579.5657959,332.9911346,-0.012,-1.080000009,-0.420000004,-0.006971832,0.132796796,0.0165996,TRUE
4528,1000_radii_1,-1,L,0,12,104.2521559,0,-107.0155334,579.684021,332.984169,-0.012,-1.080000009,-0.420000004,-0.006967648,0.132717107,0.016589638,TRUE
4529,1000_radii_1,-1,L,0,12,104.2688509,0,-107.0762024,579.8029785,332.9771576,-0.012,-1.080000009,-0.420000004,-0.007011894,0.133559885,0.016694986,TRUE
4530,1000_radii_1,-1,L,0,12,104.2855015,0,-107.1367264,579.9216309,332.9701633,-0.012,-1.080000009,-0.420000004,-0.006993384,0.133207319,0.016650915,TRUE
4531,1000_radii_1,-1,L,0,12,104.3021868,0,-107.1973877,580.0405273,332.9631538,-0.012,-1.080000009,-0.420000004,-0.007007584,0.133477781,0.016684723,TRUE
4532,1000_radii_1,-1,L,0,12,104.3189757,0,-107.2584457,580.1601563,332.9561043,-0.012,-1.080000009,-0.420000004,-0.007051703,0.134318145,0.016789768,TRUE
4533,1000_radii_1,-1,L,0,12,104.3355107,0,-107.3185883,580.2779541,332.9491596,-0.012,-1.080000009,-0.420000004,-0.006944448,0.132275191,0.016534399,TRUE
4534,1000_radii_1,-1,L,0,12,104.3521915,0,-107.3792725,580.3967896,332.942152,-0.012,-1.080000009,-0.420000004,-0.007005809,0.133443973,0.016680497,TRUE
4535,1000_radii_1,-1,L,0,12,104.3688557,0,-107.4399109,580.5155029,332.935154,-0.012,-1.080000009,-0.420000004,-0.006998836,0.133311157,0.016663895,TRUE
4536,1000_radii_1,-1,L,0,12,104.3854921,0,-107.500473,580.6340332,332.9281673,-0.012,-1.080000009,-0.420000004,-0.006987552,0.133096236,0.01663703,TRUE
4537,1000_radii_1,-1,L,0,12,104.4021913,0,-107.5612793,580.7529907,332.9211521,-0.012,-1.080000009,-0.420000004,-0.007014176,0.133603353,0.016700419,TRUE
4538,1000_radii_1,-1,L,0,12,104.4189316,0,-107.6222229,580.8721924,332.9141254,-0.012,-1.080000009,-0.420000004,-0.007028882,0.133883474,0.016735434,TRUE
4539,1000_radii_1,-1,L,0,12,104.4355113,0,-107.6826248,580.9902954,332.9071598,-0.012,-1.080000009,-0.420000004,-0.006964732,0.132661566,0.016582696,TRUE
4540,1000_radii_1,-1,L,0,12,104.4521803,0,-107.7433624,581.1090088,332.9001598,-0.012,-1.080000009,-0.420000004,-0.007001498,0.133361869,0.016670234,TRUE
4541,1000_radii_1,-1,L,0,12,104.4689019,0,-107.8042908,581.2280884,332.8931351,-0.012,-1.080000009,-0.420000004,-0.007022163,0.133755487,0.016719436,TRUE
4542,1000_radii_1,-1,L,0,12,104.4854803,0,-107.8647308,581.3461914,332.8861732,-0.012,-1.080000009,-0.420000004,-0.006963718,0.132642247,0.016580281,TRUE
4543,1000_radii_1,-1,L,0,12,104.5021835,0,-107.9256287,581.4651489,332.879158,-0.012,-1.080000009,-0.420000004,-0.007015317,0.133625086,0.016703136,TRUE
4544,1000_radii_1,-1,L,0,12,104.5188265,0,-107.9863205,581.5836792,332.8721676,-0.012,-1.080000009,-0.420000004,-0.006989961,0.133142118,0.016642765,TRUE
4545,1000_radii_1,-1,L,0,12,104.5354729,0,-108.0470505,581.7022095,332.8651752,-0.012,-1.080000009,-0.420000004,-0.006991863,0.133178341,0.016647293,TRUE
4546,1000_radii_1,-1,L,0,12,104.5522416,0,-108.1082306,581.8215942,332.8581333,-0.012,-1.080000009,-0.420000004,-0.007042575,0.134144276,0.016768035,TRUE
4547,1000_radii_1,-1,L,0,12,104.5688704,0,-108.1689224,581.9400024,332.8511467,-0.012,-1.080000009,-0.420000004,-0.006984383,0.133035865,0.016629483,TRUE
4548,1000_radii_1,-1,L,0,12,104.5854761,0,-108.229538,582.0582275,332.8441734,-0.012,-1.080000009,-0.420000004,-0.006974367,0.132845093,0.016605637,TRUE
4549,1000_radii_1,-1,L,0,12,104.6021689,0,-108.2904892,582.177063,332.837162,-0.012,-1.080000009,-0.420000004,-0.007011133,0.133545396,0.016693175,TRUE
4550,1000_radii_1,-1,L,0,12,104.6188238,0,-108.3513107,582.2955933,332.8301697,-0.012,-1.080000009,-0.420000004,-0.006994525,0.133229053,0.016653632,TRUE
4551,1000_radii_1,-1,L,0,12,104.6354985,0,-108.4122238,582.4142456,332.8231659,-0.012,-1.080000009,-0.420000004,-0.007003527,0.133400506,0.016675063,TRUE
4552,1000_radii_1,-1,L,0,12,104.6521582,0,-108.4730988,582.5328369,332.8161659,-0.012,-1.080000009,-0.420000004,-0.006997314,0.133282179,0.016660272,TRUE
4553,1000_radii_1,-1,L,0,12,104.6688375,0,-108.5340576,582.6515503,332.809164,-0.012,-1.080000009,-0.420000004,-0.007004921,0.133427069,0.016678384,TRUE
4554,1000_radii_1,-1,L,0,12,104.6855506,0,-108.5951538,582.7705078,332.8021412,-0.012,-1.080000009,-0.420000004,-0.007019754,0.133709605,0.016713701,TRUE
4555,1000_radii_1,-1,L,0,12,104.7021599,0,-108.6558914,582.8886719,332.795166,-0.012,-1.080000009,-0.420000004,-0.006976142,0.132878901,0.016609863,TRUE
4556,1000_radii_1,-1,L,0,12,104.718885,0,-108.7170639,583.0076904,332.7881413,-0.012,-1.080000009,-0.420000004,-0.007024445,0.133798954,0.016724869,TRUE
4557,1000_radii_1,-1,L,0,12,104.7354759,0,-108.7777634,583.1257324,332.7811737,-0.012,-1.080000009,-0.420000004,-0.006968409,0.132731596,0.016591449,TRUE
4558,1000_radii_1,-1,L,0,12,104.7521585,0,-108.8388062,583.2443848,332.774168,-0.012,-1.080000009,-0.420000004,-0.007006316,0.133453633,0.016681704,TRUE
4559,1000_radii_1,-1,L,0,12,104.768845,0,-108.8998718,583.3630981,332.7671585,-0.012,-1.080000009,-0.420000004,-0.00700771,0.133480196,0.016685024,TRUE
4560,1000_radii_1,-1,L,0,12,104.7855545,0,-108.9610443,583.4819336,332.7601414,-0.012,-1.080000009,-0.420000004,-0.007017979,0.133675798,0.016709475,TRUE
4561,1000_radii_1,-1,L,0,12,104.8021982,0,-109.0219955,583.6003418,332.753149,-0.012,-1.080000009,-0.420000004,-0.006990849,0.133159022,0.016644878,TRUE
4562,1000_radii_1,-1,L,0,12,104.818914,0,-109.0832214,583.7192383,332.7461319,-0.012,-1.080000009,-0.420000004,-0.007020515,0.133724094,0.016715512,TRUE
4563,1000_radii_1,-1,L,0,12,104.8354946,0,-109.1439667,583.8371582,332.7391663,-0.012,-1.080000009,-0.420000004,-0.006963972,0.132647076,0.016580885,TRUE
4564,1000_radii_1,-1,L,0,12,104.8522031,0,-109.2051926,583.9559937,332.7321472,-0.012,-1.080000009,-0.420000004,-0.007017726,0.133670968,0.016708871,TRUE
4565,1000_radii_1,-1,L,0,12,104.868835,0,-109.2661514,584.0742798,332.7251644,-0.012,-1.080000009,-0.420000004,-0.006985524,0.133057599,0.0166322,TRUE
4566,1000_radii_1,-1,L,0,12,104.8854941,0,-109.3272247,584.192749,332.7181664,-0.012,-1.080000009,-0.420000004,-0.006996554,0.13326769,0.016658461,TRUE
4567,1000_radii_1,-1,L,0,12,104.9021975,0,-109.3884735,584.3115234,332.7111511,-0.012,-1.080000009,-0.420000004,-0.00701481,0.133615427,0.016701928,TRUE
4568,1000_radii_1,-1,L,0,12,104.9188412,0,-109.4495239,584.4298706,332.7041626,-0.012,-1.080000009,-0.420000004,-0.006990595,0.133154193,0.016644274,TRUE
4569,1000_radii_1,-1,L,0,12,104.9354822,0,-109.5105743,584.5481567,332.6971703,-0.012,-1.080000009,-0.420000004,-0.006989454,0.133132459,0.016641557,TRUE
4570,1000_radii_1,-1,L,0,12,104.9521433,0,-109.5717087,584.6665649,332.6901741,-0.012,-1.080000009,-0.420000004,-0.006997061,0.133277349,0.016659669,TRUE
4571,1000_radii_1,-1,L,0,12,104.9688341,0,-109.6329727,584.7852173,332.6831627,-0.012,-1.080000009,-0.420000004,-0.007010626,0.133535737,0.016691967,TRUE
4572,1000_radii_1,-1,L,0,12,104.985485,0,-109.6940994,584.9035645,332.6761703,-0.012,-1.080000009,-0.420000004,-0.006993004,0.133200074,0.016650009,TRUE
4573,1000_radii_1,-1,L,0,12,105.002215,0,-109.7555466,585.0224609,332.6685581,-0.013,-1.170000024,-0.455000009,-0.007613249,0.133859325,0.016732416,TRUE
4574,1000_radii_1,-1,L,0,12,105.0189459,0,-109.8169022,585.1411743,332.6609592,-0.013,-1.170000024,-0.455000009,-0.007600064,0.133627501,0.016703438,TRUE
4575,1000_radii_1,-1,L,0,12,105.0355356,0,-109.8779526,585.2592773,332.6533985,-0.013,-1.170000024,-0.455000009,-0.007560372,0.132929613,0.016616202,TRUE
4576,1000_radii_1,-1,L,0,12,105.0521958,0,-109.9391785,585.3776855,332.6458168,-0.013,-1.170000024,-0.455000009,-0.007580424,0.133282179,0.016660272,TRUE
4577,1000_radii_1,-1,L,0,12,105.0688821,0,-110.0005188,585.4962769,332.6376381,-0.014,-1.260000039,-0.490000015,-0.008177141,0.133504344,0.016688043,TRUE
4578,1000_radii_1,-1,L,0,12,105.0854838,0,-110.0615463,585.6141968,332.6295071,-0.014,-1.260000039,-0.490000015,-0.008132769,0.132779893,0.016597487,TRUE
4579,1000_radii_1,-1,L,0,12,105.1021597,0,-110.1228867,585.732666,332.621336,-0.014,-1.260000039,-0.490000015,-0.00817226,0.133424654,0.016678082,TRUE
4580,1000_radii_1,-1,L,0,12,105.1188236,0,-110.1841965,585.8510742,332.6131687,-0.014,-1.260000039,-0.490000015,-0.008165457,0.133313572,0.016664196,TRUE
4581,1000_radii_1,-1,L,0,12,105.1355588,0,-110.2457733,585.9699097,332.6049709,-0.014,-1.260000039,-0.490000015,-0.00819918,0.133864155,0.016733019,TRUE
4582,1000_radii_1,-1,L,0,12,105.1521517,0,-110.3068619,586.0877686,332.596838,-0.014,-1.260000039,-0.490000015,-0.008131585,0.132760574,0.016595072,TRUE
4583,1000_radii_1,-1,L,0,12,105.1689104,0,-110.3685608,586.2067871,332.5886269,-0.014,-1.260000039,-0.490000015,-0.008210569,0.134050098,0.016756262,TRUE
4584,1000_radii_1,-1,L,0,12,105.1855716,0,-110.4299316,586.3251343,332.5804634,-0.014,-1.260000039,-0.490000015,-0.008164717,0.133301498,0.016662687,TRUE
4585,1000_radii_1,-1,L,0,12,105.2021292,0,-110.4909363,586.442749,332.5723495,-0.014,-1.260000039,-0.490000015,-0.008113541,0.132465964,0.016558245,TRUE
4586,1000_radii_1,-1,L,0,12,105.2188321,0,-110.5524902,586.5613403,332.5641651,-0.014,-1.260000039,-0.490000015,-0.008184833,0.133629916,0.016703739,TRUE
4587,1000_radii_1,-1,L,0,12,105.2354652,0,-110.6138,586.6794434,332.556015,-0.014,-1.260000039,-0.490000015,-0.008149926,0.133060014,0.016632502,TRUE
4588,1000_radii_1,-1,L,0,12,105.2521221,0,-110.6752167,586.7977295,332.5478535,-0.014,-1.260000039,-0.490000015,-0.008162498,0.133265275,0.016658159,TRUE
4589,1000_radii_1,-1,L,0,12,105.2688029,0,-110.7367325,586.9161377,332.5396805,-0.014,-1.260000039,-0.490000015,-0.008173,0.133436729,0.016679591,TRUE
4590,1000_radii_1,-1,L,0,12,105.2855064,0,-110.7983551,587.034729,332.531496,-0.014,-1.260000039,-0.490000015,-0.008184537,0.133625086,0.016703136,TRUE
4591,1000_radii_1,-1,L,0,12,105.3021793,0,-110.8598785,587.1530762,332.5233231,-0.014,-1.260000039,-0.490000015,-0.008169894,0.133386017,0.016673252,TRUE
4592,1000_radii_1,-1,L,0,12,105.3188148,0,-110.9212799,587.2711182,332.515173,-0.014,-1.260000039,-0.490000015,-0.008151405,0.133084162,0.01663552,TRUE
4593,1000_radii_1,-1,L,0,12,105.3354663,0,-110.9827652,587.3892822,332.5070152,-0.014,-1.260000039,-0.490000015,-0.008159688,0.133219393,0.016652424,TRUE
4594,1000_radii_1,-1,L,0,12,105.3521375,0,-111.0443268,587.5075684,332.498848,-0.014,-1.260000039,-0.490000015,-0.008167527,0.13334738,0.016668422,TRUE
4595,1000_radii_1,-1,L,0,12,105.3688316,0,-111.1060028,587.6260376,332.4906654,-0.014,-1.260000039,-0.490000015,-0.008180839,0.133564715,0.016695589,TRUE
4596,1000_radii_1,-1,L,0,12,105.3854755,0,-111.167511,587.7441406,332.4825096,-0.014,-1.260000039,-0.490000015,-0.00815599,0.133159022,0.016644878,TRUE
4597,1000_radii_1,-1,L,0,12,105.4021313,0,-111.2290726,587.8623047,332.4743481,-0.014,-1.260000039,-0.490000015,-0.008161315,0.133245956,0.016655745,TRUE
4598,1000_radii_1,-1,L,0,12,105.4188205,0,-111.2907791,587.9807129,332.4661694,-0.014,-1.260000039,-0.490000015,-0.008177733,0.133514003,0.01668925,TRUE
4599,1000_radii_1,-1,L,0,12,105.4355234,0,-111.3525314,588.0991821,332.4579887,-0.014,-1.260000039,-0.490000015,-0.008182466,0.133591278,0.01669891,TRUE
4600,1000_radii_1,-1,L,0,12,105.4521139,0,-111.4139099,588.2168579,332.4498558,-0.014,-1.260000039,-0.490000015,-0.008130698,0.132746085,0.016593261,TRUE
4601,1000_radii_1,-1,L,0,12,105.4688813,0,-111.4759521,588.3358154,332.4416428,-0.014,-1.260000039,-0.490000015,-0.008216189,0.134141861,0.016767733,TRUE
4602,1000_radii_1,-1,L,0,12,105.4854864,0,-111.5374146,588.4536133,332.433506,-0.014,-1.260000039,-0.490000015,-0.008136466,0.132840264,0.016605033,TRUE
4603,1000_radii_1,-1,L,0,12,105.5021337,0,-111.5990524,588.5716553,332.4253464,-0.014,-1.260000039,-0.490000015,-0.008157469,0.133183171,0.016647896,TRUE
4604,1000_radii_1,-1,L,0,12,105.5188293,0,-111.660881,588.6900635,332.4171677,-0.014,-1.260000039,-0.490000015,-0.008180987,0.13356713,0.016695891,TRUE
4605,1000_radii_1,-1,L,0,12,105.5355795,0,-111.7229233,588.8088379,332.4089584,-0.014,-1.260000039,-0.490000015,-0.008207315,0.133996971,0.016749621,TRUE
4606,1000_radii_1,-1,L,0,12,105.5521911,0,-111.7844772,588.9266357,332.4008198,-0.014,-1.260000039,-0.490000015,-0.008139868,0.132895805,0.016611976,TRUE
4607,1000_radii_1,-1,L,0,12,105.5688074,0,-111.8460617,589.0444336,332.3926754,-0.014,-1.260000039,-0.490000015,-0.008142235,0.132934442,0.016616805,TRUE
4608,1000_radii_1,-1,L,0,12,105.5854555,0,-111.9077759,589.1624146,332.3845215,-0.014,-1.260000039,-0.490000015,-0.008156878,0.133173511,0.016646689,TRUE
4609,1000_radii_1,-1,L,0,12,105.6021252,0,-111.9695892,589.2805786,332.3763504,-0.014,-1.260000039,-0.490000015,-0.008168267,0.133359454,0.016669932,TRUE
4610,1000_radii_1,-1,L,0,12,105.6188072,0,-112.0314713,589.3988037,332.3681774,-0.014,-1.260000039,-0.490000015,-0.008174479,0.133460877,0.01668261,TRUE
4611,1000_radii_1,-1,L,0,12,105.6354487,0,-112.0932159,589.5167236,332.3600216,-0.014,-1.260000039,-0.490000015,-0.008154068,0.133127629,0.016640954,TRUE
4612,1000_radii_1,-1,L,0,12,105.6521132,0,-112.1550598,589.6348267,332.3518581,-0.014,-1.260000039,-0.490000015,-0.008165604,0.133315987,0.016664498,TRUE
4613,1000_radii_1,-1,L,0,12,105.6688586,0,-112.2172241,589.753479,332.3436527,-0.014,-1.260000039,-0.490000015,-0.008205244,0.133963163,0.016745395,TRUE
4614,1000_radii_1,-1,L,0,12,105.685438,0,-112.2787933,589.8709717,332.3355274,-0.014,-1.260000039,-0.490000015,-0.00812419,0.132639832,0.016579979,TRUE
4615,1000_radii_1,-1,L,0,12,105.7021245,0,-112.3407745,589.9891968,332.3273525,-0.014,-1.260000039,-0.490000015,-0.008176254,0.133489855,0.016686232,TRUE
4616,1000_radii_1,-1,L,0,12,105.7188189,0,-112.4028015,590.1074829,332.3191719,-0.014,-1.260000039,-0.490000015,-0.008180543,0.133559885,0.016694986,TRUE
4617,1000_radii_1,-1,L,0,12,105.7354638,0,-112.4646606,590.2254028,332.3110142,-0.014,-1.260000039,-0.490000015,-0.008156434,0.133166267,0.016645783,TRUE
4618,1000_radii_1,-1,L,0,12,105.7521168,0,-112.5265656,590.3433838,332.3028545,-0.014,-1.260000039,-0.490000015,-0.008159836,0.133221808,0.016652726,TRUE
4619,1000_radii_1,-1,L,0,12,105.7688906,0,-112.5889359,590.4622192,332.2946358,-0.014,-1.260000039,-0.490000015,-0.008219,0.134187743,0.016773468,TRUE
4620,1000_radii_1,-1,L,0,12,105.7855198,0,-112.6507797,590.5799561,332.2864876,-0.014,-1.260000039,-0.490000015,-0.008147264,0.133016547,0.016627068,TRUE
4621,1000_radii_1,-1,L,0,12,105.8021293,0,-112.7125778,590.6975708,332.2783508,-0.014,-1.260000039,-0.490000015,-0.008139129,0.132883731,0.016610466,TRUE
4622,1000_radii_1,-1,L,0,12,105.818805,0,-112.7746277,590.8156738,332.2701778,-0.014,-1.260000039,-0.490000015,-0.008170633,0.133398091,0.016674761,TRUE
4623,1000_radii_1,-1,L,0,12,105.8354614,0,-112.8366318,590.9336548,332.2620182,-0.014,-1.260000039,-0.490000015,-0.00816235,0.13326286,0.016657858,TRUE
4624,1000_radii_1,-1,L,0,12,105.8521699,0,-112.8988419,591.0519409,332.253828,-0.014,-1.260000039,-0.490000015,-0.008187199,0.133668553,0.016708569,TRUE
4625,1000_radii_1,-1,L,0,12,105.8688586,0,-112.9609985,591.170105,332.2456512,-0.014,-1.260000039,-0.490000015,-0.008177141,0.133504344,0.016688043,TRUE
4626,1000_radii_1,-1,L,0,12,105.8854754,0,-113.0229034,591.2877197,332.2375088,-0.014,-1.260000039,-0.490000015,-0.008142383,0.132936857,0.016617107,TRUE
4627,1000_radii_1,-1,L,0,12,105.9021462,0,-113.0850143,591.4057007,332.2293434,-0.014,-1.260000039,-0.490000015,-0.008167527,0.13334738,0.016668422,TRUE
4628,1000_radii_1,-1,L,0,12,105.9187718,0,-113.1469955,591.5233765,332.2211933,-0.014,-1.260000039,-0.490000015,-0.008147707,0.133023791,0.016627974,TRUE
4629,1000_radii_1,-1,L,0,12,105.9354429,0,-113.2091599,591.6413574,332.213026,-0.014,-1.260000039,-0.490000015,-0.008169302,0.133376358,0.016672045,TRUE
4630,1000_radii_1,-1,L,0,12,105.9521252,0,-113.2713699,591.7593994,332.2048531,-0.014,-1.260000039,-0.490000015,-0.008173739,0.133448803,0.0166811,TRUE
4631,1000_radii_1,-1,L,0,12,105.9687722,0,-113.3334732,591.8771973,332.1966934,-0.014,-1.260000039,-0.490000015,-0.008157174,0.133178341,0.016647293,TRUE
4632,1000_radii_1,-1,L,0,12,105.9854355,0,-113.3956528,591.9951172,332.18853,-0.014,-1.260000039,-0.490000015,-0.008165457,0.133313572,0.016664196,TRUE
4633,1000_radii_1,-1,L,0,12,106.0020985,0,-113.4578476,592.1130371,332.1803646,-0.014,-1.260000039,-0.490000015,-0.008164717,0.133301498,0.016662687,TRUE
4634,1000_radii_1,-1,L,0,12,106.0188454,0,-113.5203705,592.2315063,332.1721573,-0.014,-1.260000039,-0.490000015,-0.008205836,0.133972823,0.016746603,TRUE
4635,1000_radii_1,-1,L,0,12,106.0354525,0,-113.5823898,592.348999,332.1640205,-0.014,-1.260000039,-0.490000015,-0.008137798,0.132861997,0.01660775,TRUE
4636,1000_radii_1,-1,L,0,12,106.0520935,0,-113.6445541,592.4667358,332.1558685,-0.014,-1.260000039,-0.490000015,-0.008153772,0.1331228,0.01664035,TRUE
4637,1000_radii_1,-1,L,0,12,106.0688549,0,-113.7071838,592.5853271,332.1476517,-0.014,-1.260000039,-0.490000015,-0.008213379,0.13409598,0.016761997,TRUE
4638,1000_radii_1,-1,L,0,12,106.0854608,0,-113.7692261,592.7027588,332.1395206,-0.014,-1.260000039,-0.490000015,-0.0081341,0.132801626,0.016600203,TRUE
4639,1000_radii_1,-1,L,0,12,106.1022418,0,-113.8319397,592.8214111,332.1313,-0.014,-1.260000039,-0.490000015,-0.008219739,0.134199818,0.016774977,TRUE
4640,1000_radii_1,-1,L,0,12,106.1188716,0,-113.8941498,592.9390869,332.1231461,-0.014,-1.260000039,-0.490000015,-0.008151849,0.133091407,0.016636426,TRUE
4641,1000_radii_1,-1,L,0,12,106.1354749,0,-113.9562607,593.0565186,332.1150112,-0.014,-1.260000039,-0.490000015,-0.008135875,0.132830604,0.016603826,TRUE
4642,1000_radii_1,-1,L,0,12,106.1521074,0,-114.0185013,593.1741333,332.1068592,-0.014,-1.260000039,-0.490000015,-0.008151257,0.133081747,0.016635218,TRUE
4643,1000_radii_1,-1,L,0,12,106.1688615,0,-114.0811996,593.2926025,332.0986519,-0.014,-1.260000039,-0.490000015,-0.008208942,0.134023534,0.016752942,TRUE
4644,1000_radii_1,-1,L,0,12,106.1854499,0,-114.1433029,593.4099121,332.0905228,-0.014,-1.260000039,-0.490000015,-0.008129071,0.132719522,0.01658994,TRUE
4645,1000_radii_1,-1,L,0,12,106.2021099,0,-114.2056885,593.52771,332.0823612,-0.014,-1.260000039,-0.490000015,-0.00816309,0.133274934,0.016659367,TRUE
4646,1000_radii_1,-1,L,0,12,106.218855,0,-114.2684097,593.6460571,332.0741558,-0.014,-1.260000039,-0.490000015,-0.008205096,0.133960749,0.016745094,TRUE
4647,1000_radii_1,-1,L,0,12,106.2354621,0,-114.3306351,593.7634277,332.0660191,-0.014,-1.260000039,-0.490000015,-0.00813765,0.132859582,0.016607448,TRUE
4648,1000_radii_1,-1,L,0,12,106.2521592,0,-114.3932114,593.8814697,332.0578346,-0.014,-1.260000039,-0.490000015,-0.008181874,0.133581619,0.016697702,TRUE
4649,1000_radii_1,-1,L,0,12,106.2688416,0,-114.4557495,593.9993896,332.0496597,-0.014,-1.260000039,-0.490000015,-0.008174479,0.133460877,0.01668261,TRUE
4650,1000_radii_1,-1,L,0,12,106.2854285,0,-114.5179443,594.1165771,332.0415344,-0.014,-1.260000039,-0.490000015,-0.008127592,0.132695373,0.016586922,TRUE
4651,1000_radii_1,-1,L,0,12,106.3020963,0,-114.5804596,594.234375,332.0333672,-0.014,-1.260000039,-0.490000015,-0.008167084,0.133340135,0.016667517,TRUE
4652,1000_radii_1,-1,L,0,12,106.3187641,0,-114.6429596,594.3520508,332.0252018,-0.014,-1.260000039,-0.490000015,-0.008162646,0.13326769,0.016658461,TRUE
4653,1000_radii_1,-1,L,0,12,106.3354881,0,-114.7057571,594.4702759,332.017004,-0.014,-1.260000039,-0.490000015,-0.008199476,0.133868985,0.016733623,TRUE
4654,1000_radii_1,-1,L,0,12,106.3520955,0,-114.7680969,594.5875854,332.0088673,-0.014,-1.260000039,-0.490000015,-0.008137354,0.132854753,0.016606844,TRUE
4655,1000_radii_1,-1,L,0,12,106.368776,0,-114.8307266,594.7054443,332.0006943,-0.014,-1.260000039,-0.490000015,-0.008173444,0.133443973,0.016680497,TRUE
4656,1000_radii_1,-1,L,0,12,106.3854179,0,-114.8932343,594.822998,331.9925385,-0.014,-1.260000039,-0.490000015,-0.008154955,0.133142118,0.016642765,TRUE
4657,1000_radii_1,-1,L,0,12,106.4020778,0,-114.9558258,594.9406738,331.9843731,-0.014,-1.260000039,-0.490000015,-0.008163977,0.133289424,0.016661178,TRUE
4658,1000_radii_1,-1,L,0,12,106.4187749,0,-115.0185623,595.0585938,331.9761925,-0.014,-1.260000039,-0.490000015,-0.008180839,0.133564715,0.016695589,TRUE
4659,1000_radii_1,-1,L,0,12,106.4355074,0,-115.0814514,595.1767578,331.9679966,-0.014,-1.260000039,-0.490000015,-0.008198144,0.133847251,0.016730906,TRUE
4660,1000_radii_1,-1,L,0,12,106.4521541,0,-115.1440277,595.2943115,331.9598408,-0.014,-1.260000039,-0.490000015,-0.008155103,0.133144533,0.016643067,TRUE
4661,1000_radii_1,-1,L,0,12,106.4688451,0,-115.2068024,595.4121704,331.9516582,-0.014,-1.260000039,-0.490000015,-0.008179656,0.133545396,0.016693175,TRUE
4662,1000_radii_1,-1,L,0,12,106.4854426,0,-115.2692413,595.5293579,331.9435272,-0.014,-1.260000039,-0.490000015,-0.008132917,0.132782307,0.016597788,TRUE
4663,1000_radii_1,-1,L,0,12,106.5021234,0,-115.3319778,595.6470947,331.9353561,-0.014,-1.260000039,-0.490000015,-0.008169598,0.133381187,0.016672648,TRUE
4664,1000_radii_1,-1,L,0,12,106.5189023,0,-115.3951645,595.765625,331.9271297,-0.014,-1.260000039,-0.490000015,-0.008226247,0.134306071,0.016788259,TRUE
4665,1000_radii_1,-1,L,0,12,106.5354379,0,-115.4574203,595.8823242,331.9190273,-0.014,-1.260000039,-0.490000015,-0.008102743,0.13228968,0.01653621,TRUE
4666,1000_radii_1,-1,L,0,12,106.5520716,0,-115.5200577,595.9997559,331.9108772,-0.014,-1.260000039,-0.490000015,-0.008150518,0.133069673,0.016633709,TRUE
4667,1000_radii_1,-1,L,0,12,106.5687907,0,-115.5830383,596.1177368,331.9026871,-0.014,-1.260000039,-0.490000015,-0.008192376,0.133753073,0.016719134,TRUE
4668,1000_radii_1,-1,L,0,12,106.5854842,0,-115.6459351,596.2355347,331.8945065,-0.014,-1.260000039,-0.490000015,-0.008180247,0.133555056,0.016694382,TRUE
4669,1000_radii_1,-1,L,0,12,106.6021665,0,-115.7088089,596.3532715,331.8863316,-0.014,-1.260000039,-0.490000015,-0.008174479,0.133460877,0.01668261,TRUE
4670,1000_radii_1,-1,L,0,12,106.6187773,0,-115.771431,596.470459,331.878191,-0.014,-1.260000039,-0.490000015,-0.008139277,0.132886145,0.016610768,TRUE
4671,1000_radii_1,-1,L,0,12,106.6354104,0,-115.8341522,596.5878296,331.8700409,-0.014,-1.260000039,-0.490000015,-0.008149926,0.133060014,0.016632502,TRUE
4672,1000_radii_1,-1,L,0,12,106.6521449,0,-115.8972702,596.7058716,331.8618412,-0.014,-1.260000039,-0.490000015,-0.008199328,0.13386657,0.016733321,TRUE
4673,1000_radii_1,-1,L,0,12,106.6688586,0,-115.9603271,596.8237915,331.853651,-0.014,-1.260000039,-0.490000015,-0.008190009,0.133714435,0.016714304,TRUE
4674,1000_radii_1,-1,L,0,12,106.6854157,0,-116.0228119,596.9406128,331.8455372,-0.014,-1.260000039,-0.490000015,-0.008113393,0.132463549,0.016557944,TRUE
4675,1000_radii_1,-1,L,0,12,106.7020672,0,-116.0856705,597.0580444,331.8373814,-0.014,-1.260000039,-0.490000015,-0.008159244,0.133212149,0.016651519,TRUE
4676,1000_radii_1,-1,L,0,12,106.7187407,0,-116.1486282,597.1756592,331.8292084,-0.014,-1.260000039,-0.490000015,-0.008170042,0.133388432,0.016673554,TRUE
4677,1000_radii_1,-1,L,0,12,106.7355275,0,-116.2120285,597.2940674,331.8209858,-0.014,-1.260000039,-0.490000015,-0.008225508,0.134293996,0.01678675,TRUE
4678,1000_radii_1,-1,L,0,12,106.7521328,0,-116.2747574,597.4111328,331.8128471,-0.014,-1.260000039,-0.490000015,-0.008136466,0.132840264,0.016605033,TRUE
4679,1000_radii_1,-1,L,0,12,106.7687837,0,-116.337677,597.5285645,331.8046913,-0.014,-1.260000039,-0.490000015,-0.008158801,0.133204904,0.016650613,TRUE
4680,1000_radii_1,-1,L,0,12,106.785444,0,-116.40065,597.6460571,331.796526,-0.014,-1.260000039,-0.490000015,-0.008163238,0.133277349,0.016659669,TRUE
4681,1000_radii_1,-1,L,0,12,106.8021004,0,-116.463623,597.7634888,331.7883663,-0.014,-1.260000039,-0.490000015,-0.008161167,0.133243542,0.016655443,TRUE
4682,1000_radii_1,-1,L,0,12,106.8187618,0,-116.5266342,597.8809814,331.780201,-0.014,-1.260000039,-0.490000015,-0.008164569,0.133299083,0.016662385,TRUE
4683,1000_radii_1,-1,L,0,12,106.8354387,0,-116.5897217,597.9985352,331.772028,-0.014,-1.260000039,-0.490000015,-0.008171817,0.13341741,0.016677176,TRUE
4684,1000_radii_1,-1,L,0,12,106.8521494,0,-116.6529541,598.116333,331.7638397,-0.014,-1.260000039,-0.490000015,-0.008188678,0.133692702,0.016711588,TRUE
4685,1000_radii_1,-1,L,0,12,106.8687424,0,-116.7157516,598.2332764,331.7557087,-0.014,-1.260000039,-0.490000015,-0.008130106,0.132736426,0.016592053,TRUE
4686,1000_radii_1,-1,L,0,12,106.8854283,0,-116.778923,598.3508911,331.7475338,-0.014,-1.260000039,-0.490000015,-0.008176698,0.1334971,0.016687137,TRUE
4687,1000_radii_1,-1,L,0,12,106.9021402,0,-116.8421249,598.4685059,331.7393551,-0.014,-1.260000039,-0.490000015,-0.008177881,0.133516418,0.016689552,TRUE
4688,1000_radii_1,-1,L,0,12,106.9188195,0,-116.9053802,598.5861816,331.7311726,-0.014,-1.260000039,-0.490000015,-0.008183058,0.133600938,0.016700117,TRUE
4689,1000_radii_1,-1,L,0,12,106.9354236,0,-116.9682922,598.703186,331.7230358,-0.014,-1.260000039,-0.490000015,-0.008136614,0.132842678,0.016605335,TRUE
4690,1000_radii_1,-1,L,0,12,106.9520978,0,-117.0314789,598.8206787,331.7148647,-0.014,-1.260000039,-0.490000015,-0.008169598,0.133381187,0.016672648,TRUE
4691,1000_radii_1,-1,L,0,12,106.9687565,0,-117.094635,598.9380493,331.7067032,-0.014,-1.260000039,-0.490000015,-0.00816309,0.133274934,0.016659367,TRUE
4692,1000_radii_1,-1,L,0,12,106.9854446,0,-117.1579132,599.055603,331.6985264,-0.014,-1.260000039,-0.490000015,-0.008177289,0.133506759,0.016688345,TRUE
4693,1000_radii_1,-1,L,0,12,107.0022533,0,-117.2216644,599.1740112,331.6902905,-0.014,-1.260000039,-0.490000015,-0.008236009,0.13446545,0.016808181,TRUE
4694,1000_radii_1,-1,L,0,12,107.018808,0,-117.2844696,599.2905884,331.6821766,-0.014,-1.260000039,-0.490000015,-0.008112061,0.132441815,0.016555227,TRUE
4695,1000_radii_1,-1,L,0,12,107.0354009,0,-117.3474426,599.4074707,331.6740456,-0.014,-1.260000039,-0.490000015,-0.008130846,0.1327485,0.016593562,TRUE
4696,1000_radii_1,-1,L,0,12,107.0520518,0,-117.4106522,599.5247192,331.6658878,-0.014,-1.260000039,-0.490000015,-0.008159096,0.133209734,0.016651217,TRUE
4697,1000_radii_1,1000,L,0,13,107.0688452,0,-117.474411,599.6429443,331.6576576,-0.014,-1.260000039,-0.490000015,-0.008228318,0.134339878,0.016792485,FALSE
4698,1000_radii_1,1000,L,0,13,107.0854705,0,-117.5375366,599.7600098,331.6495152,-0.014,-1.260000039,-0.490000015,-0.008144749,0.132975495,0.016621937,FALSE
4699,1000_radii_1,1000,L,0,13,107.1028929,0,-117.6037369,599.8826904,331.640976,-0.014,-1.260000039,-0.490000015,-0.008538335,0.13940138,0.017425172,FALSE
4700,1000_radii_1,1000,L,0,13,107.118747,0,-117.6639862,599.9943237,331.6332073,-0.014,-1.260000039,-0.490000015,-0.007768617,0.12683456,0.01585432,FALSE
4701,1000_radii_1,1000,L,0,13,107.1353798,0,-117.727211,600.1113892,331.6250572,-0.014,-1.260000039,-0.490000015,-0.00815037,0.133067258,0.016633407,FALSE
4702,1000_radii_1,1000,L,0,13,107.1521037,0,-117.7907944,600.229126,331.6168613,-0.014,-1.260000039,-0.490000015,-0.008194742,0.13379171,0.016723964,FALSE
4703,1000_radii_1,1000,L,0,13,107.1687471,0,-117.8540802,600.3462524,331.6087093,-0.014,-1.260000039,-0.490000015,-0.008154511,0.133134874,0.016641859,FALSE
4704,1000_radii_1,1000,L,0,13,107.1854517,0,-117.9176331,600.4638062,331.6005211,-0.014,-1.260000039,-0.490000015,-0.00818646,0.133656479,0.01670706,FALSE
4705,1000_radii_1,1000,L,0,13,107.2020299,0,-117.9807129,600.5804443,331.5923977,-0.014,-1.260000039,-0.490000015,-0.008123155,0.132622928,0.016577866,FALSE
4706,1000_radii_1,1000,L,0,13,107.2186929,0,-118.0441284,600.6976929,331.5842342,-0.014,-1.260000039,-0.490000015,-0.008164421,0.133296668,0.016662084,FALSE
4707,1000_radii_1,1000,L,0,13,107.2354935,0,-118.1080933,600.815918,331.5760021,-0.014,-1.260000039,-0.490000015,-0.008233199,0.134419568,0.016802446,FALSE
4708,1000_radii_1,1000,L,0,13,107.2520841,0,-118.1712646,600.9326172,331.5678749,-0.014,-1.260000039,-0.490000015,-0.008129071,0.132719522,0.01658994,FALSE
4709,1000_radii_1,1000,L,0,13,107.2687136,0,-118.2344894,601.0493774,331.5597363,-0.014,-1.260000039,-0.490000015,-0.008133508,0.132791967,0.016598996,FALSE
4710,1000_radii_1,1000,L,0,13,107.285379,0,-118.2980957,601.1668091,331.5515575,-0.014,-1.260000039,-0.490000015,-0.008180543,0.133559885,0.016694986,FALSE
4711,1000_radii_1,1000,L,0,13,107.3020392,0,-118.3615875,601.2839966,331.5433941,-0.014,-1.260000039,-0.490000015,-0.008163682,0.133284594,0.016660574,FALSE
4712,1000_radii_1,1000,L,0,13,107.3187246,0,-118.4251556,601.4013062,331.535223,-0.014,-1.260000039,-0.490000015,-0.008171373,0.133410165,0.016676271,FALSE
4713,1000_radii_1,1000,L,0,13,107.3353646,0,-118.4886398,601.5183716,331.5270634,-0.014,-1.260000039,-0.490000015,-0.008158209,0.133195245,0.016649406,FALSE
4714,1000_radii_1,1000,L,0,13,107.3520439,0,-118.5522461,601.6356812,331.5188904,-0.014,-1.260000039,-0.490000015,-0.008171817,0.13341741,0.016677176,FALSE
4715,1000_radii_1,1000,L,0,13,107.3687132,0,-118.6157684,601.7527466,331.5107346,-0.014,-1.260000039,-0.490000015,-0.008158653,0.133202489,0.016650311,FALSE
4716,1000_radii_1,1000,L,0,13,107.3853626,0,-118.6793823,601.8699341,331.5025635,-0.014,-1.260000039,-0.490000015,-0.008168119,0.133357039,0.01666963,FALSE
4717,1000_radii_1,1000,L,0,13,107.4020262,0,-118.7429886,601.9870605,331.4944038,-0.014,-1.260000039,-0.490000015,-0.008165161,0.133308742,0.016663593,FALSE
4718,1000_radii_1,1000,L,0,13,107.4186542,0,-118.8064728,602.1039429,331.4862537,-0.014,-1.260000039,-0.490000015,-0.008148003,0.133028621,0.016628578,FALSE
4719,1000_radii_1,1000,L,0,13,107.4353631,0,-118.870285,602.2213745,331.4780636,-0.014,-1.260000039,-0.490000015,-0.008187347,0.133670968,0.016708871,FALSE
4720,1000_radii_1,1000,L,0,13,107.4520134,0,-118.9338837,602.3383789,331.4699059,-0.014,-1.260000039,-0.490000015,-0.008158505,0.133200074,0.016650009,FALSE
4721,1000_radii_1,1000,L,0,13,107.4688647,0,-118.9982452,602.4567871,331.4616508,-0.014,-1.260000039,-0.490000015,-0.008254202,0.134762475,0.016845309,FALSE
4722,1000_radii_1,1000,L,0,13,107.4854227,0,-119.0615463,602.5731812,331.453537,-0.014,-1.260000039,-0.490000015,-0.008115907,0.132504601,0.016563075,FALSE
4723,1000_radii_1,1000,L,0,13,107.5020875,0,-119.1252594,602.6903076,331.4453716,-0.014,-1.260000039,-0.490000015,-0.008166048,0.133323231,0.016665404,FALSE
4724,1000_radii_1,1000,L,0,13,107.5188199,0,-119.1892319,602.8078613,331.4371738,-0.014,-1.260000039,-0.490000015,-0.008197849,0.133842422,0.016730303,FALSE
4725,1000_radii_1,1000,L,0,13,107.5353582,0,-119.2524948,602.9240723,331.4290695,-0.014,-1.260000039,-0.490000015,-0.00810437,0.132316244,0.01653953,FALSE
4726,1000_radii_1,1000,L,0,13,107.5520668,0,-119.3164215,603.0414429,331.4208794,-0.014,-1.260000039,-0.490000015,-0.008187643,0.133675798,0.016709475,FALSE
4727,1000_radii_1,1000,L,0,13,107.5686942,0,-119.3800125,603.1582031,331.4127388,-0.014,-1.260000039,-0.490000015,-0.008142235,0.132934442,0.016616805,FALSE
4728,1000_radii_1,1000,L,0,13,107.5853517,0,-119.4438171,603.2752686,331.4045715,-0.014,-1.260000039,-0.490000015,-0.008167675,0.133349794,0.016668724,FALSE
4729,1000_radii_1,1000,L,0,13,107.6020253,0,-119.5076599,603.392395,331.3963985,-0.014,-1.260000039,-0.490000015,-0.008170485,0.133395676,0.01667446,FALSE
4730,1000_radii_1,1000,L,0,13,107.6186828,0,-119.5714569,603.5093994,331.3882389,-0.014,-1.260000039,-0.490000015,-0.008161611,0.133250786,0.016656348,FALSE
4731,1000_radii_1,1000,L,0,13,107.6354228,0,-119.6355896,603.6269531,331.3800373,-0.014,-1.260000039,-0.490000015,-0.008202582,0.133919696,0.016739962,FALSE
4732,1000_radii_1,1000,L,0,13,107.6521048,0,-119.6995163,603.7440796,331.3718605,-0.014,-1.260000039,-0.490000015,-0.008174479,0.133460877,0.01668261,FALSE
4733,1000_radii_1,1000,L,0,13,107.6687696,0,-119.7633896,603.861084,331.3636971,-0.014,-1.260000039,-0.490000015,-0.008165013,0.133306327,0.016663291,FALSE
4734,1000_radii_1,1000,L,0,13,107.6854244,0,-119.82724,603.9780273,331.3555374,-0.014,-1.260000039,-0.490000015,-0.008160576,0.133233882,0.016654235,FALSE
4735,1000_radii_1,1000,L,0,13,107.7021082,0,-119.8912201,604.0951538,331.3473644,-0.014,-1.260000039,-0.490000015,-0.008174775,0.133465707,0.016683213,FALSE
4736,1000_radii_1,1000,L,0,13,107.7187453,0,-119.9550095,604.2119141,331.3392124,-0.014,-1.260000039,-0.490000015,-0.008148743,0.133040695,0.016630087,FALSE
4737,1000_radii_1,1000,L,0,13,107.7353914,0,-120.0189209,604.3288574,331.331049,-0.014,-1.260000039,-0.490000015,-0.008161315,0.133245956,0.016655745,FALSE
4738,1000_radii_1,1000,L,0,13,107.7520048,0,-120.0826797,604.4454956,331.3229103,-0.014,-1.260000039,-0.490000015,-0.00814046,0.132905464,0.016613183,FALSE
4739,1000_radii_1,1000,L,0,13,107.7686624,0,-120.1466217,604.5623779,331.3147488,-0.014,-1.260000039,-0.490000015,-0.008161907,0.133255616,0.016656952,FALSE
4740,1000_radii_1,1000,L,0,13,107.7853592,0,-120.2107391,604.6795654,331.3065662,-0.014,-1.260000039,-0.490000015,-0.008181727,0.133579204,0.016697401,FALSE
4741,1000_radii_1,1000,L,0,13,107.8020726,0,-120.2749329,604.796875,331.2983761,-0.014,-1.260000039,-0.490000015,-0.008189418,0.133704776,0.016713097,FALSE
4742,1000_radii_1,1000,L,0,13,107.8187606,0,-120.3390427,604.9140015,331.2902012,-0.014,-1.260000039,-0.490000015,-0.008176846,0.133499514,0.016687439,FALSE
4743,1000_radii_1,1000,L,0,13,107.83541,0,-120.4030228,605.0308228,331.2820435,-0.014,-1.260000039,-0.490000015,-0.008157765,0.133188,0.0166485,FALSE
4744,1000_radii_1,1000,L,0,13,107.8520492,0,-120.4669876,605.147583,331.2738876,-0.014,-1.260000039,-0.490000015,-0.008153328,0.133115555,0.016639444,FALSE
4745,1000_radii_1,1000,L,0,13,107.8686711,0,-120.530899,605.2642212,331.2657452,-0.014,-1.260000039,-0.490000015,-0.008144749,0.132975495,0.016621937,FALSE
4746,1000_radii_1,1000,L,0,13,107.8853489,0,-120.595047,605.3812256,331.2575703,-0.014,-1.260000039,-0.490000015,-0.008172704,0.133431899,0.016678987,FALSE
4747,1000_radii_1,1000,L,0,13,107.9020176,0,-120.6591721,605.4981689,331.2494049,-0.014,-1.260000039,-0.490000015,-0.008167675,0.133349794,0.016668724,FALSE
4748,1000_radii_1,1000,L,0,13,107.9186864,0,-120.7233047,605.6150513,331.2412357,-0.014,-1.260000039,-0.490000015,-0.008166936,0.13333772,0.016667215,FALSE
4749,1000_radii_1,1000,L,0,13,107.9353632,0,-120.7874908,605.7319946,331.2330666,-0.014,-1.260000039,-0.490000015,-0.008171669,0.133414995,0.016676874,FALSE
4750,1000_radii_1,1000,L,0,13,107.9521023,0,-120.8519287,605.8493652,331.2248631,-0.014,-1.260000039,-0.490000015,-0.008201103,0.133895548,0.016736943,FALSE
4751,1000_radii_1,1000,L,0,13,107.9687813,0,-120.9161682,605.9663696,331.2166901,-0.014,-1.260000039,-0.490000015,-0.008174183,0.133456047,0.016682006,FALSE
4752,1000_radii_1,1000,L,0,13,107.9853347,0,-120.9799347,606.0824585,331.20858,-0.014,-1.260000039,-0.490000015,-0.008111322,0.132429741,0.016553718,FALSE
4753,1000_radii_1,1000,L,0,13,108.002026,0,-121.0442429,606.1994629,331.2004032,-0.014,-1.260000039,-0.490000015,-0.008178768,0.133530907,0.016691363,FALSE
4754,1000_radii_1,1000,L,0,13,108.018686,0,-121.1084442,606.3162231,331.1922359,-0.014,-1.260000039,-0.490000015,-0.00816235,0.13326286,0.016657858,FALSE
4755,1000_radii_1,1000,L,0,13,108.0353197,0,-121.1725769,606.4328613,331.1840858,-0.014,-1.260000039,-0.490000015,-0.008151701,0.133088992,0.016636124,FALSE
4756,1000_radii_1,1000,L,0,13,108.0520404,0,-121.2370529,606.5500488,331.1758919,-0.014,-1.260000039,-0.490000015,-0.008193263,0.133767562,0.016720945,FALSE
4757,1000_radii_1,1000,L,0,13,108.0686635,0,-121.3011703,606.6665649,331.1677494,-0.014,-1.260000039,-0.490000015,-0.008145341,0.132985154,0.016623144,FALSE
4758,1000_radii_1,1000,L,0,13,108.085555,0,-121.3660965,606.7844849,331.1595001,-0.014,-1.260000039,-0.490000015,-0.008246658,0.134639318,0.016829915,TRUE
4759,1000_radii_1,1000,L,0,13,108.102276,0,-121.4308319,606.9020386,331.1512833,-0.014,-1.260000039,-0.490000015,-0.008219591,0.134197403,0.016774675,TRUE
4760,1000_radii_1,1000,L,0,13,108.1189365,0,-121.4950256,607.0185547,331.1431332,-0.014,-1.260000039,-0.490000015,-0.008149187,0.13304794,0.016630992,TRUE
4761,1000_radii_1,1000,L,0,13,108.1355926,0,-121.5593567,607.1353149,331.1349678,-0.014,-1.260000039,-0.490000015,-0.008164569,0.133299083,0.016662385,TRUE
4762,1000_radii_1,1000,L,0,13,108.1522302,0,-121.6236954,607.2520142,331.1268005,-0.014,-1.260000039,-0.490000015,-0.008163386,0.133279764,0.016659971,TRUE
4763,1000_radii_1,1000,L,0,13,108.1689122,0,-121.6881485,607.3688965,331.1186275,-0.014,-1.260000039,-0.490000015,-0.00817581,0.133482611,0.016685326,TRUE
4764,1000_radii_1,1000,L,0,13,108.186363,0,-121.7553482,607.4907227,331.1101055,-0.014,-1.260000039,-0.490000015,-0.008521473,0.139126088,0.017390761,TRUE
4765,1000_radii_1,1000,L,0,13,108.2022162,0,-121.8168411,607.6021729,331.1023102,-0.014,-1.260000039,-0.490000015,-0.007795684,0.127276476,0.015909559,TRUE
4766,1000_radii_1,1000,L,0,13,108.218906,0,-121.8814011,607.7191162,331.0941257,-0.014,-1.260000039,-0.490000015,-0.008182762,0.133596108,0.016699514,TRUE
4767,1000_radii_1,1000,L,0,13,108.2355986,0,-121.945755,607.8356323,331.0859756,-0.014,-1.260000039,-0.490000015,-0.008154363,0.133132459,0.016641557,TRUE
4768,1000_radii_1,1000,L,0,13,108.2522788,0,-122.0103455,607.9525757,331.0777931,-0.014,-1.260000039,-0.490000015,-0.008182318,0.133588863,0.016698608,TRUE
4769,1000_radii_1,1000,L,0,13,108.2688938,0,-122.0747223,608.0690918,331.0696392,-0.014,-1.260000039,-0.490000015,-0.008153328,0.133115555,0.016639444,TRUE
4770,1000_radii_1,1000,L,0,13,108.2855278,0,-122.1391296,608.1856079,331.0614834,-0.014,-1.260000039,-0.490000015,-0.008155399,0.133149363,0.01664367,TRUE
4771,1000_radii_1,1000,L,0,13,108.3023254,0,-122.2038879,608.3027344,331.0532856,-0.014,-1.260000039,-0.490000015,-0.008197553,0.133837592,0.016729699,TRUE
4772,1000_radii_1,1000,L,0,13,108.3188855,0,-122.2682266,608.4190674,331.0451412,-0.014,-1.260000039,-0.490000015,-0.008142383,0.132936857,0.016617107,TRUE
4773,1000_radii_1,1000,L,0,13,108.3355638,0,-122.3328247,608.5358276,331.0369682,-0.014,-1.260000039,-0.490000015,-0.008173148,0.133439144,0.016679893,TRUE
4774,1000_radii_1,1000,L,0,13,108.352193,0,-122.397049,608.6518555,331.0288467,-0.014,-1.260000039,-0.490000015,-0.008123894,0.132635002,0.016579375,TRUE
4775,1000_radii_1,1000,L,0,13,108.3688898,0,-122.4619675,608.769104,331.0206375,-0.014,-1.260000039,-0.490000015,-0.008209385,0.134030779,0.016753847,TRUE
4776,1000_radii_1,1000,L,0,13,108.3855287,0,-122.5264359,608.885498,331.0124874,-0.014,-1.260000039,-0.490000015,-0.008149778,0.133057599,0.0166322,TRUE
4777,1000_radii_1,1000,L,0,13,108.4021666,0,-122.5907898,609.0016479,331.0043564,-0.014,-1.260000039,-0.490000015,-0.008133952,0.132799211,0.016599901,TRUE
4778,1000_radii_1,1000,L,0,13,108.418873,0,-122.6556244,609.1186523,330.9961567,-0.014,-1.260000039,-0.490000015,-0.008192524,0.133755487,0.016719436,TRUE
4779,1000_radii_1,1000,L,0,13,108.4355683,0,-122.7205124,609.2357178,330.9879646,-0.014,-1.260000039,-0.490000015,-0.008197257,0.133832762,0.016729095,TRUE
4780,1000_radii_1,1000,L,0,13,108.4522132,0,-122.7850876,609.3521729,330.9798088,-0.014,-1.260000039,-0.490000015,-0.008155695,0.133154193,0.016644274,TRUE
4781,1000_radii_1,1000,L,0,13,108.468971,0,-122.8496323,609.4685059,330.9716587,-0.014,-1.260000039,-0.490000015,-0.00814963,0.133055184,0.016631898,TRUE
4782,1000_radii_1,1000,L,0,13,108.4855467,0,-122.9144211,609.5852661,330.9634819,-0.014,-1.260000039,-0.490000015,-0.008177585,0.133511589,0.016688949,TRUE
4783,1000_radii_1,1000,L,0,13,108.5021608,0,-122.9789429,609.7014771,330.9553375,-0.014,-1.260000039,-0.490000015,-0.008142235,0.132934442,0.016616805,TRUE
4784,1000_radii_1,1000,L,0,13,108.5188619,0,-123.0435791,609.8178711,330.9471836,-0.014,-1.260000039,-0.490000015,-0.008154659,0.133137289,0.016642161,TRUE
4785,1000_radii_1,1000,L,0,13,108.5355457,0,-123.1085281,609.9347534,330.9389915,-0.014,-1.260000039,-0.490000015,-0.008191488,0.133738583,0.016717323,TRUE
4786,1000_radii_1,1000,L,0,13,108.5521905,0,-123.1730423,610.0508423,330.9308548,-0.014,-1.260000039,-0.490000015,-0.008135283,0.132820945,0.016602618,TRUE
4787,1000_radii_1,1000,L,0,13,108.5688777,0,-123.2380295,610.1677246,330.9226627,-0.014,-1.260000039,-0.490000015,-0.008192376,0.133753073,0.016719134,TRUE
4788,1000_radii_1,1000,L,0,13,108.5855307,0,-123.3028412,610.2843018,330.9144955,-0.014,-1.260000039,-0.490000015,-0.008168415,0.133361869,0.016670234,TRUE
4789,1000_radii_1,1000,L,0,13,108.6022471,0,-123.3679276,610.4013062,330.9062939,-0.014,-1.260000039,-0.490000015,-0.008200955,0.133893133,0.016736642,TRUE
4790,1000_radii_1,1000,L,0,13,108.6188156,0,-123.4324112,610.5172119,330.8981724,-0.014,-1.260000039,-0.490000015,-0.008122859,0.132618098,0.016577262,TRUE
4791,1000_radii_1,1000,L,0,13,108.6354173,0,-123.4967804,610.6328735,330.8900681,-0.014,-1.260000039,-0.490000015,-0.008105849,0.132340392,0.016542549,TRUE
4792,1000_radii_1,1000,L,0,13,108.6522515,0,-123.5625229,610.7509155,330.8811989,-0.015,-1.34999997,-0.524999988,-0.008868668,0.135141605,0.016892701,TRUE
4793,1000_radii_1,1000,L,0,13,108.6688731,0,-123.6270065,610.8666992,330.8725014,-0.015,-1.34999997,-0.524999988,-0.008695931,0.132509431,0.016563679,TRUE
4794,1000_radii_1,1000,L,0,13,108.685585,0,-123.6923065,610.9838867,330.863699,-0.015,-1.34999997,-0.524999988,-0.00880401,0.134156351,0.016769544,TRUE
4795,1000_radii_1,1000,L,0,13,108.702213,0,-123.7570724,611.1000977,330.854969,-0.015,-1.34999997,-0.524999988,-0.008729686,0.133023791,0.016627974,TRUE
4796,1000_radii_1,1000,L,0,13,108.7189391,0,-123.8221283,611.2167969,330.8462009,-0.015,-1.34999997,-0.524999988,-0.00876661,0.133586449,0.016698306,TRUE
4797,1000_radii_1,1000,L,0,13,108.7355124,0,-123.8867035,611.3325806,330.8375015,-0.015,-1.34999997,-0.524999988,-0.008698625,0.132550483,0.01656881,TRUE
4798,1000_radii_1,1000,L,0,13,108.7521851,0,-123.9517975,611.4492188,330.8287373,-0.015,-1.34999997,-0.524999988,-0.008765977,0.133576789,0.016697099,TRUE
4799,1000_radii_1,1000,L,0,13,108.768919,0,-124.0170898,611.5661621,330.8199463,-0.015,-1.34999997,-0.524999988,-0.00879054,0.133951089,0.016743886,TRUE
4800,1000_radii_1,1000,L,0,13,108.7855029,0,-124.0816422,611.6817627,330.8112583,-0.015,-1.34999997,-0.524999988,-0.008688324,0.132393518,0.01654919,TRUE
4801,1000_radii_1,1000,L,0,13,108.8022456,0,-124.1470566,611.7988892,330.8024521,-0.015,-1.34999997,-0.524999988,-0.008802901,0.134139447,0.016767431,TRUE
4802,1000_radii_1,1000,L,0,13,108.8189396,0,-124.2121964,611.9154663,330.7936897,-0.015,-1.34999997,-0.524999988,-0.008762966,0.133530907,0.016691363,TRUE
4803,1000_radii_1,1000,L,0,13,108.8355238,0,-124.2767563,612.0309448,330.7850075,-0.015,-1.34999997,-0.524999988,-0.008682461,0.132304169,0.016538021,TRUE
4804,1000_radii_1,1000,L,0,13,108.8521941,0,-124.3420334,612.1477051,330.7762318,-0.015,-1.34999997,-0.524999988,-0.008776911,0.133743413,0.016717927,TRUE
4805,1000_radii_1,1000,L,0,13,108.8688655,0,-124.4071503,612.2640991,330.7674789,-0.015,-1.34999997,-0.524999988,-0.008752823,0.133376358,0.016672045,TRUE
4806,1000_radii_1,1000,L,0,13,108.8855819,0,-124.4723206,612.3805542,330.7587223,-0.015,-1.34999997,-0.524999988,-0.008757261,0.133443973,0.016680497,TRUE
4807,1000_radii_1,1000,L,0,13,108.9021535,0,-124.5371475,612.4963379,330.7500114,-0.015,-1.34999997,-0.524999988,-0.00870956,0.132717107,0.016589638,TRUE
4808,1000_radii_1,1000,L,0,13,108.9188922,0,-124.6026382,612.6132813,330.7412128,-0.015,-1.34999997,-0.524999988,-0.008796245,0.134038023,0.016754753,TRUE
4809,1000_radii_1,1000,L,0,13,108.9354945,0,-124.6675949,612.729248,330.7324963,-0.015,-1.34999997,-0.524999988,-0.008721604,0.132900635,0.016612579,TRUE
4810,1000_radii_1,1000,L,0,13,108.9522429,0,-124.7329636,612.8458862,330.7237206,-0.015,-1.34999997,-0.524999988,-0.008774851,0.13371202,0.016714003,TRUE
4811,1000_radii_1,1000,L,0,13,108.9689506,0,-124.7984314,612.9626465,330.7149353,-0.015,-1.34999997,-0.524999988,-0.00878531,0.1338714,0.016733925,TRUE
4812,1000_radii_1,1000,L,0,13,108.9855137,0,-124.8632431,613.0782471,330.7062378,-0.015,-1.34999997,-0.524999988,-0.008695614,0.132504601,0.016563075,TRUE
4813,1000_radii_1,1000,L,0,13,109.0022123,0,-124.9284439,613.194458,330.6974945,-0.015,-1.34999997,-0.524999988,-0.008744741,0.133253201,0.01665665,TRUE
4814,1000_radii_1,1000,L,0,13,109.0188557,0,-124.9936447,613.3106079,330.6887512,-0.015,-1.34999997,-0.524999988,-0.008742364,0.133216978,0.016652122,TRUE
4815,1000_radii_1,1000,L,0,13,109.0356252,0,-125.059433,613.4277954,330.6799335,-0.015,-1.34999997,-0.524999988,-0.008819224,0.134388175,0.016798522,TRUE
4816,1000_radii_1,1000,L,0,13,109.0522336,0,-125.1245346,613.5437012,330.6712093,-0.015,-1.34999997,-0.524999988,-0.008724932,0.132951346,0.016618918,TRUE
4817,1000_radii_1,1000,L,0,13,109.0688594,0,-125.1895599,613.6594238,330.6624985,-0.015,-1.34999997,-0.524999988,-0.008712096,0.132755744,0.016594468,TRUE
4818,1000_radii_1,1000,L,0,13,109.0855028,0,-125.2548904,613.7756348,330.6537437,-0.015,-1.34999997,-0.524999988,-0.008750288,0.13333772,0.016667215,TRUE
4819,1000_radii_1,1000,L,0,13,109.1021211,0,-125.3200531,613.8915405,330.6450214,-0.015,-1.34999997,-0.524999988,-0.008725407,0.132958591,0.016619824,TRUE
4820,1000_radii_1,1000,L,0,13,109.1188961,0,-125.385643,614.0081787,330.63624,-0.015,-1.34999997,-0.524999988,-0.008780556,0.133798954,0.016724869,TRUE
4821,1000_radii_1,1000,L,0,13,109.1354893,0,-125.4509583,614.1242676,330.6274986,-0.015,-1.34999997,-0.524999988,-0.00874173,0.133207319,0.016650915,TRUE
4822,1000_radii_1,1000,L,0,13,109.1522088,0,-125.5165329,614.2407837,330.6187248,-0.015,-1.34999997,-0.524999988,-0.008773583,0.133692702,0.016711588,TRUE
4823,1000_radii_1,1000,L,0,13,109.168873,0,-125.5817413,614.3566284,330.6100044,-0.015,-1.34999997,-0.524999988,-0.008722713,0.132917538,0.016614692,TRUE
4824,1000_radii_1,1000,L,0,13,109.1854686,0,-125.6469955,614.4724731,330.6012726,-0.015,-1.34999997,-0.524999988,-0.008725724,0.13296342,0.016620428,TRUE
4825,1000_radii_1,1000,L,0,13,109.2021772,0,-125.7127075,614.5891113,330.5924892,-0.015,-1.34999997,-0.524999988,-0.008784993,0.13386657,0.016733321,TRUE
4826,1000_radii_1,1000,L,0,13,109.2188426,0,-125.7782059,614.7053223,330.5837364,-0.015,-1.34999997,-0.524999988,-0.00875425,0.133398091,0.016674761,TRUE
4827,1000_radii_1,1000,L,0,13,109.2355367,0,-125.8436661,614.8214111,330.5749912,-0.015,-1.34999997,-0.524999988,-0.008746801,0.133284594,0.016660574,TRUE
4828,1000_radii_1,1000,L,0,13,109.2522211,0,-125.9093323,614.9378662,330.5662193,-0.015,-1.34999997,-0.524999988,-0.008771999,0.133668553,0.016708569,TRUE
4829,1000_radii_1,1000,L,0,13,109.2688557,0,-125.9747238,615.053772,330.5574875,-0.015,-1.34999997,-0.524999988,-0.008732539,0.133067258,0.016633407,TRUE
4830,1000_radii_1,1000,L,0,13,109.2854692,0,-126.0398712,615.1691895,330.5487881,-0.015,-1.34999997,-0.524999988,-0.008697991,0.132540824,0.016567603,TRUE
4831,1000_radii_1,1000,L,0,13,109.3022557,0,-126.1060867,615.286438,330.5399494,-0.015,-1.34999997,-0.524999988,-0.008837607,0.134668296,0.016833537,TRUE
4832,1000_radii_1,1000,L,0,13,109.3188764,0,-126.1715164,615.4022827,330.5306377,-0.016000001,-1.440000068,-0.560000027,-0.00931268,0.13303828,0.016629785,TRUE
4833,1000_radii_1,1000,L,0,13,109.3354983,0,-126.2368011,615.5178223,330.521347,-0.016000001,-1.440000068,-0.560000027,-0.009289691,0.132709862,0.016588733,TRUE
4834,1000_radii_1,1000,L,0,13,109.3522145,0,-126.3026962,615.6343994,330.5119743,-0.016000001,-1.440000068,-0.560000027,-0.009373027,0.133900378,0.016737547,TRUE
4835,1000_radii_1,1000,L,0,13,109.3688995,0,-126.368309,615.7504272,330.5026436,-0.016000001,-1.440000068,-0.560000027,-0.009330936,0.133299083,0.016662385,TRUE
4836,1000_radii_1,1000,L,0,13,109.3855519,0,-126.4337158,615.8660278,330.4933414,-0.016000001,-1.440000068,-0.560000027,-0.009298819,0.132840264,0.016605033,TRUE
4837,1000_radii_1,1000,L,0,13,109.4021763,0,-126.4995041,615.9822998,330.4839954,-0.016000001,-1.440000068,-0.560000027,-0.009350207,0.133574374,0.016696797,TRUE
4838,1000_radii_1,1000,L,0,13,109.4189029,0,-126.5654602,616.0988159,330.4746208,-0.016000001,-1.440000068,-0.560000027,-0.009370998,0.1338714,0.016733925,TRUE
4839,1000_radii_1,1000,L,0,13,109.4354754,0,-126.6305695,616.2137451,330.465374,-0.016000001,-1.440000068,-0.560000027,-0.009248107,0.132115812,0.016514477,TRUE
4840,1000_radii_1,1000,L,0,13,109.4521583,0,-126.6965561,616.3302002,330.4560013,-0.016000001,-1.440000068,-0.560000027,-0.00937066,0.13386657,0.016733321,TRUE
4841,1000_radii_1,1000,L,0,13,109.4688765,0,-126.7624969,616.4465332,330.4466419,-0.016000001,-1.440000068,-0.560000027,-0.009361025,0.133728924,0.016716116,TRUE
4842,1000_radii_1,1000,L,0,13,109.4857282,0,-126.8285065,616.5629272,330.4372749,-0.016000001,-1.440000068,-0.560000027,-0.009368294,0.133832762,0.016729095,TRUE
4843,1000_radii_1,1000,L,0,13,109.5021635,0,-126.8937683,616.6779785,330.4280148,-0.016000001,-1.440000068,-0.560000027,-0.009259264,0.132275191,0.016534399,TRUE
4844,1000_radii_1,1000,L,0,13,109.5188733,0,-126.9598618,616.7944336,330.4186401,-0.016000001,-1.440000068,-0.560000027,-0.009374379,0.133919696,0.016739962,TRUE
4845,1000_radii_1,1000,L,0,13,109.5356205,0,-127.0256271,616.9102783,330.4093151,-0.016000001,-1.440000068,-0.560000027,-0.009325527,0.133221808,0.016652726,TRUE
4846,1000_radii_1,1000,L,0,13,109.5522536,0,-127.0916061,617.0264893,330.3999615,-0.016000001,-1.440000068,-0.560000027,-0.009352742,0.133610597,0.016701325,TRUE
4847,1000_radii_1,1000,L,0,13,109.5688792,0,-127.1574173,617.142334,330.3906384,-0.016000001,-1.440000068,-0.560000027,-0.00932671,0.133238712,0.016654839,TRUE
4848,1000_radii_1,1000,L,0,13,109.5855072,0,-127.2231445,617.2579956,330.3813248,-0.016000001,-1.440000068,-0.560000027,-0.009311835,0.133026206,0.016628276,TRUE
4849,1000_radii_1,1000,L,0,13,109.6022402,0,-127.2890091,617.3738403,330.3719997,-0.016000001,-1.440000068,-0.560000027,-0.009328739,0.13326769,0.016658461,TRUE
4850,1000_radii_1,1000,L,0,13,109.6188932,0,-127.3551407,617.4901123,330.3626308,-0.016000001,-1.440000068,-0.560000027,-0.009364068,0.133772391,0.016721549,TRUE
4851,1000_radii_1,1000,L,0,13,109.6354578,0,-127.4206848,617.6052856,330.3533554,-0.016000001,-1.440000068,-0.560000027,-0.009277689,0.132538409,0.016567301,TRUE
4852,1000_radii_1,1000,L,0,13,109.6521452,0,-127.4865723,617.7210693,330.3440323,-0.016000001,-1.440000068,-0.560000027,-0.009323499,0.13319283,0.016649104,TRUE
4853,1000_radii_1,1000,L,0,13,109.6688236,0,-127.552597,617.8370361,330.3346882,-0.016000001,-1.440000068,-0.560000027,-0.00934074,0.133439144,0.016679893,TRUE
4854,1000_radii_1,1000,L,0,13,109.6855334,0,-127.6189117,617.9534912,330.3253117,-0.016000001,-1.440000068,-0.560000027,-0.009379619,0.133994556,0.01674932,TRUE
4855,1000_radii_1,1000,L,0,13,109.7021846,0,-127.6848602,618.0692139,330.3159847,-0.016000001,-1.440000068,-0.560000027,-0.009324682,0.133209734,0.016651217,TRUE
4856,1000_radii_1,1000,L,0,13,109.7189137,0,-127.7506409,618.1846313,330.3066902,-0.016000001,-1.440000068,-0.560000027,-0.009298143,0.132830604,0.016603826,TRUE
4857,1000_radii_1,1000,L,0,13,109.735504,0,-127.8168564,618.3007202,330.2973309,-0.016000001,-1.440000068,-0.560000027,-0.009356799,0.133668553,0.016708569,TRUE
4858,1000_radii_1,1000,L,0,13,109.7522183,0,-127.882843,618.4163818,330.2880077,-0.016000001,-1.440000068,-0.560000027,-0.009321639,0.133166267,0.016645783,TRUE
4859,1000_radii_1,1000,L,0,13,109.768896,0,-127.949173,618.5325928,330.2786388,-0.016000001,-1.440000068,-0.560000027,-0.009367449,0.133820688,0.016727586,TRUE
4860,1000_radii_1,1000,L,0,13,109.7854679,0,-128.0149689,618.6478271,330.2693501,-0.016000001,-1.440000068,-0.560000027,-0.009290536,0.132721936,0.016590242,TRUE
4861,1000_radii_1,1000,L,0,13,109.8021257,0,-128.0810547,618.7635498,330.2600231,-0.016000001,-1.440000068,-0.560000027,-0.009328739,0.13326769,0.016658461,TRUE
4862,1000_radii_1,1000,L,0,13,109.8188596,0,-128.1471558,618.8792725,330.2506943,-0.016000001,-1.440000068,-0.560000027,-0.009327725,0.133253201,0.01665665,TRUE
4863,1000_radii_1,1000,L,0,13,109.8355661,0,-128.2136688,618.9956665,330.2413082,-0.016000001,-1.440000068,-0.560000027,-0.009383676,0.134052512,0.016756564,TRUE
4864,1000_radii_1,1000,L,0,13,109.8521648,0,-128.2796478,619.111084,330.2320099,-0.016000001,-1.440000068,-0.560000027,-0.009304566,0.132922368,0.016615296,TRUE
4865,1000_radii_1,1000,L,0,13,109.8688474,0,-128.3459473,619.2269897,330.2226582,-0.016000001,-1.440000068,-0.560000027,-0.009348178,0.133545396,0.016693175,TRUE
4866,1000_radii_1,1000,L,0,13,109.8854404,0,-128.4117737,619.342041,330.2133827,-0.016000001,-1.440000068,-0.560000027,-0.009278703,0.132552898,0.016569112,TRUE
4867,1000_radii_1,1000,L,0,13,109.9021586,0,-128.478302,619.458252,330.2040062,-0.016000001,-1.440000068,-0.560000027,-0.009375224,0.133931771,0.016741471,TRUE
4868,1000_radii_1,1000,L,0,13,109.9188593,0,-128.544693,619.5741577,330.1946526,-0.016000001,-1.440000068,-0.560000027,-0.009351559,0.133593693,0.016699212,TRUE
4869,1000_radii_1,1000,L,0,13,109.9355063,0,-128.6107178,619.6893921,330.185358,-0.016000001,-1.440000068,-0.560000027,-0.009298481,0.132835434,0.016604429,TRUE
4870,1000_radii_1,1000,L,0,13,109.9522375,0,-128.6773376,619.8056641,330.1759739,-0.016000001,-1.440000068,-0.560000027,-0.009379281,0.133989727,0.016748716,TRUE
4871,1000_radii_1,1000,L,0,13,109.9689479,0,-128.7436066,619.9212646,330.1666489,-0.016000001,-1.440000068,-0.560000027,-0.009327894,0.133255616,0.016656952,TRUE
4872,1000_radii_1,1000,L,0,13,109.9855001,0,-128.8095245,620.0361938,330.1573734,-0.016000001,-1.440000068,-0.560000027,-0.009274308,0.132490112,0.016561264,TRUE
4873,1000_radii_1,1000,L,0,13,110.0021507,0,-128.8760071,620.1520386,330.1480236,-0.016000001,-1.440000068,-0.560000027,-0.009351052,0.133586449,0.016698306,TRUE
4874,1000_radii_1,1000,L,0,13,110.0188318,0,-128.9422302,620.2674561,330.13871,-0.016000001,-1.440000068,-0.560000027,-0.009313356,0.13304794,0.016630992,TRUE
4875,1000_radii_1,1000,L,0,13,110.0354845,0,-129.0088501,620.3834839,330.129343,-0.016000001,-1.440000068,-0.560000027,-0.009366434,0.133806199,0.016725775,TRUE
4876,1000_radii_1,1000,L,0,13,110.0522592,0,-129.07547,620.4994507,330.119978,-0.016000001,-1.440000068,-0.560000027,-0.009362546,0.133750658,0.016718832,TRUE
4877,1000_radii_1,1000,L,0,13,110.0688546,0,-129.1418304,620.6149292,330.1106567,-0.016000001,-1.440000068,-0.560000027,-0.009324344,0.133204904,0.016650613,TRUE
4878,1000_radii_1,1000,L,0,13,110.0854681,0,-129.2080688,620.7301636,330.1013527,-0.016000001,-1.440000068,-0.560000027,-0.009303721,0.132910294,0.016613787,TRUE
4879,1000_radii_1,1000,L,0,13,110.1021899,0,-129.2745972,620.8458862,330.0920086,-0.016000001,-1.440000068,-0.560000027,-0.009341924,0.133456047,0.016682006,TRUE
4880,1000_radii_1,1000,L,0,13,110.1188922,0,-129.3413239,620.9619141,330.0826397,-0.016000001,-1.440000068,-0.560000027,-0.009368125,0.133830347,0.016728793,TRUE
4881,1000_radii_1,1000,L,0,13,110.1354561,0,-129.407486,621.0769043,330.0733566,-0.016000001,-1.440000068,-0.560000027,-0.009285296,0.132647076,0.016580885,TRUE
4882,1000_radii_1,1000,L,0,13,110.1521834,0,-129.4742584,621.1929321,330.0639877,-0.016000001,-1.440000068,-0.560000027,-0.009369646,0.133852081,0.01673151,TRUE
4883,1000_radii_1,1000,L,0,13,110.1688576,0,-129.5404358,621.3078613,330.0547028,-0.016000001,-1.440000068,-0.560000027,-0.009283605,0.132622928,0.016577866,TRUE
4884,1000_radii_1,1000,L,0,13,110.1854421,0,-129.6070251,621.4234619,330.0453663,-0.016000001,-1.440000068,-0.560000027,-0.009337529,0.133393262,0.016674158,TRUE
4885,1000_radii_1,1000,L,0,13,110.2022243,0,-129.674057,621.5397949,330.035965,-0.016000001,-1.440000068,-0.560000027,-0.009398045,0.134257774,0.016782222,TRUE
4886,1000_radii_1,1000,L,0,13,110.218797,0,-129.740036,621.6542358,330.0267181,-0.016000001,-1.440000068,-0.560000027,-0.0092476,0.132108568,0.016513571,TRUE
4887,1000_radii_1,1000,L,0,13,110.2354434,0,-129.8068085,621.7700195,330.0173664,-0.016000001,-1.440000068,-0.560000027,-0.009354771,0.133639575,0.016704947,TRUE
4888,1000_radii_1,1000,L,0,13,110.2521626,0,-129.873642,621.8858643,330.0080013,-0.016000001,-1.440000068,-0.560000027,-0.009362546,0.133750658,0.016718832,TRUE
4889,1000_radii_1,1000,L,0,13,110.2688917,0,-129.940155,622.0010986,329.9986897,-0.016000001,-1.440000068,-0.560000027,-0.009314201,0.133060014,0.016632502,TRUE
4890,1000_radii_1,1000,L,0,13,110.2854611,0,-130.0067291,622.116394,329.9893684,-0.016000001,-1.440000068,-0.560000027,-0.009319442,0.133134874,0.016641859,TRUE
4891,1000_radii_1,1000,L,0,13,110.3021745,0,-130.0737,622.2323608,329.9799919,-0.016000001,-1.440000068,-0.560000027,-0.009373872,0.133912452,0.016739056,TRUE
4892,1000_radii_1,1000,L,0,13,110.3188562,0,-130.1405029,622.3479614,329.9706516,-0.016000001,-1.440000068,-0.560000027,-0.009346319,0.133518833,0.016689854,TRUE
4893,1000_radii_1,1000,L,0,13,110.3354845,0,-130.2067871,622.4626465,329.9613762,-0.016000001,-1.440000068,-0.560000027,-0.009272618,0.132465964,0.016558245,TRUE
4894,1000_radii_1,1000,L,0,13,110.352139,0,-130.2737274,622.5784302,329.9520168,-0.016000001,-1.440000068,-0.560000027,-0.009360518,0.13372168,0.01671521,TRUE
4895,1000_radii_1,1000,L,0,13,110.3688639,0,-130.3407288,622.6942749,329.9426498,-0.016000001,-1.440000068,-0.560000027,-0.009365927,0.133798954,0.016724869,TRUE
4896,1000_radii_1,1000,L,0,13,110.3855742,0,-130.4077148,622.8100586,329.9338741,-0.015,-1.34999997,-0.524999988,-0.008777228,0.133748243,0.01671853,TRUE
4897,1000_radii_1,1000,L,0,13,110.402137,0,-130.4741058,622.9247437,329.9251728,-0.015,-1.34999997,-0.524999988,-0.008695614,0.132504601,0.016563075,TRUE
4898,1000_radii_1,1000,L,0,13,110.4188746,0,-130.5408478,623.0400391,329.9170208,-0.014,-1.260000039,-0.490000015,-0.008158357,0.13319766,0.016649707,TRUE
4899,1000_radii_1,1000,L,0,13,110.4354823,0,-130.6078033,623.1556396,329.90942,-0.013,-1.170000024,-0.455000009,-0.007596631,0.13356713,0.016695891,TRUE
4900,1000_radii_1,1000,L,0,13,110.4521867,0,-130.6748047,623.2712402,329.9024067,-0.012,-1.080000009,-0.420000004,-0.007015697,0.133632331,0.016704041,TRUE
4901,1000_radii_1,1000,L,0,13,110.4688916,0,-130.7415466,623.3863525,329.8954201,-0.012,-1.080000009,-0.420000004,-0.006986792,0.133081747,0.016635218,TRUE
4902,1000_radii_1,1000,L,0,13,110.4854423,0,-130.8081055,623.5011597,329.8884525,-0.012,-1.080000009,-0.420000004,-0.006966887,0.132702618,0.016587827,TRUE
4903,1000_radii_1,1000,L,0,13,110.5021967,0,-130.8751221,623.6166992,329.8814373,-0.012,-1.080000009,-0.420000004,-0.007013542,0.133591278,0.01669891,TRUE
4904,1000_radii_1,1000,L,0,13,110.5187613,0,-130.9419708,623.7319336,329.874445,-0.012,-1.080000009,-0.420000004,-0.006994145,0.133221808,0.016652726,TRUE
4905,1000_radii_1,1000,L,0,13,110.5354826,0,-131.0088196,623.847168,329.8674526,-0.012,-1.080000009,-0.420000004,-0.00699275,0.133195245,0.016649406,TRUE
4906,1000_radii_1,1000,L,0,13,110.5521211,0,-131.0756989,623.9624023,329.8604584,-0.012,-1.080000009,-0.420000004,-0.006994145,0.133221808,0.016652726,TRUE
4907,1000_radii_1,1000,L,0,13,110.568843,0,-131.1430969,624.0784912,329.8534088,-0.012,-1.080000009,-0.420000004,-0.007047392,0.13423604,0.016779505,TRUE
4908,1000_radii_1,1000,L,0,13,110.5854673,0,-131.2095795,624.1929932,329.8464584,-0.012,-1.080000009,-0.420000004,-0.006950279,0.132386274,0.016548284,TRUE
4909,1000_radii_1,1000,L,0,13,110.6021285,0,-131.2768097,624.3087158,329.8394337,-0.012,-1.080000009,-0.420000004,-0.007025967,0.133827932,0.016728492,TRUE
4910,1000_radii_1,1000,L,0,13,110.6188546,0,-131.3439331,624.4241943,329.8324203,-0.012,-1.080000009,-0.420000004,-0.007013162,0.133584034,0.016698004,TRUE
4911,1000_radii_1,1000,L,0,13,110.6354515,0,-131.410614,624.5389404,329.8254528,-0.012,-1.080000009,-0.420000004,-0.00696638,0.132692958,0.01658662,TRUE
4912,1000_radii_1,1000,L,0,13,110.6521292,0,-131.4777374,624.6544189,329.8184414,-0.012,-1.080000009,-0.420000004,-0.007011133,0.133545396,0.016693175,TRUE
4913,1000_radii_1,1000,L,0,13,110.6687895,0,-131.5448761,624.7698364,329.8114319,-0.012,-1.080000009,-0.420000004,-0.007010626,0.133535737,0.016691967,TRUE
4914,1000_radii_1,1000,L,0,13,110.6854555,0,-131.611618,624.8845825,329.8044624,-0.012,-1.080000009,-0.420000004,-0.006967902,0.132721936,0.016590242,TRUE
4915,1000_radii_1,1000,L,0,13,110.7021789,0,-131.6789551,625.0003052,329.7974358,-0.012,-1.080000009,-0.420000004,-0.007028249,0.1338714,0.016733925,TRUE
4916,1000_radii_1,1000,L,0,13,110.7188657,0,-131.7463379,625.1160889,329.7904072,-0.012,-1.080000009,-0.420000004,-0.007032305,0.133948674,0.016743584,TRUE
4917,1000_radii_1,1000,L,0,13,110.7354366,0,-131.8127594,625.2301636,329.7834721,-0.012,-1.080000009,-0.420000004,-0.006931136,0.132021633,0.016502704,TRUE
4918,1000_radii_1,1000,L,0,13,110.75215,0,-131.8801422,625.3458862,329.7764435,-0.012,-1.080000009,-0.420000004,-0.007029263,0.133890718,0.01673634,TRUE
4919,1000_radii_1,1000,L,0,13,110.7687819,0,-131.9472046,625.4609985,329.7694511,-0.012,-1.080000009,-0.420000004,-0.006994525,0.133229053,0.016653632,TRUE
4920,1000_radii_1,1000,L,0,13,110.7854703,0,-132.0145111,625.5765381,329.7624321,-0.012,-1.080000009,-0.420000004,-0.007018994,0.133695116,0.01671189,TRUE
4921,1000_radii_1,1000,L,0,13,110.8021761,0,-132.081665,625.6917725,329.7554321,-0.012,-1.080000009,-0.420000004,-0.007000864,0.133349794,0.016668724,TRUE
4922,1000_radii_1,1000,L,0,13,110.8188461,0,-132.1487885,625.8068848,329.7484341,-0.012,-1.080000009,-0.420000004,-0.006995793,0.133253201,0.01665665,TRUE
4923,1000_radii_1,1000,L,0,13,110.8355401,0,-132.2162628,625.9225464,329.7414017,-0.012,-1.080000009,-0.420000004,-0.007030784,0.133919696,0.016739962,TRUE
4924,1000_radii_1,1000,L,0,13,110.8521129,0,-132.2827759,626.0365601,329.7344704,-0.012,-1.080000009,-0.420000004,-0.006930375,0.132007144,0.016500893,TRUE
4925,1000_radii_1,1000,L,0,13,110.8688812,0,-132.3503723,626.1524048,329.7274303,-0.012,-1.080000009,-0.420000004,-0.007040673,0.134108054,0.016763507,TRUE
4926,1000_radii_1,1000,L,0,13,110.8854069,0,-132.4173431,626.2671509,329.7204571,-0.012,-1.080000009,-0.420000004,-0.006974367,0.132845093,0.016605637,TRUE
4927,1000_radii_1,1000,L,0,13,110.9020312,0,-132.4844055,626.382019,329.7134762,-0.012,-1.080000009,-0.420000004,-0.006982608,0.133002058,0.016625257,TRUE
4928,1000_radii_1,1000,L,0,13,110.9187543,0,-132.5516815,626.4971924,329.7064705,-0.012,-1.080000009,-0.420000004,-0.007003527,0.133400506,0.016675063,TRUE
4929,1000_radii_1,1000,L,0,13,110.935436,0,-132.6190948,626.6125488,329.6994553,-0.012,-1.080000009,-0.420000004,-0.007015571,0.133629916,0.016703739,TRUE
4930,1000_radii_1,1000,L,0,13,110.9521581,0,-132.686676,626.7282104,329.6924267,-0.012,-1.080000009,-0.420000004,-0.007032813,0.133958334,0.016744792,TRUE
4931,1000_radii_1,1000,L,0,13,110.9687556,0,-132.7537384,626.8429565,329.6854496,-0.012,-1.080000009,-0.420000004,-0.006976016,0.132876486,0.016609561,TRUE
4932,1000_radii_1,1000,L,0,13,110.9853942,0,-132.820816,626.9576416,329.6784725,-0.012,-1.080000009,-0.420000004,-0.006976269,0.132881316,0.016610164,TRUE
4933,1000_radii_1,1000,L,0,13,111.0020919,0,-132.8881378,627.0727539,329.6714706,-0.012,-1.080000009,-0.420000004,-0.007001371,0.133359454,0.016669932,TRUE
4934,1000_radii_1,1000,L,0,13,111.0188532,0,-132.9559937,627.1887207,329.6644135,-0.012,-1.080000009,-0.420000004,-0.007054999,0.134380931,0.016797616,TRUE
4935,1000_radii_1,1000,L,0,13,111.0354716,0,-133.0229797,627.3032227,329.6574516,-0.012,-1.080000009,-0.420000004,-0.006963211,0.132632587,0.016579073,TRUE
4936,1000_radii_1,1000,L,0,13,111.052085,0,-133.0903168,627.4182739,329.6504536,-0.012,-1.080000009,-0.420000004,-0.006998455,0.133303913,0.016662989,TRUE
4937,1000_radii_1,1000,L,0,13,111.0687849,0,-133.1578217,627.5335693,329.6434422,-0.012,-1.080000009,-0.420000004,-0.007013796,0.133596108,0.016699514,TRUE
4938,1000_radii_1,1000,L,0,13,111.0853899,0,-133.2248077,627.6479492,329.6364841,-0.012,-1.080000009,-0.420000004,-0.006958013,0.132533579,0.016566697,TRUE
4939,1000_radii_1,1000,L,0,13,111.1021027,0,-133.2924652,627.7634277,329.6294518,-0.012,-1.080000009,-0.420000004,-0.007026347,0.133835177,0.016729397,TRUE
4940,1000_radii_1,1000,L,0,13,111.1187198,0,-133.3598022,627.8783569,329.6224632,-0.012,-1.080000009,-0.420000004,-0.006992624,0.13319283,0.016649104,TRUE
4941,1000_radii_1,1000,L,0,13,111.1354024,0,-133.4269867,627.992981,329.6154861,-0.012,-1.080000009,-0.420000004,-0.006975382,0.132864412,0.016608051,TRUE
4942,1000_radii_1,1000,L,0,13,111.152133,0,-133.4948578,628.1087646,329.6084404,-0.012,-1.080000009,-0.420000004,-0.007044857,0.134187743,0.016773468,TRUE
4943,1000_radii_1,1000,L,0,13,111.1687728,0,-133.5623016,628.2237549,329.6014442,-0.012,-1.080000009,-0.420000004,-0.006998455,0.133303913,0.016662989,TRUE
4944,1000_radii_1,1000,L,0,13,111.1853467,0,-133.6293945,628.3381348,329.5944786,-0.012,-1.080000009,-0.420000004,-0.00696169,0.132603609,0.016575451,TRUE
4945,1000_radii_1,1000,L,0,13,111.2020701,0,-133.6970062,628.4533691,329.5874691,-0.012,-1.080000009,-0.420000004,-0.007013289,0.133586449,0.016698306,TRUE
4946,1000_radii_1,1000,L,0,13,111.2186902,0,-133.7644043,628.5681763,329.5804787,-0.012,-1.080000009,-0.420000004,-0.006990088,0.133144533,0.016643067,TRUE
4947,1000_radii_1,1000,L,0,13,111.2353532,0,-133.8319397,628.6831665,329.5734768,-0.012,-1.080000009,-0.420000004,-0.007002005,0.133371528,0.016671441,TRUE
4948,1000_radii_1,1000,L,0,13,111.252229,0,-133.9001312,628.7992554,329.5664082,-0.012,-1.080000009,-0.420000004,-0.007068818,0.134644148,0.016830518,TRUE
4949,1000_radii_1,1000,L,0,13,111.2688086,0,-133.967392,628.9137573,329.5594349,-0.012,-1.080000009,-0.420000004,-0.006971071,0.132782307,0.016597788,TRUE
4950,1000_radii_1,1000,L,0,13,111.2854475,0,-134.0349426,629.0286865,329.5524387,-0.012,-1.080000009,-0.420000004,-0.007000104,0.133335305,0.016666913,TRUE
4951,1000_radii_1,1000,L,0,13,111.3020794,0,-134.102066,629.1428833,329.5454807,-0.012,-1.080000009,-0.420000004,-0.006954843,0.132473208,0.016559151,TRUE
4952,1000_radii_1,1000,L,0,13,111.3187991,0,-134.1700287,629.2584839,329.5384445,-0.012,-1.080000009,-0.420000004,-0.007039278,0.134081491,0.016760186,TRUE
4953,1000_radii_1,1000,L,0,13,111.3354117,0,-134.2375031,629.37323,329.531456,-0.012,-1.080000009,-0.420000004,-0.006987552,0.133096236,0.01663703,TRUE
4954,1000_radii_1,1000,L,0,13,111.3521843,0,-134.305542,629.4888916,329.5244102,-0.012,-1.080000009,-0.420000004,-0.007044096,0.134173254,0.016771657,TRUE
4955,1000_radii_1,1000,L,0,13,111.3687603,0,-134.3727112,629.6030273,329.5174561,-0.012,-1.080000009,-0.420000004,-0.006952688,0.132432156,0.016554019,TRUE
4956,1000_radii_1,1000,L,0,13,111.3854067,0,-134.4402466,629.7177734,329.5104656,-0.012,-1.080000009,-0.420000004,-0.006990215,0.133146948,0.016643369,TRUE
4957,1000_radii_1,1000,L,0,13,111.4020742,0,-134.5079956,629.8328247,329.503458,-0.012,-1.080000009,-0.420000004,-0.007010373,0.133530907,0.016691363,TRUE
4958,1000_radii_1,1000,L,0,13,111.4187937,0,-134.5757751,629.947876,329.4964447,-0.012,-1.080000009,-0.420000004,-0.007011133,0.133545396,0.016693175,TRUE
4959,1000_radii_1,1000,L,0,13,111.4354174,0,-134.64328,630.062439,329.4894619,-0.012,-1.080000009,-0.420000004,-0.006982228,0.132994813,0.016624352,TRUE
4960,1000_radii_1,1000,L,0,13,111.4521,0,-134.7109375,630.1772461,329.4824677,-0.012,-1.080000009,-0.420000004,-0.006995793,0.133253201,0.01665665,TRUE
4961,1000_radii_1,1000,L,0,13,111.4688107,0,-134.778717,630.2922363,329.4754581,-0.012,-1.080000009,-0.420000004,-0.007007837,0.133482611,0.016685326,TRUE
4962,1000_radii_1,1000,L,0,13,111.4855283,0,-134.8467407,630.4075928,329.4684277,-0.012,-1.080000009,-0.420000004,-0.007031164,0.133926941,0.016740868,TRUE
4963,1000_radii_1,1000,L,0,13,111.5021159,0,-134.9144135,630.5223389,329.4614353,-0.012,-1.080000009,-0.420000004,-0.006993004,0.133200074,0.016650009,TRUE
4964,1000_radii_1,1000,L,0,13,111.5188362,0,-134.9823303,630.6374512,329.4544201,-0.012,-1.080000009,-0.420000004,-0.007016585,0.133649234,0.016706154,TRUE
4965,1000_radii_1,1000,L,0,13,111.5354515,0,-135.0496674,630.7515259,329.4474621,-0.012,-1.080000009,-0.420000004,-0.006955604,0.132487697,0.016560962,TRUE
4966,1000_radii_1,1000,L,0,13,111.5520888,0,-135.1174927,630.866394,329.4404602,-0.012,-1.080000009,-0.420000004,-0.007004287,0.133414995,0.016676874,TRUE
4967,1000_radii_1,1000,L,0,13,111.5687844,0,-135.1855011,630.9815674,329.4334373,-0.012,-1.080000009,-0.420000004,-0.007021783,0.133748243,0.01671853,TRUE
4968,1000_radii_1,1000,L,0,13,111.5853994,0,-135.2531128,631.0960693,329.4264584,-0.012,-1.080000009,-0.420000004,-0.006979946,0.132951346,0.016618918,TRUE
4969,1000_radii_1,1000,L,0,13,111.6019818,0,-135.3205566,631.2102661,329.4194946,-0.012,-1.080000009,-0.420000004,-0.006961943,0.132608439,0.016576055,TRUE
4970,1000_radii_1,1000,L,0,13,111.6187378,0,-135.3887787,631.3257446,329.4124565,-0.012,-1.080000009,-0.420000004,-0.007040546,0.134105639,0.016763205,TRUE
4971,1000_radii_1,1000,L,0,13,111.6353102,0,-135.4562531,631.4398804,329.4054928,-0.012,-1.080000009,-0.420000004,-0.006961182,0.13259395,0.016574244,TRUE
4972,1000_radii_1,1000,L,0,13,111.6520568,0,-135.5243073,631.5549927,329.3984737,-0.012,-1.080000009,-0.420000004,-0.007019881,0.13371202,0.016714003,TRUE
4973,1000_radii_1,1000,L,0,13,111.6687901,0,-135.5925446,631.6703491,329.3914356,-0.012,-1.080000009,-0.420000004,-0.007037757,0.134052512,0.016756564,TRUE
4974,1000_radii_1,1000,L,0,13,111.6854006,0,-135.660202,631.784729,329.3844585,-0.012,-1.080000009,-0.420000004,-0.006976523,0.132886145,0.016610768,TRUE
4975,1000_radii_1,1000,L,0,13,111.7021384,0,-135.7281647,631.8995972,329.3774548,-0.012,-1.080000009,-0.420000004,-0.007006443,0.133456047,0.016682006,TRUE
4976,1000_radii_1,1000,L,0,13,111.7187459,0,-135.7959747,632.0141602,329.3704662,-0.012,-1.080000009,-0.420000004,-0.006989327,0.133130044,0.016641256,TRUE
4977,1000_radii_1,1000,L,0,13,111.7353956,0,-135.8636475,632.128479,329.3634892,-0.012,-1.080000009,-0.420000004,-0.006974114,0.132840264,0.016605033,TRUE
4978,1000_radii_1,1000,L,0,13,111.7520444,0,-135.9318237,632.2435913,329.3564644,-0.012,-1.080000009,-0.420000004,-0.007024065,0.13379171,0.016723964,TRUE
4979,1000_radii_1,1000,L,0,13,111.7687499,0,-135.9998169,632.3583374,329.3494625,-0.012,-1.080000009,-0.420000004,-0.007002766,0.133386017,0.016673252,TRUE
4980,1000_radii_1,1000,L,0,13,111.7854718,0,-136.0681305,632.4736328,329.3424282,-0.012,-1.080000009,-0.420000004,-0.007035221,0.134004216,0.016750527,TRUE
4981,1000_radii_1,1000,L,0,13,111.8020466,0,-136.1357422,632.5877075,329.3354645,-0.012,-1.080000009,-0.420000004,-0.006961436,0.13259878,0.016574847,TRUE
4982,1000_radii_1,1000,L,0,13,111.8187039,0,-136.2035828,632.7021484,329.3284817,-0.012,-1.080000009,-0.420000004,-0.006984129,0.133031036,0.016628879,TRUE
4983,1000_radii_1,1000,L,0,13,111.8354541,0,-136.2720337,632.8175659,329.3214359,-0.012,-1.080000009,-0.420000004,-0.007045364,0.134197403,0.016774675,TRUE
4984,1000_radii_1,1000,L,0,13,111.8521382,0,-136.3401489,632.932373,329.3144302,-0.012,-1.080000009,-0.420000004,-0.007008217,0.133489855,0.016686232,TRUE
4985,1000_radii_1,1000,L,0,13,111.8687807,0,-136.4076843,633.0461426,329.3074799,-0.012,-1.080000009,-0.420000004,-0.00694711,0.132325903,0.016540738,TRUE
4986,1000_radii_1,1000,L,0,13,111.885457,0,-136.4759674,633.1611938,329.3004551,-0.012,-1.080000009,-0.420000004,-0.007023431,0.133779636,0.016722454,TRUE
4987,1000_radii_1,1000,L,0,13,111.9020865,0,-136.5441284,633.276001,329.2934513,-0.012,-1.080000009,-0.420000004,-0.007009485,0.133514003,0.01668925,TRUE
4988,1000_radii_1,1000,L,0,13,111.9187805,0,-136.6122894,633.3907471,329.2864418,-0.012,-1.080000009,-0.420000004,-0.007007203,0.133470536,0.016683817,TRUE
4989,1000_radii_1,1000,L,0,13,111.9353738,0,-136.6800079,633.5046997,329.2794838,-0.012,-1.080000009,-0.420000004,-0.006960295,0.132577046,0.016572131,TRUE
4990,1000_radii_1,1000,L,0,13,111.952188,0,-136.7487946,633.6204834,329.2724152,-0.012,-1.080000009,-0.420000004,-0.007069325,0.134653807,0.016831726,TRUE
4991,1000_radii_1,1000,L,0,13,111.9686853,0,-136.8162689,633.7340088,329.26548,-0.012,-1.080000009,-0.420000004,-0.006932911,0.132055441,0.01650693,TRUE
4992,1000_radii_1,1000,L,0,13,111.9854171,0,-136.8843994,633.8485718,329.2584801,-0.012,-1.080000009,-0.420000004,-0.006998455,0.133303913,0.016662989,TRUE
4993,1000_radii_1,1000,L,0,13,112.0020306,0,-136.9525604,633.9631958,329.2514839,-0.012,-1.080000009,-0.420000004,-0.00699985,0.133330476,0.016666309,TRUE
4994,1000_radii_1,1000,L,0,13,112.0187971,0,-137.0211945,634.0785522,329.2444344,-0.012,-1.080000009,-0.420000004,-0.007047012,0.134228796,0.016778599,TRUE
4995,1000_radii_1,1000,L,0,13,112.0354136,0,-137.0892029,634.1928711,329.2374496,-0.012,-1.080000009,-0.420000004,-0.006982228,0.132994813,0.016624352,TRUE
4996,1000_radii_1,1000,L,0,13,112.0521759,0,-137.157547,634.3076782,329.2304363,-0.012,-1.080000009,-0.420000004,-0.007014303,0.133605767,0.016700721,TRUE
4997,1000_radii_1,1000,L,0,13,112.0687185,0,-137.2254944,634.421814,329.2234669,-0.012,-1.080000009,-0.420000004,-0.006973353,0.132825775,0.016603222,TRUE
4998,1000_radii_1,1000,L,0,13,112.0855106,0,-137.2942505,634.5372314,329.2164097,-0.012,-1.080000009,-0.420000004,-0.007053985,0.134361612,0.016795201,TRUE
4999,1000_radii_1,1000,L,0,13,112.1020634,0,-137.3618927,634.6507568,329.2094746,-0.012,-1.080000009,-0.420000004,-0.006938616,0.132164109,0.016520514,TRUE
5000,1000_radii_1,1000,L,0,13,112.1186739,0,-137.4300079,634.7650757,329.2024841,-0.012,-1.080000009,-0.420000004,-0.006986285,0.133072088,0.016634011,TRUE
5001,1000_radii_1,1000,L,0,13,112.1354193,0,-137.4985962,634.880127,329.1954536,-0.012,-1.080000009,-0.420000004,-0.007032813,0.133958334,0.016744792,TRUE
5002,1000_radii_1,1000,L,0,13,112.1521104,0,-137.5667877,634.9945068,329.1884613,-0.012,-1.080000009,-0.420000004,-0.006991356,0.133168682,0.016646085,TRUE
5003,1000_radii_1,1000,L,0,13,112.1687649,0,-137.6351166,635.1090698,329.1814556,-0.012,-1.080000009,-0.420000004,-0.0070034,0.133398091,0.016674761,TRUE
5004,1000_radii_1,1000,L,0,13,112.1853868,0,-137.7033081,635.2233887,329.174469,-0.012,-1.080000009,-0.420000004,-0.00698806,0.133105896,0.016638237,TRUE
5005,1000_radii_1,1000,L,0,13,112.2020498,0,-137.771698,635.3380127,329.1674652,-0.012,-1.080000009,-0.420000004,-0.007006189,0.133451218,0.016681402,TRUE
5006,1000_radii_1,1000,L,0,13,112.2186582,0,-137.8396606,635.4519043,329.1604996,-0.012,-1.080000009,-0.420000004,-0.00696169,0.132603609,0.016575451,TRUE
5007,1000_radii_1,1000,L,0,13,112.2353547,0,-137.9082336,635.5667725,329.1534786,-0.012,-1.080000009,-0.420000004,-0.007022417,0.133760317,0.01672004,TRUE
5008,1000_radii_1,1000,L,0,13,112.2520648,0,-137.9766083,635.6812744,329.1464787,-0.012,-1.080000009,-0.420000004,-0.007000357,0.133340135,0.016667517,TRUE
5009,1000_radii_1,1000,L,0,13,112.2687157,0,-138.0448914,635.7955933,329.1394882,-0.012,-1.080000009,-0.420000004,-0.006990468,0.133151778,0.016643972,TRUE
5010,1000_radii_1,1000,L,0,13,112.2853669,0,-138.1134186,635.9102783,329.1324749,-0.012,-1.080000009,-0.420000004,-0.007014303,0.133605767,0.016700721,TRUE
5011,1000_radii_1,1000,L,0,13,112.3020507,0,-138.1819305,636.0249023,329.1254616,-0.012,-1.080000009,-0.420000004,-0.007010626,0.133535737,0.016691967,TRUE
5012,1000_radii_1,1000,L,0,13,112.3187261,0,-138.2501221,636.1389771,329.1184883,-0.012,-1.080000009,-0.420000004,-0.006976776,0.132890975,0.016611372,TRUE
5013,1000_radii_1,1000,L,0,13,112.3354685,0,-138.3190002,636.2541504,329.1114426,-0.012,-1.080000009,-0.420000004,-0.007044857,0.134187743,0.016773468,TRUE
5014,1000_radii_1,1000,L,0,13,112.3520179,0,-138.3871155,636.367981,329.1044769,-0.012,-1.080000009,-0.420000004,-0.006965113,0.13266881,0.016583601,TRUE
5015,1000_radii_1,1000,L,0,13,112.3687627,0,-138.4559021,636.4829102,329.0974445,-0.012,-1.080000009,-0.420000004,-0.007032305,0.133948674,0.016743584,TRUE
5016,1000_radii_1,1000,L,0,13,112.3853723,0,-138.5240173,636.5966797,329.0904808,-0.012,-1.080000009,-0.420000004,-0.006962577,0.132620513,0.016577564,TRUE
5017,1000_radii_1,1000,L,0,13,112.4020075,0,-138.592514,636.7110596,329.0834827,-0.012,-1.080000009,-0.420000004,-0.007000484,0.13334255,0.016667819,TRUE
5018,1000_radii_1,1000,L,0,13,112.4186777,0,-138.661026,636.8255005,329.076479,-0.012,-1.080000009,-0.420000004,-0.007001371,0.133359454,0.016669932,TRUE
5019,1000_radii_1,1000,L,0,13,112.43546,0,-138.7297211,636.9401855,329.0694599,-0.012,-1.080000009,-0.420000004,-0.007018613,0.133687872,0.016710984,TRUE
5020,1000_radii_1,1000,L,0,13,112.4520502,0,-138.7980957,637.0543213,329.0624752,-0.012,-1.080000009,-0.420000004,-0.006984003,0.133028621,0.016628578,TRUE
5021,1000_radii_1,1000,L,0,13,112.4686888,0,-138.8666229,637.1686401,329.055481,-0.012,-1.080000009,-0.420000004,-0.006998455,0.133303913,0.016662989,TRUE
5022,1000_radii_1,1000,L,0,13,112.4854266,0,-138.935257,637.2830811,329.0484715,-0.012,-1.080000009,-0.420000004,-0.007006823,0.133463292,0.016682911,TRUE
5023,1000_radii_1,1000,L,0,13,112.5020196,0,-139.0036621,637.3971558,329.0414906,-0.012,-1.080000009,-0.420000004,-0.006982481,0.132999643,0.016624955,TRUE
5024,1000_radii_1,1000,L,0,13,112.5187342,0,-139.0722351,637.5114746,329.0344925,-0.012,-1.080000009,-0.420000004,-0.006998329,0.133301498,0.016662687,TRUE
5025,1000_radii_1,1000,L,0,13,112.5354784,0,-139.1414948,637.6268921,329.0274258,-0.012,-1.080000009,-0.420000004,-0.007066282,0.134595851,0.016824481,TRUE
5026,1000_radii_1,1000,L,0,13,112.5520674,0,-139.2094879,637.7401733,329.0204868,-0.012,-1.080000009,-0.420000004,-0.0069357,0.132108568,0.016513571,TRUE
5027,1000_radii_1,1000,L,0,13,112.5686628,0,-139.2781067,637.8544922,329.0134907,-0.012,-1.080000009,-0.420000004,-0.006998836,0.133311157,0.016663895,TRUE
5028,1000_radii_1,1000,L,0,13,112.5854718,0,-139.3473206,637.9697876,329.0064316,-0.012,-1.080000009,-0.420000004,-0.007058802,0.134453376,0.016806672,TRUE
5029,1000_radii_1,1000,L,0,13,112.6020222,0,-139.4154053,638.0831299,328.9994888,-0.012,-1.080000009,-0.420000004,-0.006941912,0.132226895,0.016528362,TRUE
5030,1000_radii_1,1000,L,0,13,112.618694,0,-139.4841003,638.1974487,328.992485,-0.012,-1.080000009,-0.420000004,-0.007002766,0.133386017,0.016673252,TRUE
5031,1000_radii_1,1000,L,0,13,112.6353597,0,-139.552887,638.3118896,328.9854755,-0.012,-1.080000009,-0.420000004,-0.007009992,0.133523663,0.016690458,TRUE
5032,1000_radii_1,1000,L,0,13,112.6519629,0,-139.6213684,638.4257813,328.9785023,-0.012,-1.080000009,-0.420000004,-0.006977283,0.132900635,0.016612579,TRUE
5033,1000_radii_1,1000,L,0,13,112.6687373,0,-139.6901855,638.5402222,328.971487,-0.012,-1.080000009,-0.420000004,-0.007010626,0.133535737,0.016691967,TRUE
5034,1000_radii_1,1000,L,0,13,112.6854226,0,-139.7593231,638.6551514,328.964447,-0.012,-1.080000009,-0.420000004,-0.007042194,0.134137032,0.016767129,TRUE
5035,1000_radii_1,1000,L,0,13,112.7020461,0,-139.8278503,638.769043,328.9574699,-0.012,-1.080000009,-0.420000004,-0.00697779,0.132910294,0.016613787,TRUE
5036,1000_radii_1,1000,L,0,13,112.7186955,0,-139.8962708,638.8826904,328.9505005,-0.012,-1.080000009,-0.420000004,-0.00696562,0.132678469,0.016584809,TRUE
5037,1000_radii_1,1000,L,0,13,112.7354128,0,-139.9655151,638.9977417,328.9434547,-0.012,-1.080000009,-0.420000004,-0.00704866,0.134260189,0.016782524,TRUE
5038,1000_radii_1,1000,L,0,13,112.7520187,0,-140.0340576,639.1115723,328.9364796,-0.012,-1.080000009,-0.420000004,-0.006974621,0.132849923,0.01660624,TRUE
5039,1000_radii_1,1000,L,0,13,112.7687041,0,-140.1026611,639.2254639,328.9295006,-0.012,-1.080000009,-0.420000004,-0.006980199,0.132956176,0.016619522,TRUE
5040,1000_radii_1,1000,L,0,13,112.7854063,0,-140.1717987,639.34021,328.9224682,-0.012,-1.080000009,-0.420000004,-0.007033193,0.133965578,0.016745697,TRUE
5041,1000_radii_1,1000,L,0,13,112.802005,0,-140.2404327,639.4541016,328.9154873,-0.012,-1.080000009,-0.420000004,-0.00698096,0.132970665,0.016621333,TRUE
5042,1000_radii_1,1000,L,0,13,112.8187072,0,-140.3094635,639.5686035,328.9084663,-0.012,-1.080000009,-0.420000004,-0.00701874,0.133690287,0.016711286,TRUE
5043,1000_radii_1,1000,L,0,13,112.8354804,0,-140.3784637,639.6830444,328.9014492,-0.012,-1.080000009,-0.420000004,-0.007015571,0.133629916,0.016703739,TRUE
5044,1000_radii_1,1000,L,0,13,112.8520256,0,-140.4470825,639.796814,328.8944778,-0.012,-1.080000009,-0.420000004,-0.006973987,0.132837849,0.016604731,TRUE
5045,1000_radii_1,1000,L,0,13,112.8687285,0,-140.5161133,639.9111938,328.8874588,-0.012,-1.080000009,-0.420000004,-0.007015064,0.133620256,0.016702532,TRUE
5046,1000_radii_1,1000,L,0,13,112.885354,0,-140.5847626,640.0249634,328.8804913,-0.012,-1.080000009,-0.420000004,-0.006974621,0.132849923,0.01660624,TRUE
5047,1000_radii_1,1000,L,0,13,112.9020321,0,-140.6537933,640.1393433,328.8734741,-0.012,-1.080000009,-0.420000004,-0.007012781,0.133576789,0.016697099,TRUE
5048,1000_radii_1,1000,L,0,13,112.9186948,0,-140.7227325,640.253479,328.8664761,-0.012,-1.080000009,-0.420000004,-0.007001752,0.133366698,0.016670837,TRUE
5049,1000_radii_1,1000,L,0,13,112.9353756,0,-140.7915039,640.3673706,328.8594875,-0.012,-1.080000009,-0.420000004,-0.006983749,0.133023791,0.016627974,TRUE
5050,1000_radii_1,1000,L,0,13,112.9521095,0,-140.8608246,640.4821167,328.8524513,-0.012,-1.080000009,-0.420000004,-0.007036743,0.134033194,0.016754149,TRUE
5051,1000_radii_1,1000,L,0,13,112.9687067,0,-140.9296112,640.5959473,328.8454704,-0.012,-1.080000009,-0.420000004,-0.006981087,0.13297308,0.016621635,TRUE
5052,1000_radii_1,1000,L,0,13,112.9853293,0,-140.9984436,640.7097778,328.8384857,-0.012,-1.080000009,-0.420000004,-0.00698489,0.133045525,0.016630691,TRUE
5053,1000_radii_1,1000,L,0,13,113.0020155,0,-141.0673828,640.8237915,328.8314915,-0.012,-1.080000009,-0.420000004,-0.006995159,0.133241127,0.016655141,TRUE
5054,1000_radii_1,1000,L,0,13,113.0186688,0,-141.1364288,640.9379272,328.8244858,-0.012,-1.080000009,-0.420000004,-0.007004541,0.133419825,0.016677478,TRUE
5055,1000_radii_1,1000,L,0,13,113.0353324,0,-141.2054749,641.052063,328.8174877,-0.012,-1.080000009,-0.420000004,-0.007002132,0.133373943,0.016671743,TRUE
5056,1000_radii_1,1000,L,0,13,113.0520265,0,-141.2743988,641.1659546,328.8104992,-0.012,-1.080000009,-0.420000004,-0.00698882,0.133120385,0.016640048,TRUE
5057,1000_radii_1,1000,L,0,13,113.0687323,0,-141.3437042,641.2804565,328.8034706,-0.012,-1.080000009,-0.420000004,-0.007025586,0.133820688,0.016727586,TRUE
5058,1000_radii_1,1000,L,0,14,113.0851828,0,-141.4120178,641.3932495,328.796545,-0.012,-1.080000009,-0.420000004,-0.006923276,0.131871913,0.016483989,FALSE
5059,1000_radii_1,1000,L,0,14,113.1026518,0,-141.4843903,641.5127563,328.7892132,-0.012,-1.080000009,-0.420000004,-0.007334673,0.139708064,0.017463508,FALSE
5060,1000_radii_1,1000,L,0,14,113.1184741,0,-141.5500031,641.6210327,328.7825661,-0.012,-1.080000009,-0.420000004,-0.00664677,0.126605151,0.015825644,FALSE
5061,1000_radii_1,1000,L,0,14,113.135115,0,-141.6190033,641.7348633,328.7755756,-0.012,-1.080000009,-0.420000004,-0.006988693,0.13311797,0.016639746,FALSE
5062,1000_radii_1,1000,L,0,14,113.151785,0,-141.6881409,641.848877,328.7685738,-0.012,-1.080000009,-0.420000004,-0.007001371,0.133359454,0.016669932,FALSE
5063,1000_radii_1,1000,L,0,14,113.1685165,0,-141.7575531,641.9633179,328.761549,-0.012,-1.080000009,-0.420000004,-0.007027868,0.133864155,0.016733019,FALSE
5064,1000_radii_1,1000,L,0,14,113.185133,0,-141.8264923,642.0769653,328.7545681,-0.012,-1.080000009,-0.420000004,-0.006978678,0.132927198,0.0166159,FALSE
5065,1000_radii_1,1000,L,0,14,113.2017908,0,-141.8956146,642.190918,328.7475719,-0.012,-1.080000009,-0.420000004,-0.006995666,0.133250786,0.016656348,FALSE
5066,1000_radii_1,1000,L,0,14,113.2184665,0,-141.9648285,642.3049927,328.7405682,-0.012,-1.080000009,-0.420000004,-0.007003907,0.133407751,0.016675969,FALSE
5067,1000_radii_1,1000,L,0,14,113.2351301,0,-142.0340118,642.4189453,328.733572,-0.012,-1.080000009,-0.420000004,-0.006998836,0.133311157,0.016663895,FALSE
5068,1000_radii_1,1000,L,0,14,113.2517738,0,-142.1031189,642.5327759,328.7265816,-0.012,-1.080000009,-0.420000004,-0.006990849,0.133159022,0.016644878,FALSE
5069,1000_radii_1,1000,L,0,14,113.2684419,0,-142.172348,642.6467285,328.7195778,-0.012,-1.080000009,-0.420000004,-0.007000611,0.133344965,0.016668121,FALSE
5070,1000_radii_1,1000,L,0,14,113.2850892,0,-142.2415009,642.7605591,328.7125874,-0.012,-1.080000009,-0.420000004,-0.006992243,0.133185585,0.016648198,FALSE
5071,1000_radii_1,1000,L,0,14,113.3017736,0,-142.3108215,642.8746338,328.7055798,-0.012,-1.080000009,-0.420000004,-0.00700733,0.133472951,0.016684119,FALSE
5072,1000_radii_1,1000,L,0,14,113.3184807,0,-142.380249,642.9888306,328.6985645,-0.012,-1.080000009,-0.420000004,-0.007016838,0.133654064,0.016706758,FALSE
5073,1000_radii_1,1000,L,0,14,113.3351693,0,-142.4496155,643.1029053,328.6915531,-0.012,-1.080000009,-0.420000004,-0.007009232,0.133509174,0.016688647,FALSE
5074,1000_radii_1,1000,L,0,14,113.3517949,0,-142.5187225,643.2164917,328.6845741,-0.012,-1.080000009,-0.420000004,-0.00698134,0.132977909,0.016622239,FALSE
5075,1000_radii_1,1000,L,0,14,113.3684352,0,-142.5879211,643.3302612,328.6775818,-0.012,-1.080000009,-0.420000004,-0.006989834,0.133139704,0.016642463,FALSE
5076,1000_radii_1,1000,L,0,14,113.3851106,0,-142.6572723,643.4442139,328.670578,-0.012,-1.080000009,-0.420000004,-0.007004414,0.13341741,0.016677176,FALSE
5077,1000_radii_1,1000,L,0,14,113.4017666,0,-142.7265625,643.5580444,328.6635838,-0.012,-1.080000009,-0.420000004,-0.006995666,0.133250786,0.016656348,FALSE
5078,1000_radii_1,1000,L,0,14,113.4184459,0,-142.7959442,643.6719971,328.6565762,-0.012,-1.080000009,-0.420000004,-0.007004794,0.133424654,0.016678082,FALSE
5079,1000_radii_1,1000,L,0,14,113.4351768,0,-142.8655701,643.7863159,328.6495514,-0.012,-1.080000009,-0.420000004,-0.007027488,0.133856911,0.016732114,FALSE
5080,1000_radii_1,1000,L,0,14,113.4517843,0,-142.9346924,643.8997803,328.6425743,-0.012,-1.080000009,-0.420000004,-0.006974748,0.132852338,0.016606542,FALSE
5081,1000_radii_1,1000,L,0,14,113.4684379,0,-143.0040283,644.0135498,328.6355801,-0.012,-1.080000009,-0.420000004,-0.006994525,0.133229053,0.016653632,FALSE
5082,1000_radii_1,1000,L,0,14,113.4851308,0,-143.0735321,644.1275635,328.6285686,-0.012,-1.080000009,-0.420000004,-0.00701088,0.133540567,0.016692571,FALSE
5083,1000_radii_1,1000,L,0,14,113.5018372,0,-143.1431122,644.2416992,328.6215515,-0.012,-1.080000009,-0.420000004,-0.007016838,0.133654064,0.016706758,FALSE
5084,1000_radii_1,1000,L,0,14,113.5184217,0,-143.2121887,644.3549805,328.6145878,-0.012,-1.080000009,-0.420000004,-0.00696562,0.132678469,0.016584809,FALSE
5085,1000_radii_1,1000,L,0,14,113.5351182,0,-143.2817535,644.4689941,328.6075745,-0.012,-1.080000009,-0.420000004,-0.007012528,0.13357196,0.016696495,FALSE
5086,1000_radii_1,1000,L,0,14,113.5518156,0,-143.3513184,644.5830078,328.600565,-0.012,-1.080000009,-0.420000004,-0.00701088,0.133540567,0.016692571,FALSE
5087,1000_radii_1,1000,L,0,14,113.5685894,0,-143.4212341,644.6975708,328.5935211,-0.012,-1.080000009,-0.420000004,-0.007045998,0.134209477,0.016776185,FALSE
5088,1000_radii_1,1000,L,0,14,113.5851944,0,-143.490448,644.8109741,328.586544,-0.012,-1.080000009,-0.420000004,-0.00697386,0.132835434,0.016604429,FALSE
5089,1000_radii_1,1000,L,0,14,113.6018282,0,-143.5598145,644.9245605,328.5795593,-0.012,-1.080000009,-0.420000004,-0.006986665,0.133079333,0.016634917,FALSE
5090,1000_radii_1,1000,L,0,14,113.6184383,0,-143.6290894,645.0379639,328.5725822,-0.012,-1.080000009,-0.420000004,-0.006976396,0.132883731,0.016610466,FALSE
5091,1000_radii_1,1000,L,0,14,113.6350983,0,-143.6985931,645.1516724,328.5655861,-0.012,-1.080000009,-0.420000004,-0.006997441,0.133284594,0.016660574,FALSE
5092,1000_radii_1,1000,L,0,14,113.6518268,0,-143.7683868,645.2658691,328.5585613,-0.012,-1.080000009,-0.420000004,-0.007025713,0.133823103,0.016727888,FALSE
5093,1000_radii_1,1000,L,0,14,113.6684375,0,-143.8377075,645.3792725,328.5515823,-0.012,-1.080000009,-0.420000004,-0.006976903,0.13289339,0.016611674,FALSE
5094,1000_radii_1,1000,L,0,14,113.6850888,0,-143.9072113,645.4929199,328.54459,-0.012,-1.080000009,-0.420000004,-0.006993765,0.133214564,0.01665182,FALSE
5095,1000_radii_1,1000,L,0,14,113.7018308,0,-143.9770966,645.6071777,328.5375576,-0.012,-1.080000009,-0.420000004,-0.007031291,0.133929356,0.016741169,FALSE
5096,1000_radii_1,1000,L,0,14,113.718438,0,-144.0464325,645.72052,328.5305824,-0.012,-1.080000009,-0.420000004,-0.006974875,0.132854753,0.016606844,FALSE
5097,1000_radii_1,1000,L,0,14,113.7351115,0,-144.1160583,645.8342896,328.5235786,-0.012,-1.080000009,-0.420000004,-0.007002132,0.133373943,0.016671743,FALSE
5098,1000_radii_1,1000,L,0,14,113.7517368,0,-144.1855164,645.9477539,328.5165958,-0.012,-1.080000009,-0.420000004,-0.006983496,0.133018962,0.01662737,FALSE
5099,1000_radii_1,1000,L,0,14,113.7684285,0,-144.255249,646.0616455,328.5095863,-0.012,-1.080000009,-0.420000004,-0.007010626,0.133535737,0.016691967,FALSE
5100,1000_radii_1,1000,L,0,14,113.7851041,0,-144.3249359,646.175415,328.5025826,-0.012,-1.080000009,-0.420000004,-0.007003653,0.133402921,0.016675365,FALSE
5101,1000_radii_1,1000,L,0,14,113.8017505,0,-144.394516,646.2890015,328.4955902,-0.012,-1.080000009,-0.420000004,-0.006992117,0.133183171,0.016647896,FALSE
5102,1000_radii_1,1000,L,0,14,113.8184823,0,-144.4644623,646.4031372,328.4885635,-0.012,-1.080000009,-0.420000004,-0.007027108,0.133849666,0.016731208,FALSE
5103,1000_radii_1,1000,L,0,14,113.835216,0,-144.5344238,646.5172729,328.4815331,-0.012,-1.080000009,-0.420000004,-0.007026854,0.133844836,0.016730605,FALSE
5104,1000_radii_1,1000,L,0,14,113.8517549,0,-144.6036072,646.6300659,328.4745903,-0.012,-1.080000009,-0.420000004,-0.00694749,0.132333147,0.016541643,FALSE
5105,1000_radii_1,1000,L,0,14,113.8684227,0,-144.6733246,646.7437134,328.4675903,-0.012,-1.080000009,-0.420000004,-0.007000104,0.133335305,0.016666913,FALSE
5106,1000_radii_1,1000,L,0,14,113.8851216,0,-144.7431946,646.857605,328.4605732,-0.012,-1.080000009,-0.420000004,-0.007013796,0.133596108,0.016699514,FALSE
5107,1000_radii_1,1000,L,0,14,113.9017677,0,-144.812851,646.9711304,328.4535809,-0.012,-1.080000009,-0.420000004,-0.006991736,0.133175926,0.016646991,FALSE
5108,1000_radii_1,1000,L,0,14,113.9184132,0,-144.8824921,647.0845947,328.4465904,-0.012,-1.080000009,-0.420000004,-0.006988693,0.13311797,0.016639746,FALSE
5109,1000_radii_1,1000,L,0,14,113.935132,0,-144.9524994,647.1986084,328.4395714,-0.012,-1.080000009,-0.420000004,-0.007023558,0.133782051,0.016722756,FALSE
5110,1000_radii_1,1000,L,0,14,113.9517452,0,-145.0220184,647.3117676,328.4325981,-0.012,-1.080000009,-0.420000004,-0.006973226,0.13282336,0.01660292,FALSE
5111,1000_radii_1,1000,L,0,14,113.9684812,0,-145.0921478,647.4259033,328.4255619,-0.012,-1.080000009,-0.420000004,-0.00703332,0.133967993,0.016745999,FALSE
5112,1000_radii_1,1000,L,0,14,113.9850893,0,-145.1617279,647.5391235,328.4185867,-0.012,-1.080000009,-0.420000004,-0.006975889,0.132874071,0.016609259,FALSE
5113,1000_radii_1,1000,L,0,14,114.0017435,0,-145.2315063,647.6526489,328.4115906,-0.012,-1.080000009,-0.420000004,-0.006994906,0.133236297,0.016654537,FALSE
5114,1000_radii_1,1000,L,0,14,114.0183971,0,-145.3013,647.7661133,328.4045963,-0.012,-1.080000009,-0.420000004,-0.006994652,0.133231467,0.016653933,FALSE
5115,1000_radii_1,1000,L,0,14,114.0350719,0,-145.3711853,647.8797607,328.3975925,-0.012,-1.080000009,-0.420000004,-0.0070034,0.133398091,0.016674761,FALSE
5116,1000_radii_1,1000,L,0,14,114.0517935,0,-145.4412842,647.9937134,328.3905697,-0.012,-1.080000009,-0.420000004,-0.007022924,0.133769976,0.016721247,FALSE
5117,1000_radii_1,1000,L,0,14,114.0685108,0,-145.5113831,648.107605,328.3835487,-0.012,-1.080000009,-0.420000004,-0.007021149,0.133736169,0.016717021,FALSE
5118,1000_radii_1,1000,L,0,14,114.0851321,0,-145.5810852,648.2208252,328.3765678,-0.012,-1.080000009,-0.420000004,-0.006980706,0.132965835,0.016620729,FALSE
5119,1000_radii_1,1000,L,0,14,114.1020019,0,-145.6517029,648.3355103,328.3695011,-0.012,-1.080000009,-0.420000004,-0.00707072,0.13468037,0.016835046,TRUE
5120,1000_radii_1,1000,L,0,14,114.1186386,0,-145.721283,648.4484863,328.3625336,-0.012,-1.080000009,-0.420000004,-0.006965746,0.132680884,0.016585111,TRUE
5121,1000_radii_1,1000,L,0,14,114.1354721,0,-145.7918854,648.5631104,328.3554668,-0.012,-1.080000009,-0.420000004,-0.007067043,0.13461034,0.016826293,TRUE
5122,1000_radii_1,1000,L,0,14,114.1521605,0,-145.8616943,648.6763916,328.3484802,-0.012,-1.080000009,-0.420000004,-0.006986285,0.133072088,0.016634011,TRUE
5123,1000_radii_1,1000,L,0,14,114.1687528,0,-145.9315338,648.7896729,328.3414917,-0.012,-1.080000009,-0.420000004,-0.006987299,0.133091407,0.016636426,TRUE
5124,1000_radii_1,1000,L,0,14,114.185638,0,-146.0024872,648.9047241,328.3343945,-0.012,-1.080000009,-0.420000004,-0.00709709,0.135182657,0.016897832,TRUE
5125,1000_radii_1,1000,L,0,14,114.2027272,0,-146.0745239,649.0214844,328.3271885,-0.012,-1.080000009,-0.420000004,-0.007203964,0.137218366,0.017152296,TRUE
5126,1000_radii_1,1000,L,0,14,114.2186887,0,-146.1416931,649.1303711,328.3204765,-0.012,-1.080000009,-0.420000004,-0.006715865,0.127921238,0.015990155,TRUE
5127,1000_radii_1,1000,L,0,14,114.2353405,0,-146.2116241,649.2437134,328.3134861,-0.012,-1.080000009,-0.420000004,-0.006990595,0.133154193,0.016644274,TRUE
5128,1000_radii_1,1000,L,0,14,114.2519721,0,-146.2812653,649.3565063,328.3065205,-0.012,-1.080000009,-0.420000004,-0.006960802,0.132586706,0.016573338,TRUE
5129,1000_radii_1,1000,L,0,14,114.268636,0,-146.3514404,649.4701538,328.299511,-0.012,-1.080000009,-0.420000004,-0.007012528,0.13357196,0.016696495,TRUE
5130,1000_radii_1,1000,L,0,14,114.2853195,0,-146.4216766,649.5838623,328.2924938,-0.012,-1.080000009,-0.420000004,-0.007017726,0.133670968,0.016708871,TRUE
5131,1000_radii_1,1000,L,0,14,114.3020244,0,-146.4919434,649.6976318,328.2854767,-0.012,-1.080000009,-0.420000004,-0.007019374,0.133702361,0.016712795,TRUE
5132,1000_radii_1,1000,L,0,14,114.3185927,0,-146.5614929,649.8101807,328.2785301,-0.012,-1.080000009,-0.420000004,-0.006945589,0.132296925,0.016537116,TRUE
5133,1000_radii_1,1000,L,0,14,114.3352837,0,-146.6318359,649.9239502,328.2715034,-0.012,-1.080000009,-0.420000004,-0.007023558,0.133782051,0.016722756,TRUE
5134,1000_radii_1,1000,L,0,14,114.3519461,0,-146.7019043,650.0372925,328.2645092,-0.012,-1.080000009,-0.420000004,-0.006994399,0.133226638,0.01665333,TRUE
5135,1000_radii_1,1000,L,0,14,114.3686393,0,-146.7718811,650.1504517,328.2575245,-0.012,-1.080000009,-0.420000004,-0.00698489,0.133045525,0.016630691,TRUE
5136,1000_radii_1,1000,L,0,14,114.3852564,0,-146.8420868,650.263916,328.2505207,-0.012,-1.080000009,-0.420000004,-0.007005935,0.133446388,0.016680799,TRUE
5137,1000_radii_1,1000,L,0,14,114.401923,0,-146.9122925,650.3773804,328.2435188,-0.012,-1.080000009,-0.420000004,-0.00700378,0.133405336,0.016675667,TRUE
5138,1000_radii_1,1000,L,0,14,114.41865,0,-146.9824524,650.4907227,328.2365208,-0.012,-1.080000009,-0.420000004,-0.006998329,0.133301498,0.016662687,TRUE
5139,1000_radii_1,1000,L,0,14,114.4352674,0,-147.0525665,650.6039429,328.2295246,-0.012,-1.080000009,-0.420000004,-0.00699237,0.133188,0.0166485,TRUE
5140,1000_radii_1,1000,L,0,14,114.4519077,0,-147.122757,650.7172852,328.2225266,-0.012,-1.080000009,-0.420000004,-0.006998836,0.133311157,0.016663895,TRUE
5141,1000_radii_1,1000,L,0,14,114.4685928,0,-147.1930542,650.8307495,328.215517,-0.012,-1.080000009,-0.420000004,-0.007008091,0.13348744,0.01668593,TRUE
5142,1000_radii_1,1000,L,0,14,114.4853303,0,-147.2632904,650.9440918,328.2085171,-0.012,-1.080000009,-0.420000004,-0.006999977,0.133332891,0.016666611,TRUE
5143,1000_radii_1,1000,L,0,14,114.5019797,0,-147.3337097,651.0576782,328.2015018,-0.012,-1.080000009,-0.420000004,-0.007017726,0.133670968,0.016708871,TRUE
5144,1000_radii_1,1000,L,0,14,114.5186394,0,-147.404007,651.1710815,328.1944962,-0.012,-1.080000009,-0.420000004,-0.007004668,0.13342224,0.01667778,TRUE
5145,1000_radii_1,1000,L,0,14,114.5353633,0,-147.4743042,651.2844238,328.1869068,-0.013,-1.170000024,-0.455000009,-0.007586193,0.133383602,0.01667295,TRUE
5146,1000_radii_1,1000,L,0,14,114.5520218,0,-147.5447693,651.3980103,328.1793079,-0.013,-1.170000024,-0.455000009,-0.007603086,0.133680627,0.016710078,TRUE
5147,1000_radii_1,1000,L,0,14,114.5686706,0,-147.6147003,651.5106812,328.1717663,-0.013,-1.170000024,-0.455000009,-0.007542655,0.132618098,0.016577262,TRUE
5148,1000_radii_1,1000,L,0,14,114.5853614,0,-147.6852722,651.6243896,328.1641541,-0.013,-1.170000024,-0.455000009,-0.007611189,0.133823103,0.016727888,TRUE
5149,1000_radii_1,1000,L,0,14,114.6020041,0,-147.7555084,651.7374878,328.1559982,-0.014,-1.260000039,-0.490000015,-0.008155251,0.133146948,0.016643369,TRUE
5150,1000_radii_1,1000,L,0,14,114.6187752,0,-147.826416,651.8516846,328.1471748,-0.015,-1.34999997,-0.524999988,-0.008820492,0.134407494,0.016800937,TRUE
5151,1000_radii_1,1000,L,0,14,114.6353558,0,-147.8960876,651.9638062,328.1385136,-0.015,-1.34999997,-0.524999988,-0.008663444,0.132014389,0.016501799,TRUE
5152,1000_radii_1,1000,L,0,14,114.652013,0,-147.9667358,652.0774536,328.1291466,-0.016000001,-1.440000068,-0.560000027,-0.009368801,0.133840007,0.016730001,TRUE
5153,1000_radii_1,1000,L,0,14,114.6685861,0,-148.0367737,652.1901245,328.1198597,-0.016000001,-1.440000068,-0.560000027,-0.009286141,0.132659151,0.016582394,TRUE
5154,1000_radii_1,1000,L,0,14,114.6853988,0,-148.1077728,652.3042603,328.1098595,-0.017000001,-1.530000083,-0.595000032,-0.009998174,0.134429227,0.016803653,TRUE
5155,1000_radii_1,1000,L,0,14,114.701922,0,-148.1776123,652.4165039,328.100029,-0.017000001,-1.530000083,-0.595000032,-0.009832221,0.132197917,0.01652474,TRUE
5156,1000_radii_1,1000,L,0,14,114.7186674,0,-148.2483978,652.5302124,328.0894794,-0.017999999,-1.61999993,-0.629999973,-0.010549218,0.133958334,0.016744792,TRUE
5157,1000_radii_1,1000,L,0,14,114.7353373,0,-148.3188934,652.6434326,328.0789757,-0.017999999,-1.61999993,-0.629999973,-0.010502437,0.133364284,0.016670535,TRUE
5158,1000_radii_1,1000,L,0,14,114.7520057,0,-148.3891144,652.7561646,328.0679359,-0.018999999,-1.709999945,-0.664999979,-0.011039536,0.132806456,0.016600807,TRUE
5159,1000_radii_1,1000,L,0,14,114.7685906,0,-148.45961,652.8692627,328.0568581,-0.018999999,-1.709999945,-0.664999979,-0.011079482,0.133287009,0.016660876,TRUE
5160,1000_radii_1,1000,L,0,14,114.7853021,0,-148.530014,652.9821777,328.0457954,-0.018999999,-1.709999945,-0.664999979,-0.011062018,0.133076918,0.016634615,TRUE
5161,1000_radii_1,1000,L,0,14,114.8020605,0,-148.6011505,653.0962524,328.0346241,-0.018999999,-1.709999945,-0.664999979,-0.011174028,0.134424398,0.01680305,TRUE
5162,1000_radii_1,1000,L,0,14,114.8186366,0,-148.671463,653.2089233,328.0235863,-0.018999999,-1.709999945,-0.664999979,-0.011039336,0.132804041,0.016600505,TRUE
5163,1000_radii_1,1000,L,0,14,114.8353228,0,-148.7419281,653.3217773,328.0125217,-0.018999999,-1.709999945,-0.664999979,-0.01105961,0.13304794,0.016630992,TRUE
5164,1000_radii_1,1000,L,0,14,114.8519674,0,-148.8125458,653.4348755,328.001442,-0.018999999,-1.709999945,-0.664999979,-0.011082092,0.133318402,0.0166648,TRUE
5165,1000_radii_1,1000,L,0,14,114.8685818,0,-148.8831177,653.5478516,327.9903679,-0.018999999,-1.709999945,-0.664999979,-0.011071654,0.13319283,0.016649104,TRUE
5166,1000_radii_1,1000,L,0,14,114.885227,0,-148.9537048,653.6607666,327.9793015,-0.018999999,-1.709999945,-0.664999979,-0.011068843,0.133159022,0.016644878,TRUE
5167,1000_radii_1,1000,L,0,14,114.9019271,0,-149.0243378,653.7736816,327.9682274,-0.018999999,-1.709999945,-0.664999979,-0.011072256,0.133200074,0.016650009,TRUE
5168,1000_radii_1,1000,L,0,14,114.9187199,0,-149.0957031,653.8877563,327.9570389,-0.018999999,-1.709999945,-0.664999979,-0.011185068,0.134557214,0.016819652,TRUE
5169,1000_radii_1,1000,L,0,14,114.9353041,0,-149.1661987,654.0003662,327.9459991,-0.018999999,-1.709999945,-0.664999979,-0.011043752,0.132857167,0.016607146,TRUE
5170,1000_radii_1,1000,L,0,14,114.9520443,0,-149.2369385,654.1133423,327.9349174,-0.018999999,-1.709999945,-0.664999979,-0.011079884,0.133291838,0.01666148,TRUE
5171,1000_radii_1,1000,L,0,14,114.9686681,0,-149.3077698,654.2264404,327.9238281,-0.018999999,-1.709999945,-0.664999979,-0.011091326,0.133429484,0.016678686,TRUE
5172,1000_radii_1,1000,L,0,14,114.9852879,0,-149.378479,654.3392944,327.9127617,-0.018999999,-1.709999945,-0.664999979,-0.011068643,0.133156607,0.016644576,TRUE
5173,1000_radii_1,1000,L,0,14,115.0019427,0,-149.4489746,654.4517212,327.9017258,-0.018999999,-1.709999945,-0.664999979,-0.011030905,0.132702618,0.016587827,TRUE
5174,1000_radii_1,1000,L,0,14,115.018622,0,-149.5200806,654.5650635,327.8906021,-0.018999999,-1.709999945,-0.664999979,-0.01112264,0.133806199,0.016725775,TRUE
5175,1000_radii_1,1000,L,0,14,115.0352422,0,-149.5908508,654.6778564,327.8795395,-0.018999999,-1.709999945,-0.664999979,-0.011066435,0.133130044,0.016641256,TRUE
5176,1000_radii_1,1000,L,0,14,115.0519057,0,-149.6617279,654.7907715,327.8684578,-0.018999999,-1.709999945,-0.664999979,-0.011080486,0.133299083,0.016662385,TRUE
5177,1000_radii_1,1000,L,0,14,115.0685944,0,-149.7325287,654.9035034,327.8573952,-0.018999999,-1.709999945,-0.664999979,-0.011064427,0.133105896,0.016638237,TRUE
5178,1000_radii_1,1000,L,0,14,115.0851756,0,-149.8033142,655.0161743,327.8463364,-0.018999999,-1.709999945,-0.664999979,-0.011060413,0.133057599,0.0166322,TRUE
5179,1000_radii_1,1000,L,0,14,115.1019527,0,-149.8747101,655.1297607,327.8351784,-0.018999999,-1.709999945,-0.664999979,-0.011151345,0.134151521,0.01676894,TRUE
5180,1000_radii_1,1000,L,0,14,115.118622,0,-149.9455261,655.2423706,327.8241272,-0.018999999,-1.709999945,-0.664999979,-0.011058004,0.133028621,0.016628578,TRUE
5181,1000_radii_1,1000,L,0,14,115.135339,0,-150.016861,655.3557739,327.8129921,-0.018999999,-1.709999945,-0.664999979,-0.011134684,0.133951089,0.016743886,TRUE
5182,1000_radii_1,1000,L,0,14,115.1519012,0,-150.0875702,655.4681396,327.8019562,-0.018999999,-1.709999945,-0.664999979,-0.011034919,0.132750915,0.016593864,TRUE
5183,1000_radii_1,1000,L,0,14,115.1686176,0,-150.1588287,655.5812988,327.7908363,-0.018999999,-1.709999945,-0.664999979,-0.011116417,0.133731339,0.016716417,TRUE
5184,1000_radii_1,1000,L,0,14,115.1852718,0,-150.2297058,655.6937866,327.7797813,-0.018999999,-1.709999945,-0.664999979,-0.011052985,0.13296825,0.016621031,TRUE
5185,1000_radii_1,1000,L,0,14,115.2018965,0,-150.3007202,655.8064575,327.7687149,-0.018999999,-1.709999945,-0.664999979,-0.011071453,0.133190415,0.016648802,TRUE
5186,1000_radii_1,1000,L,0,14,115.2185251,0,-150.3716736,655.9190063,327.7576561,-0.018999999,-1.709999945,-0.664999979,-0.011058004,0.133028621,0.016628578,TRUE
5187,1000_radii_1,1000,L,0,14,115.235297,0,-150.4431458,656.0323486,327.746521,-0.018999999,-1.709999945,-0.664999979,-0.011137093,0.133980067,0.016747508,TRUE
5188,1000_radii_1,1000,L,0,14,115.2519066,0,-150.5141602,656.1448975,327.7354584,-0.018999999,-1.709999945,-0.664999979,-0.011060413,0.133057599,0.0166322,TRUE
5189,1000_radii_1,1000,L,0,14,115.2685678,0,-150.5853577,656.2576904,327.7243729,-0.018999999,-1.709999945,-0.664999979,-0.011085504,0.133359454,0.016669932,TRUE
5190,1000_radii_1,1000,L,0,14,115.2852715,0,-150.6565247,656.3703613,327.7132912,-0.018999999,-1.709999945,-0.664999979,-0.011077876,0.13326769,0.016658461,TRUE
5191,1000_radii_1,1000,L,0,14,115.3019689,0,-150.7279358,656.4833984,327.7021828,-0.018999999,-1.709999945,-0.664999979,-0.0111118,0.133675798,0.016709475,TRUE
5192,1000_radii_1,1000,L,0,14,115.3185939,0,-150.7991028,656.5960083,327.6911125,-0.018999999,-1.709999945,-0.664999979,-0.011071854,0.133195245,0.016649406,TRUE
5193,1000_radii_1,1000,L,0,14,115.3352623,0,-150.8704224,656.7088013,327.6800194,-0.018999999,-1.709999945,-0.664999979,-0.011091928,0.133436729,0.016679591,TRUE
5194,1000_radii_1,1000,L,0,14,115.3519331,0,-150.9415894,656.8212891,327.6689529,-0.018999999,-1.709999945,-0.664999979,-0.011064829,0.133110725,0.016638841,TRUE
5195,1000_radii_1,1000,L,0,14,115.3685677,0,-151.0128937,656.93396,327.6578712,-0.018999999,-1.709999945,-0.664999979,-0.011081891,0.133315987,0.016664498,TRUE
5196,1000_radii_1,1000,L,0,14,115.3853029,0,-151.0845184,657.0470581,327.6467438,-0.018999999,-1.709999945,-0.664999979,-0.011129063,0.133883474,0.016735434,TRUE
5197,1000_radii_1,1000,L,0,14,115.4019843,0,-151.1555786,657.1592407,327.6362877,-0.017999999,-1.61999993,-0.629999973,-0.010457937,0.132799211,0.016599901,TRUE
5198,1000_radii_1,1000,L,0,14,115.4185848,0,-151.227005,657.2719727,327.6263618,-0.017000001,-1.530000083,-0.595000032,-0.009924896,0.133443973,0.016680497,TRUE
5199,1000_radii_1,1000,L,0,14,115.4352601,0,-151.2984009,657.3845825,327.6164436,-0.017000001,-1.530000083,-0.595000032,-0.009917173,0.133340135,0.016667517,TRUE
5200,1000_radii_1,1000,L,0,14,115.4519289,0,-151.3698578,657.4972534,327.6071014,-0.016000001,-1.440000068,-0.560000027,-0.009339219,0.13341741,0.016677176,TRUE
5201,1000_radii_1,1000,L,0,14,115.4686048,0,-151.44133,657.6099243,327.5983505,-0.015,-1.34999997,-0.524999988,-0.008754725,0.133405336,0.016675667,TRUE
5202,1000_radii_1,1000,L,0,14,115.4852717,0,-151.5124969,657.7220459,327.5896339,-0.015,-1.34999997,-0.524999988,-0.008715899,0.1328137,0.016601713,TRUE
5203,1000_radii_1,1000,L,0,14,115.5019341,0,-151.5842285,657.835022,327.58144,-0.014,-1.260000039,-0.490000015,-0.008197109,0.133830347,0.016728793,TRUE
5204,1000_radii_1,1000,L,0,14,115.5186427,0,-151.6555939,657.9473877,327.5738678,-0.013,-1.170000024,-0.455000009,-0.007571909,0.133132459,0.016641557,TRUE
5205,1000_radii_1,1000,L,0,14,115.5353905,0,-151.7277222,658.0609131,327.566803,-0.012,-1.080000009,-0.420000004,-0.007062352,0.134520991,0.016815124,TRUE
5206,1000_radii_1,1000,L,0,14,115.5519663,0,-151.7988281,658.1728516,327.560421,-0.011,-0.989999995,-0.384999998,-0.0063812,0.132596365,0.016574546,TRUE
5207,1000_radii_1,1000,L,0,14,115.5688019,0,-151.8704834,658.2855835,327.5545769,-0.01,-0.89999998,-0.349999992,-0.005844407,0.133586449,0.016698306,TRUE
5208,1000_radii_1,1000,L,0,14,115.5852436,0,-151.9415894,658.3974609,327.5487785,-0.01,-0.89999998,-0.349999992,-0.00579845,0.132535994,0.016566999,TRUE
5209,1000_radii_1,1000,L,0,14,115.6019115,0,-152.0131989,658.5100708,327.542942,-0.01,-0.89999998,-0.349999992,-0.005838174,0.133443973,0.016680497,TRUE
5210,1000_radii_1,1000,L,0,14,115.6186982,0,-152.0848999,658.6228027,327.5376816,-0.009,-0.809999965,-0.314999986,-0.005261012,0.133613012,0.016701626,TRUE
5211,1000_radii_1,1000,L,0,14,115.6353135,0,-152.156601,658.7355347,327.5324173,-0.009,-0.809999965,-0.314999986,-0.005260442,0.133598523,0.016699815,TRUE
5212,1000_radii_1,1000,L,0,14,115.6519711,0,-152.2280426,658.8478394,327.5271835,-0.009,-0.809999965,-0.314999986,-0.005239998,0.133079333,0.016634917,TRUE
5213,1000_radii_1,1000,L,0,14,115.668686,0,-152.2999268,658.9608154,327.5219078,-0.009,-0.809999965,-0.314999986,-0.005272232,0.133897963,0.016737245,TRUE
5214,1000_radii_1,1000,L,0,14,115.6852563,0,-152.3710785,659.0725708,327.5166893,-0.009,-0.809999965,-0.314999986,-0.005217464,0.132507016,0.016563377,TRUE
5215,1000_radii_1,1000,L,0,14,115.7018692,0,-152.4422607,659.1843872,327.5114708,-0.009,-0.809999965,-0.314999986,-0.005218414,0.132531164,0.016566396,TRUE
5216,1000_radii_1,1000,L,0,14,115.7186004,0,-152.514267,659.2974854,327.5061951,-0.009,-0.809999965,-0.314999986,-0.005278127,0.134047683,0.01675596,TRUE
5217,1000_radii_1,1000,L,0,14,115.7352495,0,-152.5859222,659.4099731,327.5009422,-0.009,-0.809999965,-0.314999986,-0.005251504,0.133371528,0.016671441,TRUE
5218,1000_radii_1,1000,L,0,14,115.7518793,0,-152.6572418,659.5219116,327.4957123,-0.009,-0.809999965,-0.314999986,-0.005226782,0.13274367,0.016592959,TRUE
5219,1000_radii_1,1000,L,0,14,115.7685238,0,-152.7288513,659.6342773,327.4904633,-0.009,-0.809999965,-0.314999986,-0.005247035,0.133258031,0.016657254,TRUE
5220,1000_radii_1,1000,L,0,14,115.78524,0,-152.800827,659.7471924,327.4851952,-0.009,-0.809999965,-0.314999986,-0.005272993,0.133917282,0.01673966,TRUE
5221,1000_radii_1,1000,L,0,14,115.801893,0,-152.8721466,659.8590698,327.4799728,-0.009,-0.809999965,-0.314999986,-0.005224595,0.132688129,0.016586016,TRUE
5222,1000_radii_1,1000,L,0,14,115.8185327,0,-152.9438934,659.9716187,327.4747124,-0.009,-0.809999965,-0.314999986,-0.005254927,0.133458462,0.016682308,TRUE
5223,1000_radii_1,1000,L,0,14,115.8352398,0,-153.0158539,660.0844727,327.4694481,-0.009,-0.809999965,-0.314999986,-0.00526957,0.133830347,0.016728793,TRUE
5224,1000_radii_1,1000,L,0,14,115.8518798,0,-153.0871582,660.196228,327.4642258,-0.009,-0.809999965,-0.314999986,-0.005220601,0.132586706,0.016573338,TRUE
5225,1000_radii_1,1000,L,0,14,115.8686473,0,-153.1593628,660.3094482,327.4589348,-0.009,-0.809999965,-0.314999986,-0.00528659,0.134262603,0.016782825,TRUE
5226,1000_radii_1,1000,L,0,14,115.8852574,0,-153.2309723,660.4216919,327.4536972,-0.009,-0.809999965,-0.314999986,-0.005241425,0.133115555,0.016639444,TRUE
5227,1000_radii_1,1000,L,0,14,115.901873,0,-153.302597,660.5339355,327.4484558,-0.009,-0.809999965,-0.314999986,-0.005241805,0.133125215,0.016640652,TRUE
5228,1000_radii_1,1000,L,0,14,115.9184886,0,-153.3741608,660.6460571,327.4432182,-0.009,-0.809999965,-0.314999986,-0.005236766,0.132997228,0.016624654,TRUE
5229,1000_radii_1,1000,L,0,14,115.9353113,0,-153.4464264,660.7592163,327.4379311,-0.009,-0.809999965,-0.314999986,-0.005287636,0.134289167,0.016786146,TRUE
5230,1000_radii_1,1000,L,0,14,115.9520464,0,-153.5185089,660.8720703,327.4326591,-0.009,-0.809999965,-0.314999986,-0.005273658,0.133934185,0.016741773,TRUE
5231,1000_radii_1,1000,L,0,14,115.9685748,0,-153.5898132,660.9837036,327.4274445,-0.009,-0.809999965,-0.314999986,-0.005215372,0.132453889,0.016556736,TRUE
5232,1000_radii_1,1000,L,0,14,115.9852311,0,-153.6612244,661.09552,327.4222145,-0.009,-0.809999965,-0.314999986,-0.005223359,0.132656736,0.016582092,TRUE
5233,1000_radii_1,1000,L,0,14,116.0018353,0,-153.7330322,661.2078857,327.4169693,-0.009,-0.809999965,-0.314999986,-0.005251028,0.133359454,0.016669932,TRUE
5234,1000_radii_1,1000,L,0,14,116.0185704,0,-153.8048401,661.3202515,327.4117165,-0.009,-0.809999965,-0.314999986,-0.005250268,0.133340135,0.016667517,TRUE
5235,1000_radii_1,1000,L,0,14,116.0352138,0,-153.8766632,661.4326172,327.4064674,-0.009,-0.809999965,-0.314999986,-0.005250838,0.133354624,0.016669328,TRUE
5236,1000_radii_1,1000,L,0,14,116.0518828,0,-153.9485626,661.545105,327.4012108,-0.009,-0.809999965,-0.314999986,-0.005256068,0.13348744,0.01668593,TRUE
5237,1000_radii_1,1000,L,0,14,116.0686007,0,-154.0207672,661.65802,327.3959389,-0.009,-0.809999965,-0.314999986,-0.005276606,0.134009045,0.016751131,TRUE
5238,1000_radii_1,1000,L,0,14,116.0851816,0,-154.0922394,661.7697754,327.3907127,-0.009,-0.809999965,-0.314999986,-0.005223359,0.132656736,0.016582092,TRUE
5239,1000_radii_1,1000,L,0,14,116.1018597,0,-154.1640167,661.881958,327.3854675,-0.009,-0.809999965,-0.314999986,-0.005244182,0.133185585,0.016648198,TRUE
5240,1000_radii_1,1000,L,0,14,116.1185242,0,-154.235733,661.9940186,327.3802261,-0.009,-0.809999965,-0.314999986,-0.005238953,0.133052769,0.016631596,TRUE
5241,1000_radii_1,1000,L,0,14,116.1352657,0,-154.3081818,662.1072388,327.3749352,-0.009,-0.809999965,-0.314999986,-0.005292295,0.134407494,0.016800937,TRUE
5242,1000_radii_1,1000,L,0,14,116.1519504,0,-154.3798065,662.2191162,327.3697052,-0.009,-0.809999965,-0.314999986,-0.005231156,0.132854753,0.016606844,TRUE
5243,1000_radii_1,1000,L,0,14,116.1686043,0,-154.4519653,662.3318481,327.3644333,-0.009,-0.809999965,-0.314999986,-0.005269475,0.133827932,0.016728492,TRUE
5244,1000_radii_1,1000,L,0,14,116.1852338,0,-154.5236969,662.4438477,327.3591957,-0.009,-0.809999965,-0.314999986,-0.005237051,0.133004473,0.016625559,TRUE
5245,1000_radii_1,1000,L,0,14,116.2018512,0,-154.5952301,662.555542,327.3539772,-0.009,-0.809999965,-0.314999986,-0.005222503,0.132635002,0.016579375,TRUE
5246,1000_radii_1,1000,L,0,14,116.2185302,0,-154.6672668,662.6679688,327.3487129,-0.009,-0.809999965,-0.314999986,-0.005258065,0.133538152,0.016692269,TRUE
5247,1000_radii_1,1000,L,0,14,116.2352424,0,-154.7395477,662.7807617,327.343441,-0.009,-0.809999965,-0.314999986,-0.00527499,0.133967993,0.016745999,TRUE
5248,1000_radii_1,1000,L,0,14,116.2518879,0,-154.8114014,662.8928833,327.3381996,-0.009,-0.809999965,-0.314999986,-0.005243422,0.133166267,0.016645783,TRUE
5249,1000_radii_1,1000,L,0,14,116.2686127,0,-154.8833466,663.005127,327.3329506,-0.009,-0.809999965,-0.314999986,-0.005248651,0.133299083,0.016662385,TRUE
5250,1000_radii_1,1000,L,0,14,116.2852389,0,-154.9554138,663.1174927,327.3276939,-0.009,-0.809999965,-0.314999986,-0.005256923,0.133509174,0.016688647,TRUE
5251,1000_radii_1,1000,L,0,14,116.3019445,0,-155.0275116,663.2299194,327.3224335,-0.009,-0.809999965,-0.314999986,-0.00525892,0.133559885,0.016694986,TRUE
5252,1000_radii_1,1000,L,0,14,116.3186334,0,-155.0993195,663.3418579,327.3171959,-0.009,-0.809999965,-0.314999986,-0.005237336,0.133011717,0.016626465,TRUE
5253,1000_radii_1,1000,L,0,14,116.3352285,0,-155.1711731,663.4538574,327.3119583,-0.009,-0.809999965,-0.314999986,-0.005239713,0.133072088,0.016634011,TRUE
5254,1000_radii_1,1000,L,0,14,116.3519117,0,-155.2434082,663.5664063,327.3066864,-0.009,-0.809999965,-0.314999986,-0.005265956,0.133738583,0.016717323,TRUE
5255,1000_radii_1,1000,L,0,14,116.3685397,0,-155.3151093,663.6781006,327.3014641,-0.009,-0.809999965,-0.314999986,-0.005227067,0.132750915,0.016593864,TRUE
5256,1000_radii_1,1000,L,0,14,116.3852277,0,-155.3872375,663.7904663,327.2962074,-0.009,-0.809999965,-0.314999986,-0.005256828,0.133506759,0.016688345,TRUE
5257,1000_radii_1,1000,L,0,14,116.4019145,0,-155.4594727,663.9029541,327.2909431,-0.009,-0.809999965,-0.314999986,-0.00526453,0.133702361,0.016712795,TRUE
5258,1000_radii_1,1000,L,0,14,116.4185102,0,-155.53125,664.0147095,327.2857094,-0.009,-0.809999965,-0.314999986,-0.00523068,0.132842678,0.016605335,TRUE
5259,1000_radii_1,1000,L,0,14,116.4352143,0,-155.6031647,664.1266479,327.2804718,-0.009,-0.809999965,-0.314999986,-0.005239143,0.133057599,0.0166322,TRUE
5260,1000_radii_1,1000,L,0,14,116.4518703,0,-155.6754608,664.2391968,327.2752075,-0.009,-0.809999965,-0.314999986,-0.005266052,0.133740998,0.016717625,TRUE
5261,1000_radii_1,1000,L,0,14,116.468536,0,-155.7475433,664.3513794,327.2699585,-0.009,-0.809999965,-0.314999986,-0.005250077,0.133335305,0.016666913,TRUE
5262,1000_radii_1,1000,L,0,14,116.4852413,0,-155.8196259,664.463501,327.2647095,-0.009,-0.809999965,-0.314999986,-0.005248936,0.133306327,0.016663291,TRUE
5263,1000_radii_1,1000,L,0,14,116.5018783,0,-155.8916626,664.5755615,327.2594643,-0.009,-0.809999965,-0.314999986,-0.005245704,0.133224223,0.016653028,TRUE
5264,1000_radii_1,1000,L,0,14,116.518713,0,-155.9645538,664.6889038,327.2541542,-0.009,-0.809999965,-0.314999986,-0.005306462,0.134767305,0.016845913,TRUE
5265,1000_radii_1,1000,L,0,14,116.5356,0,-156.0375214,664.8023682,327.2488441,-0.009,-0.809999965,-0.314999986,-0.005312072,0.13490978,0.016863723,TRUE
5266,1000_radii_1,1000,L,0,14,116.5520671,0,-156.1086884,664.9130249,327.24366,-0.009,-0.809999965,-0.314999986,-0.005180286,0.131562814,0.016445352,TRUE
5267,1000_radii_1,1000,L,0,14,116.5686057,0,-156.180542,665.0247192,327.2384377,-0.009,-0.809999965,-0.314999986,-0.005228874,0.132796796,0.0165996,TRUE
5268,1000_radii_1,1000,L,0,14,116.5852877,0,-156.2527466,665.1369019,327.233181,-0.009,-0.809999965,-0.314999986,-0.0052535,0.13342224,0.01667778,TRUE
5269,1000_radii_1,1000,L,0,14,116.6019398,0,-156.3245239,665.2484131,327.2279549,-0.009,-0.809999965,-0.314999986,-0.005222503,0.132635002,0.016579375,TRUE
5270,1000_radii_1,1000,L,0,14,116.6185633,0,-156.3968201,665.3607178,327.222702,-0.009,-0.809999965,-0.314999986,-0.00525873,0.133555056,0.016694382,TRUE
5271,1000_radii_1,1000,L,0,14,116.6352018,0,-156.4689331,665.4727173,327.217453,-0.009,-0.809999965,-0.314999986,-0.005244467,0.13319283,0.016649104,TRUE
5272,1000_radii_1,1000,L,0,14,116.6519095,0,-156.5410919,665.5847778,327.2122078,-0.009,-0.809999965,-0.314999986,-0.005247035,0.133258031,0.016657254,TRUE
5273,1000_radii_1,1000,L,0,14,116.6685969,0,-156.6136017,665.6973267,327.2063522,-0.01,-0.89999998,-0.349999992,-0.005858141,0.133900378,0.016737547,TRUE
5274,1000_radii_1,1000,L,0,14,116.6851386,0,-156.684967,665.8081055,327.2005844,-0.01,-0.89999998,-0.349999992,-0.005764325,0.131756001,0.0164695,TRUE
5275,1000_radii_1,1000,L,0,14,116.701836,0,-156.7575073,665.9206543,327.1947289,-0.01,-0.89999998,-0.349999992,-0.00585867,0.133912452,0.016739056,TRUE
5276,1000_radii_1,1000,L,0,14,116.7185491,0,-156.8298035,666.0328369,327.1888847,-0.01,-0.89999998,-0.349999992,-0.005838385,0.133448803,0.0166811,TRUE
5277,1000_radii_1,1000,L,0,14,116.7352211,0,-156.9023132,666.1453247,327.1830292,-0.01,-0.89999998,-0.349999992,-0.005854444,0.133815858,0.016726982,TRUE
5278,1000_radii_1,1000,L,0,14,116.7518744,0,-156.9742279,666.2568359,327.177227,-0.01,-0.89999998,-0.349999992,-0.005805634,0.132700203,0.016587525,TRUE
5279,1000_radii_1,1000,L,0,14,116.768522,0,-157.0467072,666.3692017,327.1713791,-0.01,-0.89999998,-0.349999992,-0.005849901,0.13371202,0.016714003,TRUE
5280,1000_radii_1,1000,L,0,14,116.7852925,0,-157.1194458,666.4819336,327.1655083,-0.01,-0.89999998,-0.349999992,-0.005869763,0.13416601,0.016770751,TRUE
5281,1000_radii_1,1000,L,0,14,116.8019497,0,-157.1914215,666.5934448,327.1597023,-0.01,-0.89999998,-0.349999992,-0.005807747,0.1327485,0.016593562,TRUE
5282,1000_radii_1,1000,L,0,14,116.8185922,0,-157.2637939,666.7055664,327.153862,-0.01,-0.89999998,-0.349999992,-0.005838491,0.133451218,0.016681402,TRUE
5283,1000_radii_1,1000,L,0,14,116.835235,0,-157.3361053,666.8175659,327.1480293,-0.01,-0.89999998,-0.349999992,-0.005832997,0.133325646,0.016665706,TRUE
5284,1000_radii_1,1000,L,0,14,116.8518482,0,-157.4082336,666.9292603,327.1422119,-0.01,-0.89999998,-0.349999992,-0.005817361,0.13296825,0.016621031,TRUE
5285,1000_radii_1,1000,L,0,14,116.868538,0,-157.4805603,667.0412598,327.1363754,-0.01,-0.89999998,-0.349999992,-0.00583194,0.133301498,0.016662687,TRUE
5286,1000_radii_1,1000,L,0,14,116.8851732,0,-157.5528717,667.1531982,327.1305466,-0.01,-0.89999998,-0.349999992,-0.005829827,0.133253201,0.01665665,TRUE
5287,1000_radii_1,1000,L,0,14,116.9017574,0,-157.6248779,667.2646484,327.1247444,-0.01,-0.89999998,-0.349999992,-0.005804577,0.132676055,0.016584507,TRUE
5288,1000_radii_1,1000,L,0,14,116.9185765,0,-157.6977997,667.3775024,327.1188698,-0.01,-0.89999998,-0.349999992,-0.005878003,0.134354367,0.016794296,TRUE
5289,1000_radii_1,1000,L,0,14,116.9353068,0,-157.7705536,667.4900513,327.1130028,-0.01,-0.89999998,-0.349999992,-0.005863213,0.13401629,0.016752036,TRUE
5290,1000_radii_1,1000,L,0,14,116.9518653,0,-157.842514,667.6013184,327.1072083,-0.01,-0.89999998,-0.349999992,-0.005798344,0.132533579,0.016566697,TRUE
5291,1000_radii_1,1000,L,0,14,116.9685531,0,-157.9148102,667.7131348,327.1013794,-0.01,-0.89999998,-0.349999992,-0.005824545,0.133132459,0.016641557,TRUE
5292,1000_radii_1,1000,L,0,14,116.9852381,0,-157.987381,667.8253174,327.0955353,-0.01,-0.89999998,-0.349999992,-0.00584578,0.133617842,0.01670223,TRUE
5293,1000_radii_1,1000,L,0,14,117.0018688,0,-158.0597534,667.9371948,327.0897064,-0.01,-0.89999998,-0.349999992,-0.005828771,0.133229053,0.016653632,TRUE
5294,1000_radii_1,1000,L,0,14,117.0186081,0,-158.1322174,668.0491333,327.0838737,-0.01,-0.89999998,-0.349999992,-0.005835004,0.133371528,0.016671441,TRUE
5295,1000_radii_1,1000,L,0,14,117.0352364,0,-158.2045441,668.1608887,327.0780449,-0.01,-0.89999998,-0.349999992,-0.005823383,0.133105896,0.016638237,TRUE
5296,1000_radii_1,1000,L,0,14,117.0518375,0,-158.2770233,668.2728271,327.0722122,-0.01,-0.89999998,-0.349999992,-0.005833948,0.13334738,0.016668422,TRUE
5297,1000_radii_1,1000,L,0,14,117.0684833,0,-158.349411,668.3845825,327.0663872,-0.01,-0.89999998,-0.349999992,-0.005825813,0.133161437,0.01664518,TRUE
5298,1000_radii_1,1000,L,0,14,117.0851575,0,-158.4217987,668.4963379,327.0605659,-0.01,-0.89999998,-0.349999992,-0.00582539,0.133151778,0.016643972,TRUE
5299,1000_radii_1,1000,L,0,14,117.1018241,0,-158.4944305,668.6084595,327.0547218,-0.01,-0.89999998,-0.349999992,-0.005844196,0.133581619,0.016697702,TRUE
5300,1000_radii_1,1000,L,0,14,117.1185197,0,-158.5670624,668.72052,327.0488777,-0.01,-0.89999998,-0.349999992,-0.005843139,0.133557471,0.016694684,TRUE
5301,1000_radii_1,1000,L,0,14,117.1352017,0,-158.6394348,668.8321533,327.0430565,-0.01,-0.89999998,-0.349999992,-0.005821692,0.133067258,0.016633407,TRUE
5302,1000_radii_1,1000,L,0,14,117.1518692,0,-158.7120361,668.9441528,327.0372162,-0.01,-0.89999998,-0.349999992,-0.005838174,0.133443973,0.016680497,TRUE
5303,1000_radii_1,1000,L,0,14,117.1684914,0,-158.7845154,669.0559082,327.0313873,-0.01,-0.89999998,-0.349999992,-0.005828454,0.133221808,0.016652726,TRUE
5304,1000_radii_1,1000,L,0,14,117.1851692,0,-158.8571472,669.1679077,327.0255508,-0.01,-0.89999998,-0.349999992,-0.005839125,0.133465707,0.016683213,TRUE
5305,1000_radii_1,1000,L,0,14,117.2018932,0,-158.9296112,669.2796021,327.019722,-0.01,-0.89999998,-0.349999992,-0.005824334,0.133127629,0.016640954,TRUE
5306,1000_radii_1,1000,L,0,14,117.218459,0,-159.0020752,669.3912964,327.0139008,-0.01,-0.89999998,-0.349999992,-0.005824334,0.133127629,0.016640954,TRUE
5307,1000_radii_1,1000,L,0,14,117.2351389,0,-159.0744171,669.5027466,327.0080872,-0.01,-0.89999998,-0.349999992,-0.005813346,0.132876486,0.016609561,TRUE
5308,1000_radii_1,1000,L,0,14,117.2518915,0,-159.1474304,669.6152344,327.0022163,-0.01,-0.89999998,-0.349999992,-0.005866593,0.134093565,0.016761696,TRUE
5309,1000_radii_1,1000,L,0,14,117.2685155,0,-159.2200165,669.7270508,326.9963913,-0.01,-0.89999998,-0.349999992,-0.005831306,0.133287009,0.016660876,TRUE
5310,1000_radii_1,1000,L,0,14,117.2851601,0,-159.2926483,669.8388672,326.990551,-0.01,-0.89999998,-0.349999992,-0.005834265,0.133354624,0.016669328,TRUE
5311,1000_radii_1,1000,L,0,14,117.3018267,0,-159.3653259,669.9507446,326.9847183,-0.01,-0.89999998,-0.349999992,-0.005836483,0.133405336,0.016675667,TRUE
5312,1000_radii_1,1000,L,0,14,117.3185072,0,-159.4379272,670.0625,326.9788895,-0.01,-0.89999998,-0.349999992,-0.005829299,0.133241127,0.016655141,TRUE
5313,1000_radii_1,1000,L,0,14,117.335179,0,-159.5104523,670.1740723,326.9730644,-0.01,-0.89999998,-0.349999992,-0.005822326,0.133081747,0.016635218,TRUE
5314,1000_radii_1,1000,L,0,14,117.3518154,0,-159.583252,670.2860718,326.9672241,-0.01,-0.89999998,-0.349999992,-0.005843351,0.1335623,0.016695288,TRUE
5315,1000_radii_1,1000,L,0,14,117.3684998,0,-159.6558838,670.3977661,326.9613953,-0.01,-0.89999998,-0.349999992,-0.005828665,0.133226638,0.01665333,TRUE
5316,1000_radii_1,1000,L,0,14,117.3851399,0,-159.7286072,670.5095825,326.9555588,-0.01,-0.89999998,-0.349999992,-0.005835216,0.133376358,0.016672045,TRUE
5317,1000_radii_1,1000,L,0,14,117.4018367,0,-159.8014221,670.621521,326.9497147,-0.01,-0.89999998,-0.349999992,-0.005841554,0.133521248,0.016690156,TRUE
5318,1000_radii_1,1000,L,0,14,117.4185597,0,-159.8741608,670.7332764,326.943882,-0.01,-0.89999998,-0.349999992,-0.005834687,0.133364284,0.016670535,TRUE
5319,1000_radii_1,1000,L,0,14,117.4351856,0,-159.9468384,670.8449707,326.9380569,-0.01,-0.89999998,-0.349999992,-0.005829088,0.133236297,0.016654537,TRUE
5320,1000_radii_1,1000,L,0,14,117.4518226,0,-160.0195923,670.9567261,326.9322205,-0.01,-0.89999998,-0.349999992,-0.005834265,0.133354624,0.016669328,TRUE
5321,1000_radii_1,1000,L,0,14,117.4685623,0,-160.0926666,671.0689697,326.9263573,-0.01,-0.89999998,-0.349999992,-0.005859092,0.133922111,0.016740264,TRUE
5322,1000_radii_1,1000,L,0,14,117.4851881,0,-160.164917,671.1799316,326.9205704,-0.01,-0.89999998,-0.349999992,-0.005791794,0.132383859,0.016547982,TRUE
5323,1000_radii_1,1000,L,0,14,117.5018587,0,-160.2380524,671.2921753,326.9147072,-0.01,-0.89999998,-0.349999992,-0.005861945,0.133987312,0.016748414,TRUE
5324,1000_radii_1,1000,L,0,14,117.5184673,0,-160.3105774,671.4035034,326.9088898,-0.01,-0.89999998,-0.349999992,-0.005812607,0.132859582,0.016607448,TRUE
5325,1000_radii_1,1000,L,0,14,117.5351487,0,-160.3833618,671.5151978,326.9030609,-0.01,-0.89999998,-0.349999992,-0.005832152,0.133306327,0.016663291,TRUE
5326,1000_radii_1,1000,L,0,14,117.5517263,0,-160.4558563,671.6264038,326.8972511,-0.01,-0.89999998,-0.349999992,-0.005808381,0.132762989,0.016595374,TRUE
5327,1000_radii_1,1000,L,0,14,117.568497,0,-160.5290985,671.7387695,326.8913841,-0.01,-0.89999998,-0.349999992,-0.005867333,0.134110469,0.016763809,TRUE
5328,1000_radii_1,1000,L,0,14,117.5851987,0,-160.6017456,671.8501587,326.8855667,-0.01,-0.89999998,-0.349999992,-0.005819262,0.133011717,0.016626465,TRUE
5329,1000_radii_1,1000,L,0,14,117.6018816,0,-160.6748657,671.9622803,326.8797112,-0.01,-0.89999998,-0.349999992,-0.005855078,0.133830347,0.016728793,TRUE
5330,1000_radii_1,1000,L,0,14,117.618528,0,-160.7477722,672.0740356,326.8738708,-0.01,-0.89999998,-0.349999992,-0.005837329,0.133424654,0.016678082,TRUE
5331,1000_radii_1,1000,L,0,14,117.6351351,0,-160.8203735,672.1853027,326.8680611,-0.01,-0.89999998,-0.349999992,-0.005812712,0.132861997,0.01660775,TRUE
5332,1000_radii_1,1000,L,0,14,117.6519336,0,-160.8935242,672.2973633,326.8622055,-0.01,-0.89999998,-0.349999992,-0.005855395,0.133837592,0.016729699,TRUE
5333,1000_radii_1,1000,L,0,14,117.6684732,0,-160.9661713,672.4086304,326.8563919,-0.01,-0.89999998,-0.349999992,-0.005814191,0.132895805,0.016611976,TRUE
5334,1000_radii_1,1000,L,0,14,117.6852089,0,-161.0393677,672.5206909,326.8505363,-0.01,-0.89999998,-0.349999992,-0.005856874,0.1338714,0.016733925,TRUE
5335,1000_radii_1,1000,L,0,14,117.7017493,0,-161.111618,672.6312866,326.8447571,-0.01,-0.89999998,-0.349999992,-0.005780384,0.132123057,0.016515382,TRUE
5336,1000_radii_1,1000,L,0,14,117.7184172,0,-161.1846619,672.743103,326.838913,-0.01,-0.89999998,-0.349999992,-0.005843139,0.133557471,0.016694684,TRUE
5337,1000_radii_1,1000,L,0,14,117.7351616,0,-161.2579346,672.8552246,326.8330498,-0.01,-0.89999998,-0.349999992,-0.005860783,0.133960749,0.016745094,TRUE
5338,1000_radii_1,1000,L,0,14,117.7517866,0,-161.3306274,672.9664307,326.82724,-0.01,-0.89999998,-0.349999992,-0.005813135,0.132871656,0.016608957,TRUE
5339,1000_radii_1,1000,L,0,14,117.7684064,0,-161.4033661,673.0776978,326.8214226,-0.01,-0.89999998,-0.349999992,-0.005816516,0.132948931,0.016618616,TRUE
5340,1000_radii_1,1000,L,0,14,117.7851467,0,-161.4767303,673.1898804,326.8155556,-0.01,-0.89999998,-0.349999992,-0.005865326,0.134064587,0.016758073,TRUE
5341,1000_radii_1,1000,L,0,14,117.8017535,0,-161.549408,673.3010254,326.809742,-0.01,-0.89999998,-0.349999992,-0.005809226,0.132782307,0.016597788,TRUE
5342,1000_radii_1,1000,L,0,14,117.8184736,0,-161.6225128,673.4127808,326.8039055,-0.01,-0.89999998,-0.349999992,-0.005843034,0.133555056,0.016694382,TRUE
5343,1000_radii_1,1000,L,0,14,117.8351474,0,-161.6956787,673.5245972,326.7980576,-0.01,-0.89999998,-0.349999992,-0.005847048,0.13364682,0.016705852,TRUE
5344,1000_radii_1,1000,L,0,14,117.8517974,0,-161.768631,673.6360474,326.7922287,-0.01,-0.89999998,-0.349999992,-0.005828031,0.133212149,0.016651519,TRUE
5345,1000_radii_1,1000,L,0,14,117.8685009,0,-161.8416901,673.7476807,326.786396,-0.01,-0.89999998,-0.349999992,-0.005836061,0.133395676,0.01667446,TRUE
5346,1000_radii_1,1000,L,0,14,117.8851388,0,-161.9145966,673.8590088,326.780571,-0.01,-0.89999998,-0.349999992,-0.005822643,0.133088992,0.016636124,TRUE
5347,1000_radii_1,1000,L,0,14,117.9017949,0,-161.9877014,673.9706421,326.7747345,-0.01,-0.89999998,-0.349999992,-0.005838068,0.133441558,0.016680195,TRUE
5348,1000_radii_1,1000,L,0,14,117.9184153,0,-162.0605927,674.0819092,326.7689133,-0.01,-0.89999998,-0.349999992,-0.005820002,0.133028621,0.016628578,TRUE
5349,1000_radii_1,1000,L,0,14,117.9352283,0,-162.13414,674.1941528,326.7630424,-0.01,-0.89999998,-0.349999992,-0.00587177,0.134211892,0.016776486,TRUE
5350,1000_radii_1,1000,L,0,14,117.9518729,0,-162.2072601,674.3057251,326.757206,-0.01,-0.89999998,-0.349999992,-0.005836589,0.133407751,0.016675969,TRUE
5351,1000_radii_1,1000,L,0,14,117.9685039,0,-162.2801666,674.4169922,326.7513847,-0.01,-0.89999998,-0.349999992,-0.005818946,0.133004473,0.016625559,TRUE
5352,1000_radii_1,1000,L,0,14,117.9851762,0,-162.3529205,674.5279541,326.7455788,-0.01,-0.89999998,-0.349999992,-0.005805211,0.132690544,0.016586318,TRUE
5353,1000_radii_1,1000,L,0,14,118.0018467,0,-162.4264374,674.6400757,326.7397118,-0.01,-0.89999998,-0.349999992,-0.005864903,0.134054927,0.016756866,TRUE
5354,1000_radii_1,1000,L,0,14,118.0184934,0,-162.4994354,674.7513428,326.7338905,-0.01,-0.89999998,-0.349999992,-0.00582296,0.133096236,0.01663703,TRUE
5355,1000_radii_1,1000,L,0,14,118.0352512,0,-162.5727386,674.8630981,326.727459,-0.011,-0.989999995,-0.384999998,-0.006431869,0.133649234,0.016706154,TRUE
5356,1000_radii_1,1000,L,0,14,118.0517823,0,-162.6455688,674.9740601,326.7210732,-0.011,-0.989999995,-0.384999998,-0.006388405,0.132746085,0.016593261,TRUE
5357,1000_radii_1,1000,L,0,14,118.0684694,0,-162.7186584,675.0853882,326.7146606,-0.011,-0.989999995,-0.384999998,-0.006410021,0.133195245,0.016649406,TRUE
5358,1000_radii_1,1000,L,0,14,118.0851351,0,-162.7917938,675.1967773,326.7082481,-0.011,-0.989999995,-0.384999998,-0.006413159,0.133260445,0.016657556,TRUE
5359,1000_radii_1,1000,L,0,14,118.1017791,0,-162.8651123,675.3084106,326.7018204,-0.011,-0.989999995,-0.384999998,-0.006428848,0.133586449,0.016698306,TRUE
5360,1000_radii_1,1000,L,0,14,118.1184249,0,-162.9382172,675.4197388,326.6954117,-0.011,-0.989999995,-0.384999998,-0.006408627,0.133166267,0.016645783,TRUE
5361,1000_radii_1,1000,L,0,14,118.1351799,0,-163.0113983,675.5311279,326.6889954,-0.011,-0.989999995,-0.384999998,-0.006414321,0.133284594,0.016660574,TRUE
5362,1000_radii_1,1000,L,0,14,118.1518453,0,-163.0850372,675.6431885,326.6819534,-0.012,-1.080000009,-0.420000004,-0.007039152,0.134079076,0.016759884,TRUE
5363,1000_radii_1,1000,L,0,14,118.1686173,0,-163.1584778,675.7549438,326.6749344,-0.012,-1.080000009,-0.420000004,-0.007020008,0.133714435,0.016714304,TRUE
5364,1000_radii_1,1000,L,0,14,118.1851644,0,-163.2313995,675.8658447,326.6679688,-0.012,-1.080000009,-0.420000004,-0.006968409,0.132731596,0.016591449,TRUE
5365,1000_radii_1,1000,L,0,14,118.2018497,0,-163.3047943,675.977417,326.6603737,-0.013,-1.170000024,-0.455000009,-0.007596631,0.13356713,0.016695891,TRUE
5366,1000_radii_1,1000,L,0,14,118.2185218,0,-163.378067,676.0888062,326.6527901,-0.013,-1.170000024,-0.455000009,-0.007582347,0.133315987,0.016664498,TRUE
5367,1000_radii_1,1000,L,0,14,118.235179,0,-163.451355,676.2001953,326.644619,-0.014,-1.260000039,-0.490000015,-0.008166196,0.133325646,0.016665706,TRUE
5368,1000_radii_1,1000,L,0,14,118.2517843,0,-163.5242615,676.3109131,326.6365013,-0.014,-1.260000039,-0.490000015,-0.008120788,0.132584291,0.016573036,TRUE
5369,1000_radii_1,1000,L,0,14,118.2685092,0,-163.5979919,676.4228516,326.6277046,-0.015,-1.34999997,-0.524999988,-0.008797513,0.134057342,0.016757168,TRUE
5370,1000_radii_1,1000,L,0,14,118.2850605,0,-163.6706848,676.5332031,326.61903,-0.015,-1.34999997,-0.524999988,-0.008672794,0.132156864,0.016519608,TRUE
5371,1000_radii_1,1000,L,0,14,118.3017703,0,-163.744339,676.6450195,326.6102486,-0.015,-1.34999997,-0.524999988,-0.00878531,0.1338714,0.016733925,TRUE
5372,1000_radii_1,1000,L,0,14,118.3185425,0,-163.8181915,676.7570801,326.6014404,-0.015,-1.34999997,-0.524999988,-0.008806229,0.134190158,0.01677377,TRUE
5373,1000_radii_1,1000,L,0,14,118.3351337,0,-163.891037,676.8675537,326.5927544,-0.015,-1.34999997,-0.524999988,-0.008684046,0.132328318,0.01654104,TRUE
5374,1000_radii_1,1000,L,0,14,118.3517442,0,-163.9644318,676.9788208,326.5840073,-0.015,-1.34999997,-0.524999988,-0.008747752,0.133299083,0.016662385,TRUE
5375,1000_radii_1,1000,L,0,14,118.3685219,0,-164.0383759,677.0908813,326.5751991,-0.015,-1.34999997,-0.524999988,-0.008810825,0.134260189,0.016782524,TRUE
5376,1000_radii_1,1000,L,0,14,118.3851583,0,-164.1113434,677.2014771,326.5665054,-0.015,-1.34999997,-0.524999988,-0.008693713,0.132475623,0.016559453,TRUE
5377,1000_radii_1,1000,L,0,14,118.4018032,0,-164.1850586,677.3131104,326.5571404,-0.016000001,-1.440000068,-0.560000027,-0.009364575,0.133779636,0.016722454,TRUE
5378,1000_radii_1,1000,L,0,14,118.4184683,0,-164.2582245,677.4238892,326.5478477,-0.016000001,-1.440000068,-0.560000027,-0.009293241,0.132760574,0.016595072,TRUE
5379,1000_radii_1,1000,L,0,14,118.4351566,0,-164.3319855,677.5355225,326.5384827,-0.016000001,-1.440000068,-0.560000027,-0.009366265,0.133803784,0.016725473,TRUE
5380,1000_radii_1,1000,L,0,14,118.4518114,0,-164.4055939,677.6469116,326.528553,-0.017000001,-1.530000083,-0.595000032,-0.009928847,0.1334971,0.016687137,TRUE
5381,1000_radii_1,1000,L,0,14,118.4684663,0,-164.4789276,677.7578125,326.5186615,-0.017000001,-1.530000083,-0.595000032,-0.009889694,0.132970665,0.016621333,TRUE
5382,1000_radii_1,1000,L,0,14,118.4851815,0,-164.5528107,677.8695068,326.5081177,-0.017999999,-1.61999993,-0.629999973,-0.010546176,0.133919696,0.016739962,TRUE
5383,1000_radii_1,1000,L,0,14,118.5019115,0,-164.6266937,677.9812012,326.4969864,-0.018999999,-1.709999945,-0.664999979,-0.011130268,0.133897963,0.016737245,TRUE
5384,1000_radii_1,1000,L,0,14,118.5184323,0,-164.6996613,678.0914307,326.4860001,-0.018999999,-1.709999945,-0.664999979,-0.010987948,0.132185842,0.01652323,TRUE
5385,1000_radii_1,1000,L,0,14,118.5351327,0,-164.7734222,678.2028198,326.474308,-0.02,-1.79999996,-0.699999984,-0.011689448,0.133593693,0.016699212,TRUE
5386,1000_radii_1,1000,L,0,14,118.5517791,0,-164.8466339,678.3133545,326.4627075,-0.02,-1.79999996,-0.699999984,-0.011599223,0.132562557,0.01657032,TRUE
5387,1000_radii_1,1000,L,0,14,118.5685001,0,-164.9208374,678.425293,326.4503708,-0.021,-1.889999975,-0.73499999,-0.012339148,0.134303656,0.016787957,TRUE
5388,1000_radii_1,1000,L,0,14,118.5850622,0,-164.9940643,678.5357056,326.4381943,-0.021,-1.889999975,-0.73499999,-0.012173638,0.132502186,0.016562773,TRUE
5389,1000_radii_1,1000,L,0,14,118.6018991,0,-165.068512,678.6479492,326.4258232,-0.021,-1.889999975,-0.73499999,-0.012372871,0.134670711,0.016833839,TRUE
5390,1000_radii_1,1000,L,0,14,118.618518,0,-165.1420593,678.7587891,326.4136047,-0.021,-1.889999975,-0.73499999,-0.01221912,0.132997228,0.016624654,TRUE
5391,1000_radii_1,1000,L,0,14,118.635175,0,-165.2157898,678.869812,326.4013634,-0.021,-1.889999975,-0.73499999,-0.012245078,0.133279764,0.016659971,TRUE
5392,1000_radii_1,1000,L,0,14,118.6517447,0,-165.2888489,678.9797974,326.389225,-0.021,-1.889999975,-0.73499999,-0.012130375,0.132031293,0.016503912,TRUE
5393,1000_radii_1,1000,L,0,14,118.6684846,0,-165.3631134,679.0915527,326.3768997,-0.021,-1.889999975,-0.73499999,-0.012327168,0.134173254,0.016771657,TRUE
5394,1000_radii_1,1000,L,0,14,118.6851114,0,-165.4368439,679.2024536,326.3646698,-0.021,-1.889999975,-0.73499999,-0.012234207,0.133161437,0.01664518,TRUE
5395,1000_radii_1,1000,L,0,14,118.7017213,0,-165.5105286,679.3132324,326.3524475,-0.021,-1.889999975,-0.73499999,-0.012221117,0.133018962,0.01662737,TRUE
5396,1000_radii_1,1000,L,0,14,118.7184875,0,-165.5847015,679.4246826,326.3401489,-0.021,-1.889999975,-0.73499999,-0.012299213,0.133868985,0.016733623,TRUE
5397,1000_radii_1,1000,L,0,14,118.7351149,0,-165.6585388,679.5355835,326.3279114,-0.021,-1.889999975,-0.73499999,-0.0122382,0.133204904,0.016650613,TRUE
5398,1000_radii_1,1000,L,0,14,118.7517323,0,-165.7322998,679.6463013,326.3156891,-0.021,-1.889999975,-0.73499999,-0.012221561,0.133023791,0.016627974,TRUE
5399,1000_radii_1,1000,L,0,14,118.7685586,0,-165.8066864,679.7578735,326.3033676,-0.021,-1.889999975,-0.73499999,-0.012321621,0.134112883,0.01676411,TRUE
5400,1000_radii_1,1000,L,0,14,118.7851032,0,-165.8803864,679.8684082,326.2911568,-0.021,-1.889999975,-0.73499999,-0.012204255,0.132835434,0.016604429,TRUE
5401,1000_radii_1,1000,L,0,14,118.8017578,0,-165.9539948,679.9787598,326.2789764,-0.021,-1.889999975,-0.73499999,-0.012186063,0.132637417,0.016579677,TRUE
5402,1000_radii_1,1000,L,0,14,118.8184543,0,-166.028244,680.0900269,326.2666893,-0.021,-1.889999975,-0.73499999,-0.012288342,0.133750658,0.016718832,TRUE
5403,1000_radii_1,1000,L,0,14,118.8351725,0,-166.1025848,680.201355,326.2543831,-0.021,-1.889999975,-0.73499999,-0.012300322,0.133881059,0.016735132,TRUE
5404,1000_radii_1,1000,L,0,14,118.8517504,0,-166.1760559,680.3113403,326.2422371,-0.021,-1.889999975,-0.73499999,-0.012150564,0.132251043,0.01653138,TRUE
5405,1000_radii_1,1000,L,0,14,118.868522,0,-166.2509766,680.4234619,326.2292595,-0.022,-1.979999989,-0.769999996,-0.012976931,0.134825261,0.016853158,TRUE
5406,1000_radii_1,1000,L,0,14,118.8851071,0,-166.3247375,680.5337524,326.2164879,-0.022,-1.979999989,-0.769999996,-0.012770535,0.132680884,0.016585111,TRUE
5407,1000_radii_1,1000,L,0,14,118.9018048,0,-166.3988953,680.6445923,326.2030678,-0.023,-2.070000004,-0.805000002,-0.013420753,0.133373943,0.016671743,TRUE
5408,1000_radii_1,1000,L,0,14,118.9184071,0,-166.4728699,680.755127,326.1896858,-0.023,-2.070000004,-0.805000002,-0.013381631,0.132985154,0.016623144,TRUE
5409,1000_radii_1,1000,L,0,14,118.9352482,0,-166.5478668,680.8671265,326.1755371,-0.024,-2.160000019,-0.840000007,-0.014151835,0.134779379,0.016847422,TRUE
5410,1000_radii_1,1000,L,0,14,118.9518777,0,-166.6219025,680.9776001,326.1609879,-0.025,-2.250000034,-0.875000013,-0.014547893,0.133009302,0.016626163,TRUE
5411,1000_radii_1,1000,L,0,14,118.9685102,0,-166.6957397,681.0877686,326.1459045,-0.026000001,-2.340000048,-0.910000019,-0.015083386,0.132601195,0.016575149,TRUE
5412,1000_radii_1,1000,L,0,14,118.9851415,0,-166.77005,681.1985474,326.1301422,-0.027000001,-2.430000063,-0.945000025,-0.015756794,0.133390847,0.016673856,TRUE
5413,1000_radii_1,1000,L,0,14,119.0018099,0,-166.8444366,681.3093872,326.1132126,-0.028999999,-2.609999925,-1.014999971,-0.016935912,0.133485025,0.016685628,TRUE
5414,1000_radii_1,1000,L,0,14,119.0185402,0,-166.918808,681.420105,326.0957031,-0.029999999,-2.69999994,-1.049999977,-0.01750628,0.133381187,0.016672648,TRUE
5415,1000_radii_1,1000,L,0,14,119.0351607,0,-166.9931641,681.5307617,326.0776215,-0.030999999,-2.789999954,-1.084999982,-0.01807836,0.133296668,0.016662084,TRUE
5416,1000_radii_1,1000,L,0,14,119.0517983,0,-167.0675354,681.6413574,326.0589714,-0.032000002,-2.880000137,-1.120000053,-0.018655449,0.133253201,0.01665665,TRUE
5417,1000_radii_1,1000,L,0,14,119.0684634,0,-167.1416931,681.7515259,326.0403748,-0.032000002,-2.880000137,-1.120000053,-0.018594933,0.132820945,0.016602618,TRUE
5418,1000_radii_1,1000,L,0,14,119.0851544,0,-167.2164764,681.8625488,326.0210495,-0.033,-2.969999984,-1.154999994,-0.019328032,0.133873814,0.016734227,TRUE
5419,1000_radii_1,1000,L,0,14,119.1017866,0,-167.2906189,681.9725342,326.0018921,-0.033,-2.969999984,-1.154999994,-0.019151619,0.132651906,0.016581488,TRUE
5420,1000_radii_1,-1,L,0,15,119.118251,0,-167.3645782,682.0822144,325.9827995,-0.033,-2.969999984,-1.154999994,-0.019097928,0.132280021,0.016535003,FALSE
5421,1000_radii_1,-1,L,0,15,119.1348443,0,-167.4388428,682.1922607,325.9636307,-0.033,-2.969999984,-1.154999994,-0.01916661,0.132755744,0.016594468,FALSE
5422,1000_radii_1,-1,L,0,15,119.1515607,0,-167.5136871,682.3031006,325.9443245,-0.033,-2.969999984,-1.154999994,-0.019305719,0.133719265,0.016714908,FALSE
5423,1000_radii_1,-1,L,0,15,119.1682222,0,-167.5883331,682.4135132,325.9250832,-0.033,-2.969999984,-1.154999994,-0.01924366,0.133289424,0.016661178,FALSE
5424,1000_radii_1,-1,L,0,15,119.1849335,0,-167.6632233,682.524231,325.9057846,-0.033,-2.969999984,-1.154999994,-0.019298746,0.133670968,0.016708871,FALSE
5425,1000_radii_1,-1,L,0,15,119.2016475,0,-167.7381744,682.6349487,325.8864746,-0.033,-2.969999984,-1.154999994,-0.01930537,0.13371685,0.016714606,FALSE
5426,1000_radii_1,-1,L,0,15,119.2190431,0,-167.8162079,682.7501221,325.8663902,-0.033,-2.969999984,-1.154999994,-0.020088769,0.139142992,0.017392874,FALSE
5427,1000_radii_1,-1,L,0,15,119.2348654,0,-167.8872375,682.8549194,325.848114,-0.033,-2.969999984,-1.154999994,-0.018277573,0.126597906,0.015824738,FALSE
5428,1000_radii_1,-1,L,0,15,119.2515326,0,-167.9620972,682.965271,325.8288612,-0.033,-2.969999984,-1.154999994,-0.019250982,0.133340135,0.016667517,FALSE
5429,1000_radii_1,-1,L,0,15,119.2682215,0,-168.0370941,683.0757446,325.8095818,-0.033,-2.969999984,-1.154999994,-0.019277827,0.133526078,0.01669076,FALSE
5430,1000_radii_1,-1,L,0,15,119.2848362,0,-168.1117706,683.1856689,325.7903938,-0.033,-2.969999984,-1.154999994,-0.019187529,0.132900635,0.016612579,FALSE
5431,1000_radii_1,-1,L,0,15,119.3015596,0,-168.1869965,683.2963257,325.77108,-0.033,-2.969999984,-1.154999994,-0.019316178,0.13379171,0.016723964,FALSE
5432,1000_radii_1,-1,L,0,15,119.318209,0,-168.2619171,683.4064331,325.7518501,-0.033,-2.969999984,-1.154999994,-0.019229017,0.133188,0.0166485,FALSE
5433,1000_radii_1,-1,L,0,15,119.3349055,0,-168.3370972,683.5168457,325.7331505,-0.032000002,-2.880000137,-1.120000053,-0.018701766,0.133584034,0.016698004,FALSE
5434,1000_radii_1,-1,L,0,15,119.3515187,0,-168.411911,683.6266479,325.7145462,-0.032000002,-2.880000137,-1.120000053,-0.018603385,0.132881316,0.016610164,FALSE
5435,1000_radii_1,-1,L,0,15,119.3682867,0,-168.4874878,683.7374878,325.6963501,-0.030999999,-2.789999954,-1.084999982,-0.018195282,0.134158765,0.016769846,FALSE
5436,1000_radii_1,-1,L,0,15,119.3849114,0,-168.5624542,683.8473511,325.678894,-0.029999999,-2.69999994,-1.049999977,-0.017457471,0.133009302,0.016626163,FALSE
5437,1000_radii_1,-1,L,0,15,119.4015638,0,-168.6375732,683.9573975,325.6625748,-0.028000001,-2.520000078,-0.98000003,-0.016319376,0.133219393,0.016652424,FALSE
5438,1000_radii_1,-1,L,0,15,119.4182896,0,-168.7130432,684.0678711,325.6473541,-0.026000001,-2.340000048,-0.910000019,-0.015219906,0.133801369,0.016725171,FALSE
5439,1000_radii_1,-1,L,0,15,119.4349969,0,-168.7884674,684.1782227,325.6333199,-0.024,-2.160000019,-0.840000007,-0.014035198,0.133668553,0.016708569,FALSE
5440,1000_radii_1,-1,L,0,15,119.4516735,0,-168.8637695,684.2883301,325.6198921,-0.023,-2.070000004,-0.805000002,-0.013423912,0.133405336,0.016675667,FALSE
5441,1000_radii_1,-1,L,0,15,119.4683154,0,-168.9389496,684.3981934,325.6076584,-0.021,-1.889999975,-0.73499999,-0.012231988,0.133137289,0.016642161,FALSE
5442,1000_radii_1,-1,L,0,15,119.4848884,0,-169.0138397,684.5076294,325.5960579,-0.02,-1.79999996,-0.699999984,-0.011601548,0.13258912,0.01657364,FALSE
5443,1000_radii_1,-1,L,0,15,119.5016217,0,-169.0894775,684.618103,325.5849342,-0.018999999,-1.709999945,-0.664999979,-0.011127859,0.133868985,0.016733623,FALSE
5444,1000_radii_1,-1,L,0,15,119.5182385,0,-169.1646118,684.7277832,325.5744629,-0.017999999,-1.61999993,-0.629999973,-0.010468397,0.132932027,0.016616503,FALSE
5445,1000_radii_1,-1,L,0,15,119.5349172,0,-169.2400055,684.8377686,325.5639572,-0.017999999,-1.61999993,-0.629999973,-0.010503198,0.133373943,0.016671743,FALSE
5446,1000_radii_1,-1,L,0,15,119.5515204,0,-169.3151245,684.9473267,325.5535049,-0.017999999,-1.61999993,-0.629999973,-0.01046117,0.132840264,0.016605033,FALSE
5447,1000_radii_1,-1,L,0,15,119.5682378,0,-169.3907776,685.0576172,325.5429688,-0.017999999,-1.61999993,-0.629999973,-0.010532293,0.133743413,0.016717927,FALSE
5448,1000_radii_1,-1,L,0,15,119.584809,0,-169.4657898,685.1669312,325.5325241,-0.017999999,-1.61999993,-0.629999973,-0.010440442,0.132577046,0.016572131,FALSE
5449,1000_radii_1,-1,L,0,15,119.6015073,0,-169.5413971,685.2770996,325.522007,-0.017999999,-1.61999993,-0.629999973,-0.010521073,0.133600938,0.016700117,FALSE
5450,1000_radii_1,-1,L,0,15,119.618189,0,-169.616806,685.3869019,325.5115166,-0.017999999,-1.61999993,-0.629999973,-0.010490646,0.133214564,0.01665182,FALSE
5451,1000_radii_1,-1,L,0,15,119.6348644,0,-169.6924591,685.4970093,325.5009956,-0.017999999,-1.61999993,-0.629999973,-0.010521454,0.133605767,0.016700721,FALSE
5452,1000_radii_1,-1,L,0,15,119.6515681,0,-169.768158,685.6071777,325.4904709,-0.017999999,-1.61999993,-0.629999973,-0.010525067,0.133651649,0.016706456,FALSE
5453,1000_radii_1,-1,L,0,15,119.6682592,0,-169.843811,685.7172241,325.4799538,-0.017999999,-1.61999993,-0.629999973,-0.010516129,0.133538152,0.016692269,FALSE
5454,1000_radii_1,-1,L,0,15,119.6848841,0,-169.9191742,685.8267822,325.4694748,-0.017999999,-1.61999993,-0.629999973,-0.010473151,0.132992398,0.01662405,FALSE
5455,1000_radii_1,-1,L,0,15,119.7015589,0,-169.9947968,685.9367065,325.4589729,-0.017999999,-1.61999993,-0.629999973,-0.01050605,0.133410165,0.016676271,FALSE
5456,1000_radii_1,-1,L,0,15,119.718236,0,-170.0704498,686.0466309,325.4484673,-0.017999999,-1.61999993,-0.629999973,-0.010506621,0.13341741,0.016677176,FALSE
5457,1000_radii_1,-1,L,0,15,119.734851,0,-170.1458282,686.1561279,325.4379997,-0.017999999,-1.61999993,-0.629999973,-0.010466875,0.132912709,0.016614089,FALSE
5458,1000_radii_1,-1,L,0,15,119.7515071,0,-170.2214203,686.2658691,325.4275055,-0.017999999,-1.61999993,-0.629999973,-0.010493499,0.133250786,0.016656348,FALSE
5459,1000_radii_1,-1,L,0,15,119.7682353,0,-170.2973633,686.3760986,325.4169655,-0.017999999,-1.61999993,-0.629999973,-0.01053952,0.133835177,0.016729397,FALSE
5460,1000_radii_1,-1,L,0,15,119.7848382,0,-170.3727417,686.4854736,325.4065094,-0.017999999,-1.61999993,-0.629999973,-0.010459078,0.1328137,0.016601713,FALSE
5461,1000_radii_1,-1,L,0,15,119.8015015,0,-170.4484253,686.5952148,325.3960114,-0.017999999,-1.61999993,-0.629999973,-0.010498443,0.133313572,0.016664196,FALSE
5462,1000_radii_1,-1,L,0,15,119.8181298,0,-170.5239716,686.7047119,325.3855324,-0.017999999,-1.61999993,-0.629999973,-0.010476003,0.133028621,0.016628578,FALSE
5463,1000_radii_1,-1,L,0,15,119.8348993,0,-170.600174,686.8151245,325.3749695,-0.017999999,-1.61999993,-0.629999973,-0.010564812,0.134156351,0.016769544,FALSE
5464,1000_radii_1,-1,L,0,15,119.8514977,0,-170.6756287,686.9243774,325.3645134,-0.017999999,-1.61999993,-0.629999973,-0.010456796,0.132784722,0.01659809,FALSE
5465,1000_radii_1,-1,L,0,15,119.8681851,0,-170.7514496,687.0341187,325.3540039,-0.017999999,-1.61999993,-0.629999973,-0.010505289,0.133400506,0.016675063,FALSE
5466,1000_radii_1,-1,L,0,15,119.8848687,0,-170.8273773,687.1439819,325.3434906,-0.017999999,-1.61999993,-0.629999973,-0.010518031,0.1335623,0.016695288,FALSE
5467,1000_radii_1,-1,L,0,15,119.9015558,0,-170.9032898,687.2537842,325.3329773,-0.017999999,-1.61999993,-0.629999973,-0.010512896,0.1334971,0.016687137,FALSE
5468,1000_radii_1,-1,L,0,15,119.9182248,0,-170.9791412,687.3634644,325.3224716,-0.017999999,-1.61999993,-0.629999973,-0.010501676,0.133354624,0.016669328,FALSE
5469,1000_radii_1,-1,L,0,15,119.9348715,0,-171.0549011,687.4729614,325.3119926,-0.017999999,-1.61999993,-0.629999973,-0.010486082,0.133156607,0.016644576,FALSE
5470,1000_radii_1,-1,L,0,15,119.9515116,0,-171.130661,687.5823975,325.3015022,-0.017999999,-1.61999993,-0.629999973,-0.01048323,0.133120385,0.016640048,FALSE
5471,1000_radii_1,-1,L,0,15,119.9682032,0,-171.206543,687.6920166,325.291008,-0.017999999,-1.61999993,-0.629999973,-0.010497873,0.133306327,0.016663291,FALSE
5472,1000_radii_1,-1,L,0,15,119.9848831,0,-171.2826538,687.8018799,325.2804794,-0.017999999,-1.61999993,-0.629999973,-0.010527159,0.133678213,0.016709777,FALSE
5473,1000_radii_1,-1,L,0,15,120.001499,0,-171.3583679,687.9111328,325.2700081,-0.017999999,-1.61999993,-0.629999973,-0.010468397,0.132932027,0.016616503,FALSE
5474,1000_radii_1,-1,L,0,15,120.0181774,0,-171.4342804,688.0206299,325.2595139,-0.017999999,-1.61999993,-0.629999973,-0.010494069,0.133258031,0.016657254,FALSE
5475,1000_radii_1,-1,L,0,15,120.0348259,0,-171.5102692,688.130188,325.2490158,-0.017999999,-1.61999993,-0.629999973,-0.010501676,0.133354624,0.016669328,FALSE
5476,1000_radii_1,-1,L,0,15,120.051558,0,-171.5865784,688.2401733,325.2384682,-0.017999999,-1.61999993,-0.629999973,-0.010541992,0.13386657,0.016733321,FALSE
5477,1000_radii_1,-1,L,0,15,120.0681359,0,-171.6621857,688.3491211,325.2280273,-0.017999999,-1.61999993,-0.629999973,-0.010443675,0.132618098,0.016577262,FALSE
5478,1000_radii_1,-1,L,0,15,120.084817,0,-171.7382965,688.4587402,325.2175217,-0.017999999,-1.61999993,-0.629999973,-0.010509093,0.133448803,0.0166811,FALSE
5479,1000_radii_1,-1,L,0,15,120.1014945,0,-171.8144073,688.5682983,325.207016,-0.017999999,-1.61999993,-0.629999973,-0.01050643,0.133414995,0.016676874,FALSE
5480,1000_radii_1,-1,L,0,15,120.1182423,0,-171.8908691,688.6783447,325.1964645,-0.017999999,-1.61999993,-0.629999973,-0.010551691,0.133989727,0.016748716,FALSE
5481,1000_radii_1,-1,L,0,15,120.1348328,0,-171.9666138,688.7872925,325.1860085,-0.017999999,-1.61999993,-0.629999973,-0.010451662,0.132719522,0.01658994,TRUE
5482,1000_radii_1,-1,L,0,15,120.1515456,0,-172.0429382,688.8970337,325.1754799,-0.017999999,-1.61999993,-0.629999973,-0.010527919,0.133687872,0.016710984,TRUE
5483,1000_radii_1,-1,L,0,15,120.1682173,0,-172.1190948,689.0065308,325.164978,-0.017999999,-1.61999993,-0.629999973,-0.010503007,0.133371528,0.016671441,TRUE
5484,1000_radii_1,-1,L,0,15,120.1852589,0,-172.1969147,689.1183472,325.1542473,-0.017999999,-1.61999993,-0.629999973,-0.010728928,0.136240356,0.017030045,TRUE
5485,1000_radii_1,-1,L,0,15,120.2023118,0,-172.2749023,689.2303467,325.1434975,-0.017999999,-1.61999993,-0.629999973,-0.010748325,0.13648667,0.017060834,TRUE
5486,1000_radii_1,-1,L,0,15,120.2182057,0,-172.3475037,689.3345947,325.1334991,-0.017999999,-1.61999993,-0.629999973,-0.010003054,0.127022918,0.015877865,TRUE
5487,1000_radii_1,-1,L,0,15,120.234824,0,-172.4235992,689.4437866,325.1230125,-0.017999999,-1.61999993,-0.629999973,-0.010482089,0.133105896,0.016638237,TRUE
5488,1000_radii_1,-1,L,0,15,120.2515003,0,-172.4998932,689.5532227,325.1125107,-0.017999999,-1.61999993,-0.629999973,-0.01050643,0.133414995,0.016676874,TRUE
5489,1000_radii_1,-1,L,0,15,120.2681286,0,-172.5759735,689.6623535,325.1020317,-0.017999999,-1.61999993,-0.629999973,-0.010475433,0.133021376,0.016627672,TRUE
5490,1000_radii_1,-1,L,0,15,120.28481,0,-172.6523285,689.7717896,325.091526,-0.017999999,-1.61999993,-0.629999973,-0.010510044,0.133460877,0.01668261,TRUE
5491,1000_radii_1,-1,L,0,15,120.3015342,0,-172.7288971,689.8815308,325.0809898,-0.017999999,-1.61999993,-0.629999973,-0.010536477,0.13379654,0.016724567,TRUE
5492,1000_radii_1,-1,L,0,15,120.3181447,0,-172.8049622,689.9904785,325.0705261,-0.017999999,-1.61999993,-0.629999973,-0.010464213,0.132878901,0.016609863,TRUE
5493,1000_radii_1,-1,L,0,15,120.3347995,0,-172.8812561,690.0997314,325.0600319,-0.017999999,-1.61999993,-0.629999973,-0.010492928,0.133243542,0.016655443,TRUE
5494,1000_radii_1,-1,L,0,15,120.3515099,0,-172.9578247,690.2092896,325.0495033,-0.017999999,-1.61999993,-0.629999973,-0.010527539,0.133683042,0.01671038,TRUE
5495,1000_radii_1,-1,L,0,15,120.3681859,0,-173.0342102,690.3185425,325.0390053,-0.017999999,-1.61999993,-0.629999973,-0.010499584,0.133328061,0.016666008,TRUE
5496,1000_radii_1,-1,L,0,15,120.3848788,0,-173.1107788,690.4280396,325.0284805,-0.017999999,-1.61999993,-0.629999973,-0.010523165,0.133627501,0.016703438,TRUE
5497,1000_radii_1,-1,L,0,15,120.4015303,0,-173.1871338,690.5371704,325.0179863,-0.017999999,-1.61999993,-0.629999973,-0.010490646,0.133214564,0.01665182,TRUE
5498,1000_radii_1,-1,L,0,15,120.4182337,0,-173.2637482,690.6466675,325.0074692,-0.017999999,-1.61999993,-0.629999973,-0.010522975,0.133625086,0.016703136,TRUE
5499,1000_radii_1,-1,L,0,15,120.4348095,0,-173.339798,690.7553101,324.9970207,-0.017999999,-1.61999993,-0.629999973,-0.010442344,0.132601195,0.016575149,TRUE
5500,1000_radii_1,-1,L,0,15,120.4514921,0,-173.4163513,690.864624,324.986515,-0.017999999,-1.61999993,-0.629999973,-0.010509853,0.133458462,0.016682308,TRUE
5501,1000_radii_1,-1,L,0,15,120.468188,0,-173.4929352,690.973938,324.9760056,-0.017999999,-1.61999993,-0.629999973,-0.010510804,0.133470536,0.016683817,TRUE
5502,1000_radii_1,-1,L,0,15,120.4848196,0,-173.5693512,691.0829468,324.965519,-0.017999999,-1.61999993,-0.629999973,-0.010484561,0.133137289,0.016642161,TRUE
5503,1000_radii_1,-1,L,0,15,120.5014998,0,-173.6459656,691.1922607,324.9550095,-0.017999999,-1.61999993,-0.629999973,-0.010510804,0.133470536,0.016683817,TRUE
5504,1000_radii_1,-1,L,0,15,120.5181615,0,-173.7225037,691.3013916,324.9445152,-0.017999999,-1.61999993,-0.629999973,-0.010495591,0.133277349,0.016659669,TRUE
5505,1000_radii_1,-1,L,0,15,120.5348789,0,-173.7993164,691.4108887,324.9339828,-0.017999999,-1.61999993,-0.629999973,-0.010532484,0.133745828,0.016718228,TRUE
5506,1000_radii_1,-1,L,0,15,120.5514779,0,-173.8756104,691.5195923,324.9235268,-0.017999999,-1.61999993,-0.629999973,-0.010456796,0.132784722,0.01659809,TRUE
5507,1000_radii_1,-1,L,0,15,120.5681611,0,-173.9523163,691.6288452,324.9130135,-0.017999999,-1.61999993,-0.629999973,-0.010510994,0.133472951,0.016684119,TRUE
5508,1000_radii_1,-1,L,0,15,120.5848835,0,-174.0292053,691.7382813,324.9024773,-0.017999999,-1.61999993,-0.629999973,-0.010534766,0.133774806,0.016721851,TRUE
5509,1000_radii_1,-1,L,0,15,120.6014846,0,-174.1055603,691.8469238,324.8920212,-0.017999999,-1.61999993,-0.629999973,-0.010458888,0.132811286,0.016601411,TRUE
5510,1000_radii_1,-1,L,0,15,120.6181334,0,-174.1821594,691.9558716,324.8815308,-0.017999999,-1.61999993,-0.629999973,-0.010488935,0.13319283,0.016649104,TRUE
5511,1000_radii_1,-1,L,0,15,120.6349129,0,-174.2593842,692.0656738,324.8709602,-0.017999999,-1.61999993,-0.629999973,-0.010571088,0.13423604,0.016779505,TRUE
5512,1000_radii_1,-1,L,0,15,120.6515711,0,-174.3360443,692.1746216,324.8604698,-0.017999999,-1.61999993,-0.629999973,-0.010492168,0.133233882,0.016654235,TRUE
5513,1000_radii_1,-1,L,0,15,120.6681523,0,-174.4123993,692.2830811,324.8500214,-0.017999999,-1.61999993,-0.629999973,-0.010447478,0.132666395,0.016583299,TRUE
5514,1000_radii_1,-1,L,0,15,120.6848038,0,-174.48909,692.3920288,324.8395271,-0.017999999,-1.61999993,-0.629999973,-0.010491027,0.133219393,0.016652424,TRUE
5515,1000_radii_1,-1,L,0,15,120.7014925,0,-174.565979,692.5011597,324.8290176,-0.017999999,-1.61999993,-0.629999973,-0.010513657,0.133506759,0.016688345,TRUE
5516,1000_radii_1,-1,L,0,15,120.718134,0,-174.6426697,692.6099854,324.818531,-0.017999999,-1.61999993,-0.629999973,-0.010484181,0.133132459,0.016641557,TRUE
5517,1000_radii_1,-1,L,0,15,120.7348366,0,-174.7196655,692.7191772,324.8080101,-0.017999999,-1.61999993,-0.629999973,-0.010523355,0.133629916,0.016703739,TRUE
5518,1000_radii_1,-1,L,0,15,120.7514817,0,-174.796402,692.8280029,324.7975235,-0.017999999,-1.61999993,-0.629999973,-0.010486463,0.133161437,0.01664518,TRUE
5519,1000_radii_1,-1,L,0,15,120.7681363,0,-174.8732147,692.9368896,324.7870293,-0.017999999,-1.61999993,-0.629999973,-0.010492358,0.133236297,0.016654537,TRUE
5520,1000_radii_1,-1,L,0,15,120.7848868,0,-174.9504852,693.0463867,324.776474,-0.017999999,-1.61999993,-0.629999973,-0.010553022,0.134006631,0.016750829,TRUE
5521,1000_radii_1,-1,L,0,15,120.8014924,0,-175.0270996,693.1549072,324.7660103,-0.017999999,-1.61999993,-0.629999973,-0.01046136,0.132842678,0.016605335,TRUE
5522,1000_radii_1,-1,L,0,15,120.8181624,0,-175.1040344,693.263855,324.7555084,-0.017999999,-1.61999993,-0.629999973,-0.010501866,0.133357039,0.01666963,TRUE
5523,1000_radii_1,-1,L,0,15,120.8348045,0,-175.1808624,693.3726196,324.7450294,-0.017999999,-1.61999993,-0.629999973,-0.010484941,0.133142118,0.016642765,TRUE
5524,1000_radii_1,-1,L,0,15,120.8514856,0,-175.2578888,693.4815674,324.7345161,-0.017999999,-1.61999993,-0.629999973,-0.010508903,0.133446388,0.016680799,TRUE
5525,1000_radii_1,-1,L,0,15,120.868238,0,-175.3352203,693.5909424,324.7239723,-0.017999999,-1.61999993,-0.629999973,-0.010547887,0.13394143,0.016742679,TRUE
5526,1000_radii_1,-1,L,0,15,120.8849157,0,-175.4123077,693.6998901,324.7134628,-0.017999999,-1.61999993,-0.629999973,-0.010510614,0.133468122,0.016683515,TRUE
5527,1000_radii_1,-1,L,0,15,120.9015362,0,-175.4891357,693.8084717,324.7029839,-0.017999999,-1.61999993,-0.629999973,-0.01047258,0.132985154,0.016623144,TRUE
5528,1000_radii_1,-1,L,0,15,120.91815,0,-175.5659332,693.9169312,324.6925201,-0.017999999,-1.61999993,-0.629999973,-0.010467256,0.132917538,0.016614692,TRUE
5529,1000_radii_1,-1,L,0,15,120.934828,0,-175.6430359,694.0258179,324.6820145,-0.017999999,-1.61999993,-0.629999973,-0.01050586,0.133407751,0.016675969,TRUE
5530,1000_radii_1,-1,L,0,15,120.9514959,0,-175.7201233,694.1346436,324.6715164,-0.017999999,-1.61999993,-0.629999973,-0.010501106,0.13334738,0.016668422,TRUE
5531,1000_radii_1,-1,L,0,15,120.9681383,0,-175.7971191,694.2432861,324.6610298,-0.017999999,-1.61999993,-0.629999973,-0.010485322,0.133146948,0.016643369,TRUE
5532,1000_radii_1,-1,L,0,15,120.984785,0,-175.8741455,694.3519287,324.6505432,-0.017999999,-1.61999993,-0.629999973,-0.010487794,0.133178341,0.016647293,TRUE
5533,1000_radii_1,-1,L,0,15,121.0014519,0,-175.9512939,694.4606934,324.6400375,-0.017999999,-1.61999993,-0.629999973,-0.010500345,0.13333772,0.016667215,TRUE
5534,1000_radii_1,-1,L,0,15,121.0181104,0,-176.0284119,694.569397,324.6295471,-0.017999999,-1.61999993,-0.629999973,-0.01049464,0.133265275,0.016658159,TRUE
5535,1000_radii_1,-1,L,0,15,121.0347785,0,-176.1056061,694.6781006,324.6190453,-0.017999999,-1.61999993,-0.629999973,-0.010500916,0.133344965,0.016668121,TRUE
5536,1000_radii_1,-1,L,0,15,121.0515284,0,-176.183197,694.7873535,324.6084938,-0.017999999,-1.61999993,-0.629999973,-0.010552832,0.134004216,0.016750527,TRUE
5537,1000_radii_1,-1,L,0,15,121.0681132,0,-176.2600403,694.8955078,324.5980453,-0.017999999,-1.61999993,-0.629999973,-0.010448429,0.132678469,0.016584809,TRUE
5538,1000_radii_1,-1,L,0,15,121.0847642,0,-176.337204,695.0040894,324.5875511,-0.017999999,-1.61999993,-0.629999973,-0.010490076,0.133207319,0.016650915,TRUE
5539,1000_radii_1,-1,L,0,15,121.1015494,0,-176.4150085,695.1135254,324.5769806,-0.017999999,-1.61999993,-0.629999973,-0.010574891,0.134284337,0.016785542,TRUE
5540,1000_radii_1,-1,L,0,15,121.1181176,0,-176.4918365,695.2215576,324.5665398,-0.017999999,-1.61999993,-0.629999973,-0.01043778,0.132543238,0.016567905,TRUE
5541,1000_radii_1,-1,L,0,15,121.1348627,0,-176.5695038,695.3306885,324.5559883,-0.017999999,-1.61999993,-0.629999973,-0.010549599,0.133963163,0.016745395,TRUE
5542,1000_radii_1,-1,L,0,15,121.1515024,0,-176.646698,695.4391479,324.5455093,-0.017999999,-1.61999993,-0.629999973,-0.01048285,0.133115555,0.016639444,TRUE
5543,1000_radii_1,-1,L,0,15,121.168131,0,-176.7238617,695.5474854,324.5350342,-0.017999999,-1.61999993,-0.629999973,-0.010476384,0.133033451,0.016629181,TRUE
5544,1000_radii_1,-1,L,0,15,121.1847865,0,-176.8011627,695.6560059,324.5245399,-0.017999999,-1.61999993,-0.629999973,-0.010492358,0.133236297,0.016654537,TRUE
5545,1000_radii_1,-1,L,0,15,121.2014977,0,-176.8787384,695.7648926,324.5140152,-0.017999999,-1.61999993,-0.629999973,-0.010526588,0.133670968,0.016708871,TRUE
5546,1000_radii_1,-1,L,0,15,121.2181191,0,-176.9559326,695.8731689,324.5035362,-0.017999999,-1.61999993,-0.629999973,-0.01047258,0.132985154,0.016623144,TRUE
5547,1000_radii_1,-1,L,0,15,121.2347884,0,-177.0333557,695.9817505,324.4930382,-0.017999999,-1.61999993,-0.629999973,-0.010501296,0.133349794,0.016668724,TRUE
5548,1000_radii_1,-1,L,0,15,121.2514611,0,-177.1108246,696.090332,324.4825325,-0.017999999,-1.61999993,-0.629999973,-0.010504719,0.133393262,0.016674158,TRUE
5549,1000_radii_1,-1,L,0,15,121.2681699,0,-177.1884766,696.1991577,324.4720078,-0.017999999,-1.61999993,-0.629999973,-0.010526398,0.133668553,0.016708569,TRUE
5550,1000_radii_1,-1,L,0,15,121.284791,0,-177.2657471,696.307373,324.4615326,-0.017999999,-1.61999993,-0.629999973,-0.010471059,0.132965835,0.016620729,TRUE
5551,1000_radii_1,-1,L,0,15,121.3015031,0,-177.3434601,696.4161377,324.4510078,-0.017999999,-1.61999993,-0.629999973,-0.01052887,0.133699946,0.016712493,TRUE
5552,1000_radii_1,-1,L,0,15,121.3180997,0,-177.4206543,696.5241699,324.4405518,-0.017999999,-1.61999993,-0.629999973,-0.010456416,0.132779893,0.016597487,TRUE
5553,1000_radii_1,-1,L,0,15,121.3347748,0,-177.49823,696.6326904,324.4300461,-0.017999999,-1.61999993,-0.629999973,-0.010504719,0.133393262,0.016674158,TRUE
5554,1000_radii_1,-1,L,0,15,121.351516,0,-177.5761108,696.7415771,324.4195061,-0.017999999,-1.61999993,-0.629999973,-0.010542562,0.133873814,0.016734227,TRUE
5555,1000_radii_1,-1,L,0,15,121.3681907,0,-177.6537476,696.8500977,324.4089928,-0.017999999,-1.61999993,-0.629999973,-0.010508522,0.133441558,0.016680195,TRUE
5556,1000_radii_1,-1,L,0,15,121.3848172,0,-177.7311707,696.958252,324.3985176,-0.017999999,-1.61999993,-0.629999973,-0.010475433,0.133021376,0.016627672,TRUE
5557,1000_radii_1,-1,L,0,15,121.4015122,0,-177.8089294,697.0668335,324.3880081,-0.017999999,-1.61999993,-0.629999973,-0.010518601,0.133569545,0.016696193,TRUE
5558,1000_radii_1,-1,L,0,15,121.4181042,0,-177.8862152,697.1747437,324.3775482,-0.017999999,-1.61999993,-0.629999973,-0.010452423,0.132729181,0.016591148,TRUE
5559,1000_radii_1,-1,L,0,15,121.4347579,0,-177.9638214,697.28302,324.3670578,-0.017999999,-1.61999993,-0.629999973,-0.010492358,0.133236297,0.016654537,TRUE
5560,1000_radii_1,-1,L,0,15,121.4514305,0,-178.0415344,697.3914185,324.3565559,-0.017999999,-1.61999993,-0.629999973,-0.010503768,0.133381187,0.016672648,TRUE
5561,1000_radii_1,-1,L,0,15,121.4681149,0,-178.1193085,697.4998779,324.3460426,-0.017999999,-1.61999993,-0.629999973,-0.010510804,0.133470536,0.016683817,TRUE
5562,1000_radii_1,-1,L,0,15,121.4847646,0,-178.1969452,697.6080933,324.3355522,-0.017999999,-1.61999993,-0.629999973,-0.010489505,0.133200074,0.016650009,TRUE
5563,1000_radii_1,-1,L,0,15,121.5015158,0,-178.2750702,697.71698,324.3250008,-0.017999999,-1.61999993,-0.629999973,-0.010553212,0.134009045,0.016751131,TRUE
5564,1000_radii_1,-1,L,0,15,121.5181045,0,-178.3524628,697.8247681,324.3145447,-0.017999999,-1.61999993,-0.629999973,-0.010450901,0.132709862,0.016588733,TRUE
5565,1000_radii_1,-1,L,0,15,121.5348348,0,-178.430542,697.9334717,324.3040085,-0.017999999,-1.61999993,-0.629999973,-0.01054028,0.133844836,0.016730605,TRUE
5566,1000_radii_1,-1,L,0,15,121.5515171,0,-178.5084076,698.0418701,324.293499,-0.017999999,-1.61999993,-0.629999973,-0.010509473,0.133453633,0.016681704,TRUE
5567,1000_radii_1,-1,L,0,15,121.568101,0,-178.5858459,698.1495972,324.2830505,-0.017999999,-1.61999993,-0.629999973,-0.010447859,0.132671225,0.016583903,TRUE
5568,1000_radii_1,-1,L,0,15,121.5847712,0,-178.6636963,698.2578735,324.2725449,-0.017999999,-1.61999993,-0.629999973,-0.010502437,0.133364284,0.016670535,TRUE
5569,1000_radii_1,-1,L,0,15,121.6014415,0,-178.7415619,698.3661499,324.2620468,-0.017999999,-1.61999993,-0.629999973,-0.010502057,0.133359454,0.016669932,TRUE
5570,1000_radii_1,-1,L,0,15,121.6181633,0,-178.8196869,698.4747314,324.2515106,-0.017999999,-1.61999993,-0.629999973,-0.010534385,0.133769976,0.016721247,TRUE
5571,1000_radii_1,-1,L,0,15,121.6348601,0,-178.8977203,698.5831299,324.2409897,-0.017999999,-1.61999993,-0.629999973,-0.010519172,0.133576789,0.016697099,TRUE
5572,1000_radii_1,-1,L,0,15,121.651547,0,-178.9757233,698.6914673,324.2304802,-0.017999999,-1.61999993,-0.629999973,-0.010512135,0.13348744,0.01668593,TRUE
5573,1000_radii_1,-1,L,0,15,121.6681704,0,-179.0534515,698.7993774,324.220005,-0.017999999,-1.61999993,-0.629999973,-0.01047163,0.13297308,0.016621635,TRUE
5574,1000_radii_1,-1,L,0,15,121.6847664,0,-179.1310883,698.9071045,324.2095528,-0.017999999,-1.61999993,-0.629999973,-0.010456606,0.132782307,0.016597788,TRUE
5575,1000_radii_1,-1,L,0,15,121.7014526,0,-179.2091522,699.0153809,324.1990433,-0.017999999,-1.61999993,-0.629999973,-0.010510994,0.133472951,0.016684119,TRUE
5576,1000_radii_1,-1,L,0,15,121.7181675,0,-179.287384,699.1238403,324.1885071,-0.017999999,-1.61999993,-0.629999973,-0.010531913,0.133738583,0.016717323,TRUE
5577,1000_radii_1,-1,L,0,15,121.7347777,0,-179.3651276,699.2315674,324.1780472,-0.017999999,-1.61999993,-0.629999973,-0.010463642,0.132871656,0.016608957,TRUE
5578,1000_radii_1,-1,L,0,15,121.751428,0,-179.4431,699.3395996,324.1675568,-0.017999999,-1.61999993,-0.629999973,-0.010490646,0.133214564,0.01665182,TRUE
5579,1000_radii_1,-1,L,0,15,121.7680958,0,-179.5211639,699.4476929,324.1570511,-0.017999999,-1.61999993,-0.629999973,-0.010501106,0.13334738,0.016668422,TRUE
5580,1000_radii_1,-1,L,0,15,121.7848264,0,-179.5995331,699.5562134,324.1465149,-0.017999999,-1.61999993,-0.629999973,-0.01053971,0.133837592,0.016729699,TRUE
5581,1000_radii_1,-1,L,0,15,121.8014188,0,-179.6772766,699.6638184,324.1360626,-0.017999999,-1.61999993,-0.629999973,-0.010452803,0.132734011,0.016591751,TRUE
5582,1000_radii_1,-1,L,0,15,121.8181313,0,-179.7556,699.7721558,324.1255341,-0.017999999,-1.61999993,-0.629999973,-0.01052887,0.133699946,0.016712493,TRUE
5583,1000_radii_1,-1,L,0,15,121.8347807,0,-179.8336487,699.8800659,324.1150398,-0.017999999,-1.61999993,-0.629999973,-0.010488555,0.133188,0.0166485,TRUE
5584,1000_radii_1,-1,L,0,15,121.8514271,0,-179.9117126,699.9879761,324.104557,-0.017999999,-1.61999993,-0.629999973,-0.010488174,0.133183171,0.016647896,TRUE
5585,1000_radii_1,-1,L,0,15,121.8681516,0,-179.9901581,700.0963745,324.0940208,-0.017999999,-1.61999993,-0.629999973,-0.010537048,0.133803784,0.016725473,TRUE
5586,1000_radii_1,-1,L,0,15,121.8848345,0,-180.0684204,700.2044678,324.0835114,-0.017999999,-1.61999993,-0.629999973,-0.010508712,0.133443973,0.016680497,TRUE
5587,1000_radii_1,-1,L,0,15,121.9014707,0,-180.1464996,700.3122559,324.0730247,-0.017999999,-1.61999993,-0.629999973,-0.010482089,0.133105896,0.016638237,TRUE
5588,1000_radii_1,-1,L,0,15,121.918169,0,-180.2248688,700.4204102,324.0625076,-0.017999999,-1.61999993,-0.629999973,-0.010518601,0.133569545,0.016696193,TRUE
5589,1000_radii_1,-1,L,0,15,121.9347927,0,-180.3029022,700.5280762,324.0520363,-0.017999999,-1.61999993,-0.629999973,-0.010471249,0.13296825,0.016621031,TRUE
5590,1000_radii_1,-1,L,0,15,121.9514666,0,-180.3812103,700.6360474,324.0415344,-0.017999999,-1.61999993,-0.629999973,-0.01050567,0.133405336,0.016675667,TRUE
5591,1000_radii_1,-1,L,0,15,121.9681054,0,-180.4593811,700.7438354,324.0310478,-0.017999999,-1.61999993,-0.629999973,-0.0104838,0.133127629,0.016640954,TRUE
5592,1000_radii_1,-1,L,0,15,121.9847642,0,-180.5376587,700.8516846,324.0205536,-0.017999999,-1.61999993,-0.629999973,-0.01049483,0.13326769,0.016658461,TRUE
5593,1000_radii_1,-1,L,0,15,122.0014604,0,-180.6161346,700.9597778,324.0100365,-0.017999999,-1.61999993,-0.629999973,-0.010518982,0.133574374,0.016696797,TRUE
5594,1000_radii_1,-1,L,0,15,122.0180844,0,-180.6942902,701.0673828,323.9995613,-0.017999999,-1.61999993,-0.629999973,-0.010473531,0.132997228,0.016624654,TRUE
5595,1000_radii_1,-1,L,0,15,122.0347489,0,-180.772644,701.1752319,323.9890671,-0.017999999,-1.61999993,-0.629999973,-0.010498063,0.133308742,0.016663593,TRUE
5596,1000_radii_1,-1,L,0,15,122.0514361,0,-180.8511353,701.2832031,323.97855,-0.017999999,-1.61999993,-0.629999973,-0.010513467,0.133504344,0.016688043,TRUE
5597,1000_radii_1,-1,L,0,15,122.0680812,0,-180.9294434,701.3909302,323.9680595,-0.017999999,-1.61999993,-0.629999973,-0.010486463,0.133161437,0.01664518,TRUE
5598,1000_radii_1,-1,L,0,15,122.084753,0,-181.0079041,701.4987793,323.9575577,-0.017999999,-1.61999993,-0.629999973,-0.010503388,0.133376358,0.016672045,TRUE
5599,1000_radii_1,-1,L,0,15,122.101464,0,-181.0865631,701.6068726,323.9470291,-0.017999999,-1.61999993,-0.629999973,-0.010527349,0.133680627,0.016710078,TRUE
5600,1000_radii_1,-1,L,0,15,122.1181327,0,-181.1650543,701.7146606,323.9365311,-0.017999999,-1.61999993,-0.629999973,-0.010502057,0.133359454,0.016669932,TRUE
5601,1000_radii_1,-1,L,0,15,122.1347733,0,-181.2434235,701.8222656,323.9260483,-0.017999999,-1.61999993,-0.629999973,-0.01048361,0.133125215,0.016640652,TRUE
5602,1000_radii_1,-1,L,0,15,122.1514164,0,-181.3218231,701.9298706,323.9155655,-0.017999999,-1.61999993,-0.629999973,-0.010484371,0.133134874,0.016641859,TRUE
5603,1000_radii_1,-1,L,0,15,122.1681485,0,-181.4006653,702.0380249,323.9050217,-0.017999999,-1.61999993,-0.629999973,-0.010541802,0.133864155,0.016733019,TRUE
5604,1000_radii_1,-1,L,0,15,122.1848233,0,-181.4792328,702.145813,323.8945198,-0.017999999,-1.61999993,-0.629999973,-0.010501866,0.133357039,0.01666963,TRUE
5605,1000_radii_1,-1,L,0,15,122.201482,0,-181.5577545,702.253479,323.8840218,-0.017999999,-1.61999993,-0.629999973,-0.010492928,0.133243542,0.016655443,TRUE
5606,1000_radii_1,-1,L,0,15,122.218161,0,-181.6364288,702.3612671,323.8735123,-0.017999999,-1.61999993,-0.629999973,-0.010510424,0.133465707,0.016683213,TRUE
5607,1000_radii_1,-1,L,0,15,122.2347292,0,-181.7145691,702.4683228,323.8630791,-0.017999999,-1.61999993,-0.629999973,-0.01043835,0.132550483,0.01656881,TRUE
5608,1000_radii_1,-1,L,0,15,122.2514275,0,-181.7933655,702.5762329,323.8525581,-0.017999999,-1.61999993,-0.629999973,-0.010521644,0.133608182,0.016701023,TRUE
5609,1000_radii_1,-1,L,0,15,122.2681093,0,-181.8720703,702.68396,323.8420486,-0.017999999,-1.61999993,-0.629999973,-0.010508332,0.133439144,0.016679893,TRUE
5610,1000_radii_1,-1,L,0,15,122.2847463,0,-181.9506073,702.7914429,323.8315659,-0.017999999,-1.61999993,-0.629999973,-0.010482089,0.133105896,0.016638237,TRUE
5611,1000_radii_1,-1,L,0,15,122.3014558,0,-182.0294952,702.899353,323.8210411,-0.017999999,-1.61999993,-0.629999973,-0.010527159,0.133678213,0.016709777,TRUE
5612,1000_radii_1,-1,L,0,15,122.3180816,0,-182.108017,703.0067139,323.8105621,-0.017999999,-1.61999993,-0.629999973,-0.010474292,0.133006887,0.016625861,TRUE
5613,1000_radii_1,-1,L,0,15,122.3348113,0,-182.1870422,703.1147461,323.8000259,-0.017999999,-1.61999993,-0.629999973,-0.010540661,0.133849666,0.016731208,TRUE
5614,1000_radii_1,-1,L,0,15,122.3515075,0,-182.2659149,703.2225342,323.7895012,-0.017999999,-1.61999993,-0.629999973,-0.01051765,0.133557471,0.016694684,TRUE
5615,1000_radii_1,-1,L,0,15,122.3681551,0,-182.3445892,703.3300171,323.7790184,-0.017999999,-1.61999993,-0.629999973,-0.010487604,0.133175926,0.016646991,TRUE
5616,1000_radii_1,-1,L,0,15,122.3847327,0,-182.4229584,703.4370117,323.7685738,-0.017999999,-1.61999993,-0.629999973,-0.010444816,0.132632587,0.016579073,TRUE
5617,1000_radii_1,-1,L,0,15,122.4013999,0,-182.50177,703.5445557,323.7580719,-0.017999999,-1.61999993,-0.629999973,-0.010499965,0.133332891,0.016666611,TRUE
5618,1000_radii_1,-1,L,0,15,122.4180997,0,-182.5807495,703.6522827,323.7475548,-0.017999999,-1.61999993,-0.629999973,-0.010521073,0.133600938,0.016700117,TRUE
5619,1000_radii_1,-1,L,0,15,122.4347349,0,-182.6594391,703.7595825,323.737072,-0.017999999,-1.61999993,-0.629999973,-0.010479617,0.133074503,0.016634313,TRUE
5620,1000_radii_1,-1,L,0,15,122.4514106,0,-182.7383575,703.8671875,323.7265663,-0.017999999,-1.61999993,-0.629999973,-0.010507001,0.13342224,0.01667778,TRUE
5621,1000_radii_1,-1,L,0,15,122.468092,0,-182.8173065,703.9747925,323.716053,-0.017999999,-1.61999993,-0.629999973,-0.010508332,0.133439144,0.016679893,TRUE
5622,1000_radii_1,-1,L,0,15,122.4847477,0,-182.8961487,704.0822144,323.7055664,-0.017999999,-1.61999993,-0.629999973,-0.010492548,0.133238712,0.016654839,TRUE
5623,1000_radii_1,-1,L,0,15,122.5014687,0,-182.9753418,704.1900635,323.6950302,-0.017999999,-1.61999993,-0.629999973,-0.010535716,0.13378688,0.01672336,TRUE
5624,1000_radii_1,-1,L,0,15,122.5180846,0,-183.0540009,704.2971191,323.6845627,-0.017999999,-1.61999993,-0.629999973,-0.010461741,0.132847508,0.016605939,TRUE
5625,1000_radii_1,-1,L,0,15,122.5347304,0,-183.1329041,704.40448,323.6740761,-0.017999999,-1.61999993,-0.629999973,-0.010492738,0.133241127,0.016655141,TRUE
5626,1000_radii_1,-1,L,0,15,122.5514145,0,-183.2119751,704.5120239,323.663559,-0.017999999,-1.61999993,-0.629999973,-0.010510994,0.133472951,0.016684119,TRUE
5627,1000_radii_1,-1,L,0,15,122.5680844,0,-183.2909851,704.6194458,323.6530609,-0.017999999,-1.61999993,-0.629999973,-0.010501866,0.133357039,0.01666963,TRUE
5628,1000_radii_1,-1,L,0,15,122.5847824,0,-183.370163,704.7270508,323.6425438,-0.017999999,-1.61999993,-0.629999973,-0.010519742,0.133584034,0.016698004,TRUE
5629,1000_radii_1,-1,L,0,15,122.6014979,0,-183.4494324,704.8347168,323.6320076,-0.017999999,-1.61999993,-0.629999973,-0.010530392,0.133719265,0.016714908,TRUE
5630,1000_radii_1,-1,L,0,15,122.6180978,0,-183.528183,704.9416504,323.6215553,-0.017999999,-1.61999993,-0.629999973,-0.010457937,0.132799211,0.016599901,TRUE
5631,1000_radii_1,-1,L,0,15,122.6347104,0,-183.6070099,705.048645,323.6110878,-0.017999999,-1.61999993,-0.629999973,-0.010465164,0.132890975,0.016611372,TRUE
5632,1000_radii_1,-1,L,0,15,122.6514353,0,-183.6864014,705.1563721,323.6005478,-0.017999999,-1.61999993,-0.629999973,-0.010537808,0.133813443,0.01672668,TRUE
5633,1000_radii_1,-1,L,0,15,122.6681191,0,-183.765564,705.2637329,323.5900459,-0.017999999,-1.61999993,-0.629999973,-0.01050586,0.133407751,0.016675969,TRUE
5634,1000_radii_1,-1,L,0,15,122.6847573,0,-183.8445892,705.3709106,323.5795593,-0.017999999,-1.61999993,-0.629999973,-0.010485132,0.133144533,0.016643067,TRUE
5635,1000_radii_1,-1,L,0,15,122.7014946,0,-183.9241028,705.4786987,323.5690155,-0.017999999,-1.61999993,-0.629999973,-0.010546176,0.133919696,0.016739962,TRUE
5636,1000_radii_1,-1,L,0,15,122.7180576,0,-184.0027771,705.5853271,323.5585785,-0.017999999,-1.61999993,-0.629999973,-0.010433596,0.132490112,0.016561264,TRUE
5637,1000_radii_1,-1,L,0,15,122.7347819,0,-184.0822601,705.6929932,323.5480423,-0.017999999,-1.61999993,-0.629999973,-0.010537048,0.133803784,0.016725473,TRUE
5638,1000_radii_1,-1,L,0,15,122.7514162,0,-184.1613312,705.8000488,323.5375595,-0.017999999,-1.61999993,-0.629999973,-0.010479426,0.133072088,0.016634011,TRUE
5639,1000_radii_1,-1,L,0,15,122.7681272,0,-184.2407837,705.9075928,323.5270386,-0.017999999,-1.61999993,-0.629999973,-0.010527729,0.133685457,0.016710682,TRUE
5640,1000_radii_1,-1,L,0,15,122.7847775,0,-184.3199768,706.0147095,323.5165443,-0.017999999,-1.61999993,-0.629999973,-0.010490456,0.133212149,0.016651519,TRUE
5641,1000_radii_1,-1,L,0,15,122.8014007,0,-184.3990479,706.1216431,323.5060692,-0.017999999,-1.61999993,-0.629999973,-0.010472961,0.132989984,0.016623748,TRUE
5642,1000_radii_1,-1,L,0,15,122.8180827,0,-184.4784088,706.2289429,323.4955635,-0.017999999,-1.61999993,-0.629999973,-0.010508522,0.133441558,0.016680195,TRUE
5643,1000_radii_1,-1,L,0,15,122.83481,0,-184.5580292,706.3364868,323.4850273,-0.017999999,-1.61999993,-0.629999973,-0.010539139,0.133830347,0.016728793,TRUE
5644,1000_radii_1,-1,L,0,15,122.8514479,0,-184.6372223,706.4434814,323.4745407,-0.017999999,-1.61999993,-0.629999973,-0.010481709,0.133101066,0.016637633,TRUE
5645,1000_radii_1,-1,L,0,15,122.8680855,0,-184.7164307,706.550415,323.4640617,-0.017999999,-1.61999993,-0.629999973,-0.010480758,0.133088992,0.016636124,TRUE
5646,1000_radii_1,-1,L,0,15,122.8847606,0,-184.7958527,706.6575928,323.4535561,-0.017999999,-1.61999993,-0.629999973,-0.01050567,0.133405336,0.016675667,TRUE
5647,1000_radii_1,-1,L,0,15,122.9014169,0,-184.8752136,706.7646484,323.4430618,-0.017999999,-1.61999993,-0.629999973,-0.01049483,0.13326769,0.016658461,TRUE
5648,1000_radii_1,-1,L,0,15,122.9180603,0,-184.9545135,706.871582,323.432579,-0.017999999,-1.61999993,-0.629999973,-0.010484371,0.133134874,0.016641859,TRUE
5649,1000_radii_1,-1,L,0,15,122.9348217,0,-185.0343781,706.979248,323.4220161,-0.017999999,-1.61999993,-0.629999973,-0.010557396,0.134062172,0.016757771,TRUE
5650,1000_radii_1,-1,L,0,15,122.9514913,0,-185.1138458,707.0863647,323.4115181,-0.017999999,-1.61999993,-0.629999973,-0.010502247,0.133361869,0.016670234,TRUE
5651,1000_radii_1,-1,L,0,15,122.968074,0,-185.1929321,707.1928711,323.4010696,-0.017999999,-1.61999993,-0.629999973,-0.010448239,0.132676055,0.016584507,TRUE
5652,1000_radii_1,-1,L,0,15,122.9847343,0,-185.2723846,707.2998657,323.3905754,-0.017999999,-1.61999993,-0.629999973,-0.010495401,0.133274934,0.016659367,TRUE
5653,1000_radii_1,-1,L,0,15,123.0014278,0,-185.3520355,707.4070435,323.3800545,-0.017999999,-1.61999993,-0.629999973,-0.01051727,0.133552641,0.01669408,TRUE
5654,1000_radii_1,-1,L,0,15,123.0180573,0,-185.4313965,707.513855,323.3695793,-0.017999999,-1.61999993,-0.629999973,-0.010477715,0.133050355,0.016631294,TRUE
5655,1000_radii_1,-1,L,0,15,123.0347347,0,-185.5110016,707.6209106,323.3590736,-0.017999999,-1.61999993,-0.629999973,-0.01050624,0.13341258,0.016676573,TRUE
5656,1000_radii_1,-1,L,0,15,123.051417,0,-185.5906525,707.7280273,323.3485641,-0.017999999,-1.61999993,-0.629999973,-0.010510234,0.133463292,0.016682911,TRUE
5657,1000_radii_1,-1,L,0,15,123.0680411,0,-185.6700439,707.8347168,323.338089,-0.017999999,-1.61999993,-0.629999973,-0.010472771,0.132987569,0.016623446,TRUE
5658,1000_radii_1,-1,L,0,15,123.0847584,0,-185.7499084,707.9420166,323.3275566,-0.017999999,-1.61999993,-0.629999973,-0.010532484,0.133745828,0.016718228,TRUE
5659,1000_radii_1,-1,L,0,15,123.1014462,0,-185.8296356,708.0490723,323.3170395,-0.017999999,-1.61999993,-0.629999973,-0.010513276,0.133501929,0.016687741,TRUE
5660,1000_radii_1,-1,L,0,15,123.1181016,0,-185.9092407,708.1559448,323.3065491,-0.017999999,-1.61999993,-0.629999973,-0.010492928,0.133243542,0.016655443,TRUE
5661,1000_radii_1,-1,L,0,15,123.1346909,0,-185.9885406,708.2623901,323.2961006,-0.017999999,-1.61999993,-0.629999973,-0.010451662,0.132719522,0.01658994,TRUE
5662,1000_radii_1,-1,L,0,15,123.1513832,0,-186.0683289,708.3694458,323.2855835,-0.017999999,-1.61999993,-0.629999973,-0.010513086,0.133499514,0.016687439,TRUE
5663,1000_radii_1,-1,L,0,15,123.1680613,0,-186.1481018,708.4764404,323.2750778,-0.017999999,-1.61999993,-0.629999973,-0.010509093,0.133448803,0.0166811,TRUE
5664,1000_radii_1,-1,L,0,15,123.1847044,0,-186.2277222,708.5831909,323.2645874,-0.017999999,-1.61999993,-0.629999973,-0.010485512,0.133149363,0.01664367,TRUE
5665,1000_radii_1,-1,L,0,15,123.201444,0,-186.3078308,708.6904907,323.2540474,-0.017999999,-1.61999993,-0.629999973,-0.010546366,0.133922111,0.016740264,TRUE
5666,1000_radii_1,-1,L,0,15,123.2180623,0,-186.3873596,708.7969971,323.2435799,-0.017999999,-1.61999993,-0.629999973,-0.010468207,0.132929613,0.016616202,TRUE
5667,1000_radii_1,-1,L,0,15,123.2347739,0,-186.4673615,708.9041138,323.2330513,-0.017999999,-1.61999993,-0.629999973,-0.0105283,0.133692702,0.016711588,TRUE
5668,1000_radii_1,-1,L,0,15,123.251385,0,-186.5469055,709.0105591,323.2225838,-0.017999999,-1.61999993,-0.629999973,-0.010465164,0.132890975,0.016611372,TRUE
5669,1000_radii_1,-1,L,0,15,123.2680398,0,-186.6266785,709.1173096,323.2120895,-0.017999999,-1.61999993,-0.629999973,-0.010493499,0.133250786,0.016656348,TRUE
5670,1000_radii_1,-1,L,0,15,123.2847267,0,-186.7066193,709.2242432,323.20158,-0.017999999,-1.61999993,-0.629999973,-0.010512896,0.1334971,0.016687137,TRUE
5671,1000_radii_1,-1,L,0,15,123.3014564,0,-186.7867889,709.3314209,323.19104,-0.017999999,-1.61999993,-0.629999973,-0.01053952,0.133835177,0.016729397,TRUE
5672,1000_radii_1,-1,L,0,15,123.3181589,0,-186.8668518,709.4384155,323.1805153,-0.017999999,-1.61999993,-0.629999973,-0.010522595,0.133620256,0.016702532,TRUE
5673,1000_radii_1,-1,L,0,15,123.3347515,0,-186.9464111,709.5446777,323.170063,-0.017999999,-1.61999993,-0.629999973,-0.010453564,0.13274367,0.016592959,TRUE
5674,1000_radii_1,-1,L,0,15,123.3513982,0,-187.0262299,709.6512451,323.1595764,-0.017999999,-1.61999993,-0.629999973,-0.010485512,0.133149363,0.01664367,TRUE
5675,1000_radii_1,-1,L,0,15,123.3680537,0,-187.1061249,709.7578735,323.1490784,-0.017999999,-1.61999993,-0.629999973,-0.010493879,0.133255616,0.016656952,TRUE
5676,1000_radii_1,-1,L,0,15,123.3847133,0,-187.1860504,709.864502,323.138588,-0.017999999,-1.61999993,-0.629999973,-0.010495781,0.133279764,0.016659971,TRUE
5677,1000_radii_1,-1,L,0,15,123.4013791,0,-187.266037,709.9711914,323.1280823,-0.017999999,-1.61999993,-0.629999973,-0.010500155,0.133335305,0.016666913,TRUE
5678,1000_radii_1,-1,L,0,15,123.4181066,0,-187.3463287,710.0782471,323.1175499,-0.017999999,-1.61999993,-0.629999973,-0.010537998,0.133815858,0.016726982,TRUE
5679,1000_radii_1,-1,L,0,15,123.4346857,0,-187.4259338,710.1843262,323.1071053,-0.017999999,-1.61999993,-0.629999973,-0.010445576,0.132642247,0.016580281,TRUE
5680,1000_radii_1,-1,L,0,15,123.4513861,0,-187.506134,710.2911987,323.0965805,-0.017999999,-1.61999993,-0.629999973,-0.010521454,0.133605767,0.016700721,TRUE
5681,1000_radii_1,-1,L,0,15,123.4680416,0,-187.5861206,710.3977051,323.0860901,-0.017999999,-1.61999993,-0.629999973,-0.010490646,0.133214564,0.01665182,TRUE
5682,1000_radii_1,-1,L,0,15,123.4846741,0,-187.6660461,710.5040894,323.0756111,-0.017999999,-1.61999993,-0.629999973,-0.010479617,0.133074503,0.016634313,TRUE
5683,1000_radii_1,-1,L,0,15,123.501485,0,-187.7463684,710.6109619,323.0650826,-0.017999999,-1.61999993,-0.629999973,-0.010529251,0.133704776,0.016713097,TRUE
5684,1000_radii_1,-1,L,0,15,123.5180188,0,-187.8263245,710.7173462,323.0546036,-0.017999999,-1.61999993,-0.629999973,-0.010478666,0.133062429,0.016632804,TRUE
5685,1000_radii_1,-1,L,0,15,123.5346667,0,-187.9063721,710.8237915,323.044117,-0.017999999,-1.61999993,-0.629999973,-0.010488555,0.133188,0.0166485,TRUE
5686,1000_radii_1,-1,L,0,15,123.5513743,0,-187.9867249,710.930603,323.0335884,-0.017999999,-1.61999993,-0.629999973,-0.010525637,0.133658894,0.016707362,TRUE
5687,1000_radii_1,-1,L,0,15,123.5680935,0,-188.0671539,711.0374756,323.023056,-0.017999999,-1.61999993,-0.629999973,-0.010533244,0.133755487,0.016719436,TRUE
5688,1000_radii_1,-1,L,0,15,123.5847878,0,-188.1474762,711.144165,323.0125389,-0.017999999,-1.61999993,-0.629999973,-0.01051689,0.133547811,0.016693476,TRUE
5689,1000_radii_1,-1,L,0,15,123.601385,0,-188.227356,711.2502441,323.002079,-0.017999999,-1.61999993,-0.629999973,-0.010456226,0.132777478,0.016597185,TRUE
5690,1000_radii_1,-1,L,0,15,123.617988,0,-188.3072968,711.3563232,322.9916191,-0.017999999,-1.61999993,-0.629999973,-0.01046041,0.132830604,0.016603826,TRUE
5691,1000_radii_1,-1,L,0,15,123.6347355,0,-188.3879395,711.4633179,322.9810677,-0.017999999,-1.61999993,-0.629999973,-0.01055055,0.133975238,0.016746905,TRUE
5692,1000_radii_1,-1,L,0,15,123.6513803,0,-188.4681091,711.5696411,322.9705849,-0.017999999,-1.61999993,-0.629999973,-0.010486463,0.133161437,0.01664518,TRUE
5693,1000_radii_1,-1,L,0,15,123.6681807,0,-188.5490265,711.6769409,322.9600029,-0.017999999,-1.61999993,-0.629999973,-0.010581737,0.134371271,0.016796409,TRUE
5694,1000_radii_1,-1,L,0,15,123.6847769,0,-188.6289368,711.7828369,322.9495583,-0.017999999,-1.61999993,-0.629999973,-0.010445957,0.132647076,0.016580885,TRUE
5695,1000_radii_1,-1,L,0,15,123.7013995,0,-188.709137,711.8890381,322.9390755,-0.017999999,-1.61999993,-0.629999973,-0.010481518,0.133098651,0.016637331,TRUE
5696,1000_radii_1,-1,L,0,15,123.7180244,0,-188.7893066,711.9951782,322.9285965,-0.017999999,-1.61999993,-0.629999973,-0.010475623,0.133023791,0.016627974,TRUE
5697,1000_radii_1,-1,L,0,15,123.7347415,0,-188.8699188,712.1018677,322.9180641,-0.017999999,-1.61999993,-0.629999973,-0.010531533,0.133733754,0.016716719,TRUE
5698,1000_radii_1,-1,L,0,15,123.7513845,0,-188.9502106,712.2080688,322.9075851,-0.017999999,-1.61999993,-0.629999973,-0.010485702,0.133151778,0.016643972,TRUE
5699,1000_radii_1,-1,L,0,15,123.7680246,0,-189.0304871,712.31427,322.8970985,-0.017999999,-1.61999993,-0.629999973,-0.01048304,0.13311797,0.016639746,TRUE
5700,1000_radii_1,-1,L,0,15,123.7846939,0,-189.1109314,712.4206543,322.8866005,-0.017999999,-1.61999993,-0.629999973,-0.010501676,0.133354624,0.016669328,TRUE
5701,1000_radii_1,-1,L,0,15,123.8013503,0,-189.19133,712.5269165,322.8761063,-0.017999999,-1.61999993,-0.629999973,-0.010493309,0.133248371,0.016656046,TRUE
5702,1000_radii_1,-1,L,0,15,123.8180513,0,-189.2719727,712.6334229,322.8655815,-0.017999999,-1.61999993,-0.629999973,-0.010521834,0.133610597,0.016701325,TRUE
5703,1000_radii_1,-1,L,0,15,123.8347303,0,-189.3525238,712.7398071,322.855072,-0.017999999,-1.61999993,-0.629999973,-0.010508332,0.133439144,0.016679893,TRUE
5704,1000_radii_1,-1,L,0,15,123.8514207,0,-189.4331512,712.8462524,322.8445587,-0.017999999,-1.61999993,-0.629999973,-0.010515559,0.133530907,0.016691363,TRUE
5705,1000_radii_1,-1,L,0,15,123.8680107,0,-189.5132904,712.9520264,322.8341064,-0.017999999,-1.61999993,-0.629999973,-0.01044957,0.132692958,0.01658662,TRUE
5706,1000_radii_1,-1,L,0,15,123.8846755,0,-189.5938416,713.0582886,322.8236122,-0.017999999,-1.61999993,-0.629999973,-0.010499775,0.133330476,0.016666309,TRUE
5707,1000_radii_1,-1,L,0,15,123.901528,0,-189.6753082,713.1657104,322.8129959,-0.017999999,-1.61999993,-0.629999973,-0.010616538,0.134813187,0.016851648,TRUE
5708,1000_radii_1,-1,L,0,15,123.9180331,0,-189.755127,713.2709351,322.8025932,-0.017999999,-1.61999993,-0.629999973,-0.010399366,0.132055441,0.01650693,TRUE
5709,1000_radii_1,-1,L,0,15,123.9346593,0,-189.8355408,713.3768921,322.7921219,-0.017999999,-1.61999993,-0.629999973,-0.010474292,0.133006887,0.016625861,TRUE
5710,1000_radii_1,-1,L,0,15,123.9514726,0,-189.9168243,713.4839478,322.7815361,-0.017999999,-1.61999993,-0.629999973,-0.010585541,0.134419568,0.016802446,TRUE
5711,1000_radii_1,-1,L,0,15,123.9680384,0,-189.9970245,713.5895386,322.7710953,-0.017999999,-1.61999993,-0.629999973,-0.010441583,0.132591535,0.016573942,TRUE
5712,1000_radii_1,-1,L,0,15,123.984776,0,-190.0780334,713.696167,322.7605515,-0.017999999,-1.61999993,-0.629999973,-0.010543894,0.133890718,0.01673634,TRUE
5713,1000_radii_1,-1,L,0,15,124.001416,0,-190.1585999,713.8021851,322.7500648,-0.017999999,-1.61999993,-0.629999973,-0.010484751,0.133139704,0.016642463,TRUE
5714,1000_radii_1,-1,L,0,15,124.0180364,0,-190.23909,713.90802,322.7395935,-0.017999999,-1.61999993,-0.629999973,-0.010471249,0.13296825,0.016621031,TRUE
5715,1000_radii_1,-1,L,0,15,124.0346813,0,-190.3197174,714.0140381,322.7291069,-0.017999999,-1.61999993,-0.629999973,-0.010487033,0.133168682,0.016646085,TRUE
5716,1000_radii_1,-1,L,0,15,124.0514617,0,-190.4010162,714.1208496,322.7185364,-0.017999999,-1.61999993,-0.629999973,-0.010571468,0.13424087,0.016780109,TRUE
5717,1000_radii_1,-1,L,0,15,124.0682705,0,-190.4824371,714.2277832,322.7079506,-0.017999999,-1.61999993,-0.629999973,-0.010585541,0.134419568,0.016802446,TRUE
5718,1000_radii_1,-1,L,0,15,124.0847617,0,-190.5623932,714.3327637,322.6975594,-0.017999999,-1.61999993,-0.629999973,-0.010391569,0.131956433,0.016494554,TRUE
5719,1000_radii_1,-1,L,0,15,124.1013861,0,-190.6429596,714.4385376,322.687088,-0.017999999,-1.61999993,-0.629999973,-0.010468777,0.132936857,0.016617107,TRUE
5720,1000_radii_1,-1,L,0,15,124.1180074,0,-190.7236176,714.5443726,322.6766129,-0.017999999,-1.61999993,-0.629999973,-0.010478095,0.133055184,0.016631898,TRUE
5721,1000_radii_1,-1,L,0,15,124.1347199,0,-190.8046875,714.6506958,322.6654968,-0.018999999,-1.709999945,-0.664999979,-0.01111441,0.133707191,0.016713399,TRUE
5722,1000_radii_1,-1,L,0,15,124.1513609,0,-190.8853607,714.7564697,322.654438,-0.018999999,-1.709999945,-0.664999979,-0.011058004,0.133028621,0.016628578,TRUE
5723,1000_radii_1,-1,L,0,15,124.1680118,0,-190.966217,714.8624268,322.6433601,-0.018999999,-1.709999945,-0.664999979,-0.011080084,0.133294253,0.016661782,TRUE
5724,1000_radii_1,-1,L,0,15,124.1847267,0,-191.047348,714.968689,322.6322441,-0.018999999,-1.709999945,-0.664999979,-0.01111441,0.133707191,0.016713399,TRUE
5725,1000_radii_1,-1,L,0,15,124.2013945,0,-191.1282349,715.074585,322.6211662,-0.018999999,-1.709999945,-0.664999979,-0.011078679,0.133277349,0.016659669,TRUE
5726,1000_radii_1,-1,L,0,15,124.2180361,0,-191.2090759,715.1804199,322.610096,-0.018999999,-1.709999945,-0.664999979,-0.011069245,0.133163852,0.016645481,TRUE
5727,1000_radii_1,-1,L,0,15,124.234674,0,-191.289917,715.2861938,322.5990295,-0.018999999,-1.709999945,-0.664999979,-0.011067238,0.133139704,0.016642463,TRUE
5728,1000_radii_1,-1,L,0,15,124.2513433,0,-191.3709106,715.3920898,322.5879402,-0.018999999,-1.709999945,-0.664999979,-0.011083497,0.133335305,0.016666913,TRUE
5729,1000_radii_1,-1,L,0,15,124.2679982,0,-191.4518738,715.4979248,322.5768661,-0.018999999,-1.709999945,-0.664999979,-0.011076873,0.133255616,0.016656952,TRUE
5730,1000_radii_1,-1,L,0,15,124.2847285,0,-191.5332184,715.604248,322.5657425,-0.018999999,-1.709999945,-0.664999979,-0.011126253,0.133849666,0.016731208,TRUE
5731,1000_radii_1,-1,L,0,15,124.3015113,0,-191.6143494,715.7102051,322.5546494,-0.018999999,-1.709999945,-0.664999979,-0.011094537,0.133468122,0.016683515,TRUE
5732,1000_radii_1,-1,L,0,15,124.3179868,0,-191.6949768,715.8154907,322.5436249,-0.018999999,-1.709999945,-0.664999979,-0.011022875,0.132606024,0.016575753,TRUE
5733,1000_radii_1,-1,L,0,15,124.3346682,0,-191.7761383,715.9214478,322.5325279,-0.018999999,-1.709999945,-0.664999979,-0.011093534,0.133456047,0.016682006,TRUE
5734,1000_radii_1,-1,L,0,15,124.3513614,0,-191.8572845,716.0273438,322.5214424,-0.018999999,-1.709999945,-0.664999979,-0.011087712,0.133386017,0.016673252,TRUE
5735,1000_radii_1,-1,L,0,15,124.3680911,0,-191.938797,716.133667,322.5103073,-0.018999999,-1.709999945,-0.664999979,-0.01113629,0.133970408,0.016746301,TRUE
5736,1000_radii_1,-1,L,0,15,124.3847438,0,-192.0198975,716.2393799,322.4992294,-0.018999999,-1.709999945,-0.664999979,-0.01107607,0.133245956,0.016655745,TRUE
5737,1000_radii_1,-1,L,0,15,124.4013549,0,-192.1006927,716.3446655,322.4881935,-0.018999999,-1.709999945,-0.664999979,-0.011032511,0.132721936,0.016590242,TRUE
5738,1000_radii_1,-1,L,0,15,124.4179986,0,-192.1818695,716.4504395,322.4771156,-0.018999999,-1.709999945,-0.664999979,-0.011082293,0.133320816,0.016665102,TRUE
5739,1000_radii_1,-1,L,0,15,124.4346724,0,-192.2631226,716.5562134,322.4660301,-0.018999999,-1.709999945,-0.664999979,-0.011088315,0.133393262,0.016674158,TRUE
5740,1000_radii_1,-1,L,0,15,124.4513403,0,-192.3443146,716.6618652,322.4549522,-0.018999999,-1.709999945,-0.664999979,-0.011077073,0.133258031,0.016657254,TRUE
5741,1000_radii_1,-1,L,0,15,124.468044,0,-192.4257965,716.7678833,322.4438362,-0.018999999,-1.709999945,-0.664999979,-0.01111441,0.133707191,0.016713399,TRUE
5742,1000_radii_1,-1,L,0,15,124.484659,0,-192.5068054,716.87323,322.4327888,-0.018999999,-1.709999945,-0.664999979,-0.011047766,0.132905464,0.016613183,TRUE
5743,1000_radii_1,-1,L,0,15,124.5013322,0,-192.5880737,716.9788818,322.4217072,-0.018999999,-1.709999945,-0.664999979,-0.011081088,0.133306327,0.016663291,TRUE
5744,1000_radii_1,-1,L,0,15,124.51802,0,-192.6695404,717.0847778,322.4105988,-0.018999999,-1.709999945,-0.664999979,-0.011104775,0.133591278,0.01669891,TRUE
5745,1000_radii_1,-1,L,0,15,124.5347608,0,-192.751236,717.190918,322.3994713,-0.018999999,-1.709999945,-0.664999979,-0.011132275,0.133922111,0.016740264,TRUE
5746,1000_radii_1,-1,L,0,15,124.5513831,0,-192.8323364,717.2962036,322.3884239,-0.018999999,-1.709999945,-0.664999979,-0.011048971,0.132919953,0.016614994,TRUE
5747,1000_radii_1,-1,L,0,15,124.5680708,0,-192.9138489,717.4020386,322.3773155,-0.018999999,-1.709999945,-0.664999979,-0.011103169,0.13357196,0.016696495,TRUE
5748,1000_radii_1,-1,L,0,15,124.5847257,0,-192.9951782,717.5075684,322.3662453,-0.018999999,-1.709999945,-0.664999979,-0.011074865,0.133231467,0.016653933,TRUE
5749,1000_radii_1,-1,L,0,15,124.601293,0,-193.0761108,717.6125488,322.3552284,-0.018999999,-1.709999945,-0.664999979,-0.011017255,0.132538409,0.016567301,TRUE
5750,1000_radii_1,-1,L,0,15,124.6180064,0,-193.1577759,717.7184448,322.3441124,-0.018999999,-1.709999945,-0.664999979,-0.01111441,0.133707191,0.016713399,TRUE
5751,1000_radii_1,-1,L,0,15,124.6346878,0,-193.2393036,717.8240967,322.3330193,-0.018999999,-1.709999945,-0.664999979,-0.011093132,0.133451218,0.016681402,TRUE
5752,1000_radii_1,-1,L,0,15,124.6513831,0,-193.3208618,717.9297485,322.3219261,-0.018999999,-1.709999945,-0.664999979,-0.011094939,0.133472951,0.016684119,TRUE
5753,1000_radii_1,-1,L,0,15,124.6680053,0,-193.4021912,718.0350342,322.3108635,-0.018999999,-1.709999945,-0.664999979,-0.011060212,0.133055184,0.016631898,TRUE
5754,1000_radii_1,-1,L,0,15,124.6846752,0,-193.4837341,718.140564,322.2997742,-0.018999999,-1.709999945,-0.664999979,-0.011086307,0.133369113,0.016671139,TRUE
5755,1000_radii_1,-1,L,0,15,124.7015462,0,-193.5657196,718.2466431,322.2886314,-0.018999999,-1.709999945,-0.664999979,-0.011144118,0.134064587,0.016758073,TRUE
5756,1000_radii_1,-1,L,0,15,124.7180066,0,-193.6468201,718.3515625,322.2776108,-0.018999999,-1.709999945,-0.664999979,-0.011021671,0.132591535,0.016573942,TRUE
5757,1000_radii_1,-1,L,0,15,124.7346588,0,-193.7283325,718.4569092,322.2665329,-0.018999999,-1.709999945,-0.664999979,-0.011073661,0.133216978,0.016652122,TRUE
5758,1000_radii_1,-1,L,0,15,124.751342,0,-193.8099976,718.562439,322.2554436,-0.018999999,-1.709999945,-0.664999979,-0.011092128,0.133439144,0.016679893,TRUE
5759,1000_radii_1,-1,L,0,15,124.7679965,0,-193.891571,718.6677856,322.2443657,-0.018999999,-1.709999945,-0.664999979,-0.011076873,0.133255616,0.016656952,TRUE
5760,1000_radii_1,-1,L,0,15,124.7847685,0,-193.9737244,718.7738647,322.2332153,-0.018999999,-1.709999945,-0.664999979,-0.011153553,0.134178084,0.016772261,TRUE
5761,1000_radii_1,-1,L,0,15,124.8014622,0,-194.055481,718.8793945,322.2221184,-0.018999999,-1.709999945,-0.664999979,-0.011095942,0.133485025,0.016685628,TRUE
5762,1000_radii_1,-1,L,0,15,124.8179909,0,-194.1365204,718.9839478,322.2111244,-0.018999999,-1.709999945,-0.664999979,-0.010997182,0.132296925,0.016537116,TRUE
5763,1000_radii_1,-1,L,0,15,124.8346527,0,-194.2182007,719.0892944,322.2000427,-0.018999999,-1.709999945,-0.664999979,-0.011080285,0.133296668,0.016662084,TRUE
5764,1000_radii_1,-1,L,0,15,124.8513018,0,-194.2998352,719.194519,322.1889725,-0.018999999,-1.709999945,-0.664999979,-0.011071453,0.133190415,0.016648802,TRUE
5765,1000_radii_1,-1,L,0,15,124.8680481,0,-194.3819733,719.300354,322.1772423,-0.02,-1.79999996,-0.699999984,-0.01172389,0.133987312,0.016748414,TRUE
5766,1000_radii_1,-1,L,0,15,124.8847455,0,-194.4638672,719.4058228,322.1655617,-0.02,-1.79999996,-0.699999984,-0.011685645,0.133550226,0.016693778,TRUE
5767,1000_radii_1,-1,L,0,15,124.9013415,0,-194.5453033,719.5106812,322.1539459,-0.02,-1.79999996,-0.699999984,-0.01161655,0.132760574,0.016595072,TRUE
5768,1000_radii_1,-1,L,0,15,124.9179809,0,-194.6269836,719.6157837,322.1422958,-0.02,-1.79999996,-0.699999984,-0.011649301,0.133134874,0.016641859,TRUE
5769,1000_radii_1,-1,L,0,15,124.9346922,0,-194.7090302,719.7213135,322.1305962,-0.02,-1.79999996,-0.699999984,-0.011698111,0.133692702,0.016711588,TRUE
5770,1000_radii_1,-1,L,0,15,124.9513869,0,-194.7908936,719.8265991,322.118927,-0.02,-1.79999996,-0.699999984,-0.011669797,0.133369113,0.016671139,TRUE
5771,1000_radii_1,-1,L,0,15,124.9680369,0,-194.8727875,719.9318848,322.1072578,-0.02,-1.79999996,-0.699999984,-0.011670008,0.133371528,0.016671441,TRUE
5772,1000_radii_1,-1,L,0,15,124.9846969,0,-194.9546356,720.0370483,322.0955963,-0.02,-1.79999996,-0.699999984,-0.011659866,0.133255616,0.016656952,TRUE
5773,1000_radii_1,-1,L,0,15,125.0013206,0,-195.0363464,720.1419678,322.0839615,-0.02,-1.79999996,-0.699999984,-0.011638102,0.133006887,0.016625861,TRUE
5774,1000_radii_1,-1,L,0,15,125.0180515,0,-195.1186066,720.2475586,322.0722466,-0.02,-1.79999996,-0.699999984,-0.011713113,0.133864155,0.016733019,TRUE
5775,1000_radii_1,-1,L,0,15,125.0346713,0,-195.2003326,720.352417,322.0606117,-0.02,-1.79999996,-0.699999984,-0.011634299,0.13296342,0.016620428,TRUE
5776,1000_radii_1,-1,L,0,15,125.0513558,0,-195.2823486,720.4576416,322.0489388,-0.02,-1.79999996,-0.699999984,-0.01167191,0.133393262,0.016674158,TRUE
5777,1000_radii_1,-1,L,0,15,125.067972,0,-195.364151,720.562561,322.0373001,-0.02,-1.79999996,-0.699999984,-0.011639159,0.133018962,0.01662737,TRUE
5778,1000_radii_1,-1,L,0,15,125.0846449,0,-195.4461975,720.6677246,322.025631,-0.02,-1.79999996,-0.699999984,-0.011671488,0.133388432,0.016673554,TRUE
5779,1000_radii_1,-1,L,0,15,125.1013052,0,-195.5281982,720.7727661,322.0139694,-0.02,-1.79999996,-0.699999984,-0.011661557,0.133274934,0.016659367,TRUE
5780,1000_radii_1,-1,L,0,15,125.1179733,0,-195.6102753,720.8778687,322.0023003,-0.02,-1.79999996,-0.699999984,-0.011667684,0.133344965,0.016668121,TRUE
5781,1000_radii_1,-1,L,0,15,125.1346508,0,-195.6924133,720.9830322,321.9906235,-0.02,-1.79999996,-0.699999984,-0.011674446,0.13342224,0.01667778,TRUE
5782,1000_radii_1,1000,L,0,16,125.1513059,0,-195.7744598,721.0880127,321.9789696,-0.02,-1.79999996,-0.699999984,-0.011658176,0.133236297,0.016654537,FALSE
5783,1000_radii_1,1000,L,0,16,125.1679463,0,-195.8564606,721.1928711,321.9673157,-0.02,-1.79999996,-0.699999984,-0.011648879,0.133130044,0.016641256,FALSE
5784,1000_radii_1,1000,L,0,16,125.1846585,0,-195.9388275,721.2981567,321.955616,-0.02,-1.79999996,-0.699999984,-0.011698322,0.133695116,0.01671189,FALSE
5785,1000_radii_1,1000,L,0,16,125.2013049,0,-196.0209045,721.4030151,321.9439697,-0.02,-1.79999996,-0.699999984,-0.011652682,0.133173511,0.016646689,FALSE
5786,1000_radii_1,1000,L,0,16,125.2187201,0,-196.1067657,721.5126953,321.931778,-0.02,-1.79999996,-0.699999984,-0.012188323,0.139295127,0.017411891,FALSE
5787,1000_radii_1,1000,L,0,16,125.2346076,0,-196.1851501,721.612793,321.9206581,-0.02,-1.79999996,-0.699999984,-0.011122957,0.127119511,0.015889939,FALSE
5788,1000_radii_1,1000,L,0,16,125.2512603,0,-196.2673187,721.7176514,321.9090004,-0.02,-1.79999996,-0.699999984,-0.011656908,0.133221808,0.016652726,FALSE
5789,1000_radii_1,1000,L,0,16,125.2680012,0,-196.3499298,721.8230591,321.8972816,-0.02,-1.79999996,-0.699999984,-0.011717973,0.133919696,0.016739962,FALSE
5790,1000_radii_1,1000,L,0,16,125.2846455,0,-196.4320984,721.9278564,321.8856316,-0.02,-1.79999996,-0.699999984,-0.011651837,0.133163852,0.016645481,FALSE
5791,1000_radii_1,1000,L,0,16,125.3012662,0,-196.5141754,722.0324707,321.8739967,-0.02,-1.79999996,-0.699999984,-0.011634299,0.13296342,0.016620428,FALSE
5792,1000_radii_1,1000,L,0,16,125.3179343,0,-196.5965118,722.1373901,321.8623276,-0.02,-1.79999996,-0.699999984,-0.011668107,0.133349794,0.016668724,FALSE
5793,1000_radii_1,1000,L,0,16,125.3346631,0,-196.6791534,722.2426758,321.8506165,-0.02,-1.79999996,-0.699999984,-0.011709944,0.133827932,0.016728492,FALSE
5794,1000_radii_1,1000,L,0,16,125.3512715,0,-196.7612152,722.347168,321.8389931,-0.02,-1.79999996,-0.699999984,-0.011624791,0.132854753,0.016606844,FALSE
5795,1000_radii_1,1000,L,0,16,125.3679444,0,-196.8436432,722.4520264,321.8273201,-0.02,-1.79999996,-0.699999984,-0.011672333,0.133398091,0.016674761,FALSE
5796,1000_radii_1,1000,L,0,16,125.3846104,0,-196.9260406,722.5568237,321.8156548,-0.02,-1.79999996,-0.699999984,-0.011666628,0.133332891,0.016666611,FALSE
5797,1000_radii_1,1000,L,0,16,125.4012656,0,-197.0084076,722.6615601,321.803997,-0.02,-1.79999996,-0.699999984,-0.011658598,0.133241127,0.016655141,FALSE
5798,1000_radii_1,1000,L,0,16,125.4179328,0,-197.0908508,722.7663574,321.7923279,-0.02,-1.79999996,-0.699999984,-0.011666416,0.133330476,0.016666309,FALSE
5799,1000_radii_1,1000,L,0,16,125.4346269,0,-197.1734619,722.8712769,321.7806396,-0.02,-1.79999996,-0.699999984,-0.011686067,0.133555056,0.016694382,FALSE
5800,1000_radii_1,1000,L,0,16,125.4512503,0,-197.2557373,722.975769,321.769001,-0.02,-1.79999996,-0.699999984,-0.011636835,0.132992398,0.01662405,FALSE
5801,1000_radii_1,1000,L,0,16,125.4679371,0,-197.3383484,723.0806274,321.7573242,-0.02,-1.79999996,-0.699999984,-0.011680362,0.133489855,0.016686232,FALSE
5802,1000_radii_1,1000,L,0,16,125.484604,0,-197.4208832,723.1853638,321.7456589,-0.02,-1.79999996,-0.699999984,-0.01166705,0.13333772,0.016667215,FALSE
5803,1000_radii_1,1000,L,0,16,125.5012471,0,-197.5033264,723.289917,321.7340088,-0.02,-1.79999996,-0.699999984,-0.011650358,0.133146948,0.016643369,FALSE
5804,1000_radii_1,1000,L,0,16,125.5179512,0,-197.5860901,723.3948364,321.7223129,-0.02,-1.79999996,-0.699999984,-0.011693463,0.133639575,0.016704947,FALSE
5805,1000_radii_1,1000,L,0,16,125.5346419,0,-197.668808,723.4996338,321.7106323,-0.02,-1.79999996,-0.699999984,-0.01168332,0.133523663,0.016690458,FALSE
5806,1000_radii_1,1000,L,0,16,125.5512747,0,-197.7512512,723.6040649,321.6989899,-0.02,-1.79999996,-0.699999984,-0.011642328,0.133055184,0.016631898,FALSE
5807,1000_radii_1,1000,L,0,16,125.5679015,0,-197.8336945,723.7084351,321.6873512,-0.02,-1.79999996,-0.699999984,-0.011639159,0.133018962,0.01662737,FALSE
5808,1000_radii_1,1000,L,0,16,125.5845968,0,-197.9164886,723.8132324,321.675663,-0.02,-1.79999996,-0.699999984,-0.011685856,0.133552641,0.01669408,FALSE
5809,1000_radii_1,1000,L,0,16,125.6012441,0,-197.9990845,723.9177246,321.6640091,-0.02,-1.79999996,-0.699999984,-0.011654372,0.13319283,0.016649104,FALSE
5810,1000_radii_1,1000,L,0,16,125.6179403,0,-198.0819244,724.0224609,321.6523209,-0.02,-1.79999996,-0.699999984,-0.011686701,0.1335623,0.016695288,FALSE
5811,1000_radii_1,1000,L,0,16,125.6346552,0,-198.1648865,724.1273193,321.6406212,-0.02,-1.79999996,-0.699999984,-0.011700858,0.133724094,0.016715512,FALSE
5812,1000_radii_1,1000,L,0,16,125.6512427,0,-198.2472382,724.2313843,321.6290092,-0.02,-1.79999996,-0.699999984,-0.011610211,0.132688129,0.016586016,FALSE
5813,1000_radii_1,1000,L,0,16,125.6679651,0,-198.3302917,724.3363037,321.6173058,-0.02,-1.79999996,-0.699999984,-0.011706986,0.133794125,0.016724266,FALSE
5814,1000_radii_1,1000,L,0,16,125.6846417,0,-198.4131317,724.4408569,321.6056328,-0.02,-1.79999996,-0.699999984,-0.011673178,0.133407751,0.016675969,FALSE
5815,1000_radii_1,1000,L,0,16,125.7012443,0,-198.4956207,724.5449829,321.5940056,-0.02,-1.79999996,-0.699999984,-0.011621832,0.132820945,0.016602618,FALSE
5816,1000_radii_1,1000,L,0,16,125.7180118,0,-198.5789185,724.6500854,321.5822754,-0.02,-1.79999996,-0.699999984,-0.011733398,0.13409598,0.016761997,FALSE
5817,1000_radii_1,1000,L,0,16,125.7346123,0,-198.6614532,724.7541504,321.5706558,-0.02,-1.79999996,-0.699999984,-0.011622466,0.132828189,0.016603524,FALSE
5818,1000_radii_1,1000,L,0,16,125.7513115,0,-198.7444916,724.8588257,321.55896,-0.02,-1.79999996,-0.699999984,-0.011690504,0.133605767,0.016700721,FALSE
5819,1000_radii_1,1000,L,0,16,125.7679733,0,-198.8273621,724.9632568,321.5472984,-0.02,-1.79999996,-0.699999984,-0.011663247,0.133294253,0.016661782,FALSE
5820,1000_radii_1,1000,L,0,16,125.7846846,0,-198.9104919,725.0679321,321.5356026,-0.02,-1.79999996,-0.699999984,-0.011696843,0.133678213,0.016709777,FALSE
5821,1000_radii_1,1000,L,0,16,125.8012567,0,-198.9929657,725.1717529,321.5240021,-0.02,-1.79999996,-0.699999984,-0.011600703,0.132579461,0.016572433,FALSE
5822,1000_radii_1,1000,L,0,16,125.8179858,0,-199.0762329,725.2765503,321.512291,-0.02,-1.79999996,-0.699999984,-0.011710578,0.133835177,0.016729397,FALSE
5823,1000_radii_1,1000,L,0,16,125.8346207,0,-199.1590576,725.3807373,321.5006485,-0.02,-1.79999996,-0.699999984,-0.011644653,0.133081747,0.016635218,FALSE
5824,1000_radii_1,1000,L,0,16,125.8513118,0,-199.2421875,725.4852295,321.4889603,-0.02,-1.79999996,-0.699999984,-0.011683954,0.133530907,0.016691363,FALSE
5825,1000_radii_1,1000,L,0,16,125.8678975,0,-199.3248138,725.5890503,321.4773521,-0.02,-1.79999996,-0.699999984,-0.01161,0.132685714,0.016585714,FALSE
5826,1000_radii_1,1000,L,0,16,125.8845897,0,-199.4079895,725.6935425,321.4656677,-0.02,-1.79999996,-0.699999984,-0.011685645,0.133550226,0.016693778,FALSE
5827,1000_radii_1,1000,L,0,16,125.901257,0,-199.4910278,725.7977905,321.4540024,-0.02,-1.79999996,-0.699999984,-0.011663247,0.133294253,0.016661782,FALSE
5828,1000_radii_1,1000,L,0,16,125.9179064,0,-199.5740356,725.9019775,321.4423447,-0.02,-1.79999996,-0.699999984,-0.011656485,0.133216978,0.016652122,FALSE
5829,1000_radii_1,1000,L,0,16,125.9345908,0,-199.6572418,726.0063477,321.4306679,-0.02,-1.79999996,-0.699999984,-0.011679939,0.133485025,0.016685628,FALSE
5830,1000_radii_1,1000,L,0,16,125.9513169,0,-199.7406464,726.1109619,321.4189644,-0.02,-1.79999996,-0.699999984,-0.011705718,0.133779636,0.016722454,FALSE
5831,1000_radii_1,1000,L,0,16,125.9679657,0,-199.8237152,726.2150879,321.4073067,-0.02,-1.79999996,-0.699999984,-0.011655851,0.133209734,0.016651217,FALSE
5832,1000_radii_1,1000,L,0,16,125.9845973,0,-199.9067078,726.3190918,321.3956604,-0.02,-1.79999996,-0.699999984,-0.011641272,0.13304311,0.016630389,FALSE
5833,1000_radii_1,1000,L,0,16,126.0013088,0,-199.9901276,726.423584,321.3839684,-0.02,-1.79999996,-0.699999984,-0.011698745,0.133699946,0.016712493,FALSE
5834,1000_radii_1,1000,L,0,16,126.0179567,0,-200.0732574,726.5276489,321.3723106,-0.02,-1.79999996,-0.699999984,-0.011654372,0.13319283,0.016649104,FALSE
5835,1000_radii_1,1000,L,0,16,126.0345844,0,-200.1562958,726.6315918,321.360672,-0.02,-1.79999996,-0.699999984,-0.01163937,0.133021376,0.016627672,FALSE
5836,1000_radii_1,1000,L,0,16,126.0512106,0,-200.2393494,726.7354736,321.3490334,-0.02,-1.79999996,-0.699999984,-0.011638948,0.133016547,0.016627068,FALSE
5837,1000_radii_1,1000,L,0,16,126.0679092,0,-200.3227844,726.8397827,321.3373451,-0.02,-1.79999996,-0.699999984,-0.011688814,0.133586449,0.016698306,FALSE
5838,1000_radii_1,1000,L,0,16,126.0846473,0,-200.4064331,726.9443359,321.3256264,-0.02,-1.79999996,-0.699999984,-0.011716705,0.133905207,0.016738151,FALSE
5839,1000_radii_1,1000,L,0,16,126.1012294,0,-200.4893341,727.0479126,321.3140182,-0.02,-1.79999996,-0.699999984,-0.011608309,0.132666395,0.016583299,FALSE
5840,1000_radii_1,1000,L,0,16,126.1179033,0,-200.5727081,727.1520386,321.3023491,-0.02,-1.79999996,-0.699999984,-0.011670431,0.133376358,0.016672045,FALSE
5841,1000_radii_1,1000,L,0,16,126.1346348,0,-200.6564026,727.2565308,321.290638,-0.02,-1.79999996,-0.699999984,-0.011712691,0.133859325,0.016732416,FALSE
5842,1000_radii_1,1000,L,0,16,126.1512347,0,-200.7394409,727.3601685,321.2790184,-0.02,-1.79999996,-0.699999984,-0.011619297,0.132791967,0.016598996,FALSE
5843,1000_radii_1,1000,L,0,16,126.1681618,0,-200.8241425,727.4658203,321.2671661,-0.02,-1.79999996,-0.699999984,-0.011848978,0.135416896,0.016927112,TRUE
5844,1000_radii_1,1000,L,0,16,126.1848619,0,-200.9072876,727.569458,321.2555389,-0.02,-1.79999996,-0.699999984,-0.011626481,0.132874071,0.016609259,TRUE
5845,1000_radii_1,1000,L,0,16,126.202234,0,-200.9945526,727.6782227,321.2433395,-0.02,-1.79999996,-0.699999984,-0.012201001,0.139440017,0.017430002,TRUE
5846,1000_radii_1,1000,L,0,16,126.2182555,0,-201.0749207,727.7783203,321.2321091,-0.02,-1.79999996,-0.699999984,-0.011232832,0.128375227,0.016046903,TRUE
5847,1000_radii_1,1000,L,0,16,126.2348304,0,-201.1579742,727.8817139,321.2205009,-0.02,-1.79999996,-0.699999984,-0.011606196,0.132642247,0.016580281,TRUE
5848,1000_radii_1,1000,L,0,16,126.2515051,0,-201.2411652,727.9852295,321.2088776,-0.02,-1.79999996,-0.699999984,-0.011621621,0.13281853,0.016602316,TRUE
5849,1000_radii_1,1000,L,0,16,126.2681153,0,-201.3247375,728.0892334,321.1972046,-0.02,-1.79999996,-0.699999984,-0.011673178,0.133407751,0.016675969,TRUE
5850,1000_radii_1,1000,L,0,16,126.2848157,0,-201.4084625,728.1933594,321.1855164,-0.02,-1.79999996,-0.699999984,-0.011690082,0.133600938,0.016700117,TRUE
5851,1000_radii_1,1000,L,0,16,126.3015261,0,-201.4920044,728.2971802,321.1738548,-0.02,-1.79999996,-0.699999984,-0.011661557,0.133274934,0.016659367,TRUE
5852,1000_radii_1,1000,L,0,16,126.3181556,0,-201.5755463,728.401001,321.1621933,-0.02,-1.79999996,-0.699999984,-0.011660077,0.133258031,0.016657254,TRUE
5853,1000_radii_1,1000,L,0,16,126.3348198,0,-201.659317,728.5050659,321.1505051,-0.02,-1.79999996,-0.699999984,-0.011688814,0.133586449,0.016698306,TRUE
5854,1000_radii_1,1000,L,0,16,126.3514333,0,-201.7425842,728.6084595,321.1388931,-0.02,-1.79999996,-0.699999984,-0.011615282,0.132746085,0.016593261,TRUE
5855,1000_radii_1,1000,L,0,16,126.3681002,0,-201.8261719,728.7122192,321.1272354,-0.02,-1.79999996,-0.699999984,-0.011656274,0.133214564,0.01665182,TRUE
5856,1000_radii_1,1000,L,0,16,126.3848057,0,-201.9101715,728.8164063,321.1155281,-0.02,-1.79999996,-0.699999984,-0.011712057,0.133852081,0.01673151,TRUE
5857,1000_radii_1,1000,L,0,16,126.4015019,0,-201.9940186,728.9203491,321.1038361,-0.02,-1.79999996,-0.699999984,-0.011686912,0.133564715,0.016695589,TRUE
5858,1000_radii_1,1000,L,0,16,126.4181737,0,-202.0774384,729.0237427,321.0922127,-0.02,-1.79999996,-0.699999984,-0.011623945,0.132845093,0.016605637,TRUE
5859,1000_radii_1,1000,L,0,16,126.4347983,0,-202.1613464,729.1276855,321.0805206,-0.02,-1.79999996,-0.699999984,-0.011690293,0.133603353,0.016700419,TRUE
5860,1000_radii_1,1000,L,0,16,126.4514975,0,-202.2452698,729.2316284,321.0682449,-0.021,-1.889999975,-0.73499999,-0.012274364,0.133598523,0.016699815,TRUE
5861,1000_radii_1,1000,L,0,16,126.4680866,0,-202.3286591,729.3348389,321.056057,-0.021,-1.889999975,-0.73499999,-0.012191831,0.132700203,0.016587525,TRUE
5862,1000_radii_1,1000,L,0,16,126.484844,0,-202.4129181,729.4390869,321.0437393,-0.021,-1.889999975,-0.73499999,-0.012316962,0.134062172,0.016757771,TRUE
5863,1000_radii_1,1000,L,0,16,126.5015357,0,-202.4965363,729.5424805,321.0309372,-0.022,-1.979999989,-0.769999996,-0.012800983,0.132997228,0.016624654,TRUE
5864,1000_radii_1,1000,L,0,16,126.5181625,0,-202.5805206,729.6463013,321.017498,-0.023,-2.070000004,-0.805000002,-0.013438492,0.133550226,0.016693778,TRUE
5865,1000_radii_1,1000,L,0,16,126.5347874,0,-202.6639862,729.7494507,321.0041466,-0.023,-2.070000004,-0.805000002,-0.013350771,0.132678469,0.016584809,TRUE
5866,1000_radii_1,1000,L,0,16,126.5514863,0,-202.7482452,729.8535156,320.9900894,-0.024,-2.160000019,-0.840000007,-0.014060047,0.133905207,0.016738151,TRUE
5867,1000_radii_1,1000,L,0,16,126.568111,0,-202.8317871,729.956665,320.9761543,-0.024,-2.160000019,-0.840000007,-0.013936057,0.132724351,0.016590544,TRUE
5868,1000_radii_1,1000,L,0,16,126.5848325,0,-202.915741,730.0602417,320.9621468,-0.024,-2.160000019,-0.840000007,-0.014001221,0.133344965,0.016668121,TRUE
5869,1000_radii_1,1000,L,0,16,126.6015344,0,-203.000351,730.1645508,320.9474564,-0.025,-2.250000034,-0.875000013,-0.014692104,0.134327804,0.016790976,TRUE
5870,1000_radii_1,1000,L,0,16,126.6181836,0,-203.0842438,730.2679443,320.9328957,-0.025,-2.250000034,-0.875000013,-0.014565061,0.133166267,0.016645783,TRUE
5871,1000_radii_1,1000,L,0,16,126.6348139,0,-203.1680908,730.3712158,320.9183388,-0.025,-2.250000034,-0.875000013,-0.014552383,0.133050355,0.016631294,TRUE
5872,1000_radii_1,1000,L,0,16,126.6514513,0,-203.251709,730.4741821,320.9038315,-0.025,-2.250000034,-0.875000013,-0.014506161,0.132627758,0.01657847,TRUE
5873,1000_radii_1,1000,L,0,16,126.6681387,0,-203.3361053,730.578064,320.8891945,-0.025,-2.250000034,-0.875000013,-0.014637694,0.133830347,0.016728793,TRUE
5874,1000_radii_1,1000,L,0,16,126.6847513,0,-203.4200439,730.6813354,320.8746452,-0.025,-2.250000034,-0.875000013,-0.014553703,0.133062429,0.016632804,TRUE
5875,1000_radii_1,1000,L,0,16,126.7014173,0,-203.5039368,730.7844849,320.8601036,-0.025,-2.250000034,-0.875000013,-0.014540233,0.132939272,0.016617409,TRUE
5876,1000_radii_1,1000,L,0,16,126.7181548,0,-203.588562,730.8884888,320.8454399,-0.025,-2.250000034,-0.875000013,-0.01466305,0.134062172,0.016757771,TRUE
5877,1000_radii_1,1000,L,0,16,126.7348444,0,-203.6729431,730.9921265,320.8308258,-0.025,-2.250000034,-0.875000013,-0.014615508,0.133627501,0.016703438,TRUE
5878,1000_radii_1,1000,L,0,16,126.7513939,0,-203.7566071,731.0947876,320.8163338,-0.025,-2.250000034,-0.875000013,-0.01448688,0.132451475,0.016556434,TRUE
5879,1000_radii_1,1000,L,0,16,126.7681417,0,-203.8408203,731.1981201,320.8017578,-0.025,-2.250000034,-0.875000013,-0.014579587,0.133299083,0.016662385,TRUE
5880,1000_radii_1,1000,L,0,16,126.7848648,0,-203.925827,731.3023682,320.7870483,-0.025,-2.250000034,-0.875000013,-0.014711913,0.134508917,0.016813615,TRUE
5881,1000_radii_1,1000,L,0,16,126.8014731,0,-204.0097809,731.4052734,320.7725182,-0.025,-2.250000034,-0.875000013,-0.01452465,0.132796796,0.0165996,TRUE
5882,1000_radii_1,1000,L,0,16,126.8181044,0,-204.0936737,731.5080566,320.7580109,-0.025,-2.250000034,-0.875000013,-0.014508802,0.132651906,0.016581488,TRUE
5883,1000_radii_1,1000,L,0,16,126.8348142,0,-204.1784973,731.6118774,320.7433472,-0.025,-2.250000034,-0.875000013,-0.014665956,0.134088735,0.016761092,TRUE
5884,1000_radii_1,1000,L,0,16,126.851504,0,-204.2629852,731.715271,320.7287445,-0.025,-2.250000034,-0.875000013,-0.014603887,0.133521248,0.016690156,TRUE
5885,1000_radii_1,1000,L,0,16,126.8681187,0,-204.3469238,731.8179321,320.714241,-0.025,-2.250000034,-0.875000013,-0.014503784,0.132606024,0.016575753,TRUE
5886,1000_radii_1,1000,L,0,16,126.8847805,0,-204.431427,731.9212036,320.6996384,-0.025,-2.250000034,-0.875000013,-0.014596227,0.133451218,0.016681402,TRUE
5887,1000_radii_1,1000,L,0,16,126.9014704,0,-204.5160065,732.0245361,320.6850395,-0.025,-2.250000034,-0.875000013,-0.014605207,0.133533322,0.016691665,TRUE
5888,1000_radii_1,1000,L,0,16,126.9181732,0,-204.6007996,732.1281128,320.6709824,-0.024,-2.160000019,-0.840000007,-0.014053454,0.133842422,0.016730303,TRUE
5889,1000_radii_1,1000,L,0,16,126.9348093,0,-204.6851044,732.2310181,320.6570206,-0.024,-2.160000019,-0.840000007,-0.01396623,0.133011717,0.016626465,TRUE
5890,1000_radii_1,1000,L,0,16,126.951504,0,-204.7697906,732.3343506,320.6429901,-0.024,-2.160000019,-0.840000007,-0.014027338,0.133593693,0.016699212,TRUE
5891,1000_radii_1,1000,L,0,16,126.9681848,0,-204.8540955,732.4371338,320.629612,-0.023,-2.070000004,-0.805000002,-0.013377743,0.132946516,0.016618315,TRUE
5892,1000_radii_1,1000,L,0,16,126.9847901,0,-204.9386902,732.5402222,320.6173553,-0.021,-1.889999975,-0.73499999,-0.012253509,0.133371528,0.016671441,TRUE
5893,1000_radii_1,1000,L,0,16,127.001512,0,-205.0235596,732.6436157,320.6056557,-0.02,-1.79999996,-0.699999984,-0.011704027,0.133760317,0.01672004,TRUE
5894,1000_radii_1,1000,L,0,16,127.0181101,0,-205.1075439,732.7458496,320.5946579,-0.018999999,-1.709999945,-0.664999979,-0.010999189,0.132321073,0.016540134,TRUE
5895,1000_radii_1,1000,L,0,16,127.0347854,0,-205.1925354,732.8493042,320.5846939,-0.017000001,-1.530000083,-0.595000032,-0.009957584,0.133883474,0.016735434,TRUE
5896,1000_radii_1,1000,L,0,16,127.0515215,0,-205.2775421,732.9527588,320.5747414,-0.017000001,-1.530000083,-0.595000032,-0.009957225,0.133878644,0.016734831,TRUE
5897,1000_radii_1,1000,L,0,16,127.0681962,0,-205.3620911,733.055603,320.5654221,-0.016000001,-1.440000068,-0.560000027,-0.009319611,0.133137289,0.016642161,TRUE
5898,1000_radii_1,1000,L,0,16,127.0847711,0,-205.4464417,733.1581421,320.5561295,-0.016000001,-1.440000068,-0.560000027,-0.009294931,0.132784722,0.01659809,TRUE
5899,1000_radii_1,1000,L,0,16,127.1015246,0,-205.5315857,733.2616577,320.5467453,-0.016000001,-1.440000068,-0.560000027,-0.009381986,0.134028364,0.016753546,TRUE
5900,1000_radii_1,1000,L,0,16,127.1180856,0,-205.6154785,733.3635864,320.5375023,-0.016000001,-1.440000068,-0.560000027,-0.009242191,0.132031293,0.016503912,TRUE
5901,1000_radii_1,1000,L,0,16,127.1347413,0,-205.7003479,733.4666748,320.5281563,-0.016000001,-1.440000068,-0.560000027,-0.009346995,0.133528493,0.016691062,TRUE
5902,1000_radii_1,1000,L,0,16,127.1514689,0,-205.7854767,733.5700684,320.5187836,-0.016000001,-1.440000068,-0.560000027,-0.00937421,0.133917282,0.01673966,TRUE
5903,1000_radii_1,1000,L,0,16,127.1680495,0,-205.8699188,733.6725464,320.5094872,-0.016000001,-1.440000068,-0.560000027,-0.009296621,0.132808871,0.016601109,TRUE
5904,1000_radii_1,1000,L,0,16,127.1847182,0,-205.9545593,733.7752686,320.500164,-0.016000001,-1.440000068,-0.560000027,-0.009316061,0.133086577,0.016635822,TRUE
5905,1000_radii_1,1000,L,0,16,127.2014464,0,-206.039856,733.8787231,320.4907799,-0.016000001,-1.440000068,-0.560000027,-0.009386212,0.134088735,0.016761092,TRUE
5906,1000_radii_1,1000,L,0,16,127.2181179,0,-206.1247101,733.9816284,320.4820328,-0.015,-1.34999997,-0.524999988,-0.008752189,0.133366698,0.016670837,TRUE
5907,1000_radii_1,1000,L,0,16,127.2348258,0,-206.2097168,734.0846558,320.4732628,-0.015,-1.34999997,-0.524999988,-0.008767086,0.133593693,0.016699212,TRUE
5908,1000_radii_1,1000,L,0,16,127.2515244,0,-206.294632,734.187561,320.4650879,-0.014,-1.260000039,-0.490000015,-0.008171669,0.133414995,0.016676874,TRUE
5909,1000_radii_1,1000,L,0,16,127.2681165,0,-206.3792877,734.2901001,320.4575272,-0.013,-1.170000024,-0.455000009,-0.007563393,0.132982739,0.016622842,TRUE
5910,1000_radii_1,1000,L,0,16,127.284823,0,-206.4640808,734.3928223,320.4505386,-0.012,-1.080000009,-0.420000004,-0.00699199,0.133180756,0.016647594,TRUE
5911,1000_radii_1,1000,L,0,16,127.3014509,0,-206.5490265,734.4956665,320.4441185,-0.011,-0.989999995,-0.384999998,-0.006419899,0.133400506,0.016675063,TRUE
5912,1000_radii_1,1000,L,0,16,127.3181169,0,-206.6339874,734.5985107,320.438282,-0.01,-0.89999998,-0.349999992,-0.005837117,0.133419825,0.016677478,TRUE
5913,1000_radii_1,1000,L,0,16,127.3348171,0,-206.7187958,734.7011719,320.4330368,-0.009,-0.809999965,-0.314999986,-0.005242756,0.133149363,0.01664367,TRUE
5914,1000_radii_1,1000,L,0,16,127.351512,0,-206.8040924,734.8043823,320.4289322,-0.007,-0.630000019,-0.245000008,-0.004101291,0.133919696,0.016739962,TRUE
5915,1000_radii_1,1000,L,0,16,127.3680978,0,-206.8886719,734.9067383,320.4260292,-0.005,-0.44999999,-0.174999996,-0.002904454,0.132775063,0.016596883,TRUE
5916,1000_radii_1,1000,L,0,16,127.384813,0,-206.9734802,735.0093384,320.4237022,-0.004,-0.360000017,-0.140000007,-0.002329818,0.133132459,0.016641557,TRUE
5917,1000_radii_1,1000,L,0,16,127.4014274,0,-207.0585327,735.1122437,320.4225349,-0.002,-0.180000009,-0.070000003,-0.001168121,0.133499514,0.016687439,TRUE
5918,1000_radii_1,1000,L,0,16,127.418087,0,-207.1434479,735.2149658,320.4219475,-0.001,-0.090000004,-0.035000002,-0.000583099,0.133279764,0.016659971,TRUE
5919,1000_radii_1,1000,L,0,16,127.434747,0,-207.2280121,735.3172607,320.4213676,-0.001,-0.090000004,-0.035000002,-0.000580658,0.132721936,0.016590242,TRUE
5920,1000_radii_1,1000,L,0,16,127.4514459,0,-207.3132782,735.4204102,320.4207802,-0.001,-0.090000004,-0.035000002,-0.000585455,0.133818273,0.016727284,TRUE
5921,1000_radii_1,1000,L,0,16,127.4680669,0,-207.3982086,735.5231323,320.4201965,-0.001,-0.090000004,-0.035000002,-0.000583173,0.133296668,0.016662084,TRUE
5922,1000_radii_1,1000,L,0,16,127.4847713,0,-207.4831848,735.6259155,320.4196167,-0.001,-0.090000004,-0.035000002,-0.0005835,0.133371528,0.016671441,TRUE
5923,1000_radii_1,1000,L,0,16,127.501469,0,-207.5682068,735.7287598,320.4190331,-0.001,-0.090000004,-0.035000002,-0.000583775,0.133434314,0.016679289,TRUE
5924,1000_radii_1,1000,L,0,16,127.5180136,0,-207.652771,735.8310547,320.4184532,-0.001,-0.090000004,-0.035000002,-0.000580606,0.132709862,0.016588733,TRUE
5925,1000_radii_1,1000,L,0,16,127.5347116,0,-207.7375641,735.9335938,320.4178696,-0.001,-0.090000004,-0.035000002,-0.000582201,0.133074503,0.016634313,TRUE
5926,1000_radii_1,1000,L,0,16,127.551393,0,-207.8226318,736.036499,320.4172859,-0.001,-0.090000004,-0.035000002,-0.000584103,0.133509174,0.016688647,TRUE
5927,1000_radii_1,1000,L,0,16,127.5680258,0,-207.9077454,736.1394653,320.4167023,-0.001,-0.090000004,-0.035000002,-0.00058443,0.133584034,0.016698004,TRUE
5928,1000_radii_1,1000,L,0,16,127.5847054,0,-207.9927216,736.2422485,320.4161186,-0.001,-0.090000004,-0.035000002,-0.00058349,0.133369113,0.016671139,TRUE
5929,1000_radii_1,1000,L,0,16,127.6014478,0,-208.077713,736.3450317,320.4155312,-0.001,-0.090000004,-0.035000002,-0.000583585,0.133390847,0.016673856,TRUE
5930,1000_radii_1,1000,L,0,16,127.6180142,0,-208.1624146,736.4474487,320.4149551,-0.001,-0.090000004,-0.035000002,-0.000581567,0.132929613,0.016616202,TRUE
5931,1000_radii_1,1000,L,0,16,127.6346787,0,-208.247467,736.550293,320.4143715,-0.001,-0.090000004,-0.035000002,-0.000583934,0.133470536,0.016683817,TRUE
5932,1000_radii_1,1000,L,0,16,127.6513363,0,-208.332428,736.6530151,320.4137878,-0.001,-0.090000004,-0.035000002,-0.00058331,0.133328061,0.016666008,TRUE
5933,1000_radii_1,1000,L,0,16,127.6680246,0,-208.4173431,736.7556763,320.4132042,-0.001,-0.090000004,-0.035000002,-0.000582962,0.133248371,0.016656046,TRUE
5934,1000_radii_1,1000,L,0,16,127.6847045,0,-208.5025024,736.8586426,320.4126205,-0.001,-0.090000004,-0.035000002,-0.000584641,0.133632331,0.016704041,TRUE
5935,1000_radii_1,1000,L,0,16,127.7013536,0,-208.5873871,736.9613037,320.4120331,-0.001,-0.090000004,-0.035000002,-0.000582719,0.13319283,0.016649104,TRUE
5936,1000_radii_1,1000,L,0,16,127.718118,0,-208.6725769,737.0643311,320.4114532,-0.001,-0.090000004,-0.035000002,-0.000584821,0.133673383,0.016709173,TRUE
5937,1000_radii_1,1000,L,0,16,127.7348927,0,-208.7583771,737.1680908,320.410862,-0.001,-0.090000004,-0.035000002,-0.000589036,0.134636903,0.016829613,TRUE
5938,1000_radii_1,1000,L,0,16,127.7514214,0,-208.8426056,737.2699585,320.4102859,-0.001,-0.090000004,-0.035000002,-0.000578229,0.132166524,0.016520815,TRUE
5939,1000_radii_1,1000,L,0,16,127.7680702,0,-208.9273224,737.3723755,320.4097023,-0.001,-0.090000004,-0.035000002,-0.000581557,0.132927198,0.0166159,TRUE
5940,1000_radii_1,1000,L,0,16,127.7847383,0,-209.0124969,737.4753418,320.4091187,-0.001,-0.090000004,-0.035000002,-0.000584684,0.13364199,0.016705249,TRUE
5941,1000_radii_1,1000,L,0,16,127.8013813,0,-209.0970764,737.5776367,320.4085388,-0.001,-0.090000004,-0.035000002,-0.000580595,0.132707447,0.016588431,TRUE
5942,1000_radii_1,1000,L,0,16,127.8179894,0,-209.1820831,737.6804199,320.4079552,-0.001,-0.090000004,-0.035000002,-0.000583574,0.133388432,0.016673554,TRUE
5943,1000_radii_1,1000,L,0,16,127.8347644,0,-209.2674561,737.7836304,320.4073677,-0.001,-0.090000004,-0.035000002,-0.000586089,0.133963163,0.016745395,TRUE
5944,1000_radii_1,1000,L,0,16,127.8513788,0,-209.3523254,737.8862305,320.4067802,-0.001,-0.090000004,-0.035000002,-0.00058255,0.133154193,0.016644274,TRUE
5945,1000_radii_1,1000,L,0,16,127.8680318,0,-209.4372406,737.9888916,320.4062004,-0.001,-0.090000004,-0.035000002,-0.000582898,0.133233882,0.016654235,TRUE
5946,1000_radii_1,1000,L,0,16,127.8847576,0,-209.5222015,738.0916138,320.4056206,-0.001,-0.090000004,-0.035000002,-0.000583194,0.133301498,0.016662687,TRUE
5947,1000_radii_1,1000,L,0,16,127.9014027,0,-209.6072235,738.194397,320.4050369,-0.001,-0.090000004,-0.035000002,-0.000583627,0.133400506,0.016675063,TRUE
5948,1000_radii_1,1000,L,0,16,127.9180048,0,-209.6919861,738.296875,320.4044533,-0.001,-0.090000004,-0.035000002,-0.000581852,0.132994813,0.016624352,TRUE
5949,1000_radii_1,1000,L,0,16,127.9347634,0,-209.7772522,738.3999634,320.4038696,-0.001,-0.090000004,-0.035000002,-0.000585328,0.133789295,0.016723662,TRUE
5950,1000_radii_1,1000,L,0,16,127.9515771,0,-209.8631744,738.5038452,320.4026833,-0.002,-0.180000009,-0.070000003,-0.001179552,0.134805942,0.016850743,TRUE
5951,1000_radii_1,1000,L,0,16,127.9680272,0,-209.9470825,738.6052856,320.401535,-0.002,-0.180000009,-0.070000003,-0.001151956,0.131652163,0.01645652,TRUE
5952,1000_radii_1,1000,L,0,16,127.9847723,0,-210.0324707,738.7084961,320.3997803,-0.003,-0.270000002,-0.105000001,-0.001758298,0.133965578,0.016745697,TRUE
5953,1000_radii_1,1000,L,0,16,128.0014045,0,-210.1172943,738.8110352,320.3974495,-0.004,-0.360000017,-0.140000007,-0.002328677,0.133067258,0.016633407,TRUE
5954,1000_radii_1,1000,L,0,16,128.0180757,0,-210.202301,738.9138184,320.3951149,-0.004,-0.360000017,-0.140000007,-0.002333875,0.133364284,0.016670535,TRUE
5955,1000_radii_1,1000,L,0,16,128.0347598,0,-210.2872467,739.0164795,320.3922005,-0.005,-0.44999999,-0.174999996,-0.002914597,0.133238712,0.016654839,TRUE
5956,1000_radii_1,1000,L,0,16,128.0513693,0,-210.3720703,739.1189575,320.3892899,-0.005,-0.44999999,-0.174999996,-0.002910318,0.13304311,0.016630389,TRUE
5957,1000_radii_1,1000,L,0,16,128.0681039,0,-210.4573059,739.2219238,320.3857803,-0.006,-0.540000005,-0.210000002,-0.003509307,0.133687872,0.016710984,TRUE
5958,1000_radii_1,1000,L,0,16,128.0847479,0,-210.5423584,739.324707,320.3816948,-0.007,-0.630000019,-0.245000008,-0.004085465,0.133402921,0.016675365,TRUE
5959,1000_radii_1,1000,L,0,16,128.1014045,0,-210.6272888,739.4273071,320.3770294,-0.008,-0.720000034,-0.280000013,-0.004661327,0.133180756,0.016647594,TRUE
5960,1000_radii_1,1000,L,0,16,128.1181445,0,-210.7125854,739.5303345,320.371769,-0.009,-0.809999965,-0.314999986,-0.005266432,0.133750658,0.016718832,TRUE
5961,1000_radii_1,1000,L,0,16,128.1346976,0,-210.7971649,739.6324463,320.3665466,-0.009,-0.809999965,-0.314999986,-0.005221077,0.13259878,0.016574847,TRUE
5962,1000_radii_1,1000,L,0,16,128.1513781,0,-210.8823242,739.7352905,320.3607063,-0.01,-0.89999998,-0.349999992,-0.005841026,0.133509174,0.016688647,TRUE
5963,1000_radii_1,1000,L,0,16,128.1680284,0,-210.9672546,739.8378296,320.3548813,-0.01,-0.89999998,-0.349999992,-0.005824545,0.133132459,0.016641557,TRUE
5964,1000_radii_1,1000,L,0,16,128.1847028,0,-211.0524139,739.9406128,320.349041,-0.01,-0.89999998,-0.349999992,-0.005839336,0.133470536,0.016683817,TRUE
5965,1000_radii_1,1000,L,0,16,128.2013589,0,-211.1371918,740.0429077,320.3432274,-0.01,-0.89999998,-0.349999992,-0.005813029,0.132869242,0.016608655,TRUE
5966,1000_radii_1,1000,L,0,16,128.2180705,0,-211.2225952,740.1459351,320.3373756,-0.01,-0.89999998,-0.349999992,-0.005854549,0.133818273,0.016727284,TRUE
5967,1000_radii_1,1000,L,0,16,128.2347884,0,-211.3080902,740.2490234,320.3315163,-0.01,-0.89999998,-0.349999992,-0.005859832,0.133939015,0.016742377,TRUE
5968,1000_radii_1,1000,L,0,16,128.2514046,0,-211.3929901,740.3513794,320.3256912,-0.01,-0.89999998,-0.349999992,-0.005818312,0.132989984,0.016623748,TRUE
5969,1000_radii_1,1000,L,0,16,128.2680902,0,-211.4778595,740.4536743,320.3198814,-0.01,-0.89999998,-0.349999992,-0.005815459,0.132924783,0.016615598,TRUE
5970,1000_radii_1,1000,L,0,16,128.2847122,0,-211.5630798,740.5563965,320.3140373,-0.01,-0.89999998,-0.349999992,-0.005839019,0.133463292,0.016682911,TRUE
5971,1000_radii_1,1000,L,0,16,128.3014823,0,-211.6483612,740.6591797,320.3082008,-0.01,-0.89999998,-0.349999992,-0.005842928,0.133552641,0.01669408,TRUE
5972,1000_radii_1,1000,L,0,16,128.3180496,0,-211.7331543,740.7613525,320.3023911,-0.01,-0.89999998,-0.349999992,-0.005808064,0.132755744,0.016594468,TRUE
5973,1000_radii_1,1000,L,0,16,128.3346897,0,-211.8184357,740.8640747,320.2965508,-0.01,-0.89999998,-0.349999992,-0.005841343,0.133516418,0.016689552,TRUE
5974,1000_radii_1,1000,L,0,16,128.3513865,0,-211.9037476,740.9667969,320.2907028,-0.01,-0.89999998,-0.349999992,-0.005842928,0.133552641,0.01669408,TRUE
5975,1000_radii_1,1000,L,0,16,128.3681113,0,-211.9890289,741.069458,320.2848663,-0.01,-0.89999998,-0.349999992,-0.005839864,0.133482611,0.016685326,TRUE
5976,1000_radii_1,1000,L,0,16,128.3846696,0,-212.073761,741.1714478,320.2790642,-0.01,-0.89999998,-0.349999992,-0.005801513,0.132606024,0.016575753,TRUE
5977,1000_radii_1,1000,L,0,16,128.4013694,0,-212.1593018,741.2744141,320.2732086,-0.01,-0.89999998,-0.349999992,-0.005856451,0.13386174,0.016732718,TRUE
5978,1000_radii_1,1000,L,0,16,128.4179681,0,-212.2441559,741.3765259,320.267395,-0.01,-0.89999998,-0.349999992,-0.005808803,0.132772648,0.016596581,TRUE
5979,1000_radii_1,1000,L,0,16,128.4346561,0,-212.3293457,741.4790039,320.26157,-0.01,-0.89999998,-0.349999992,-0.00583025,0.13326286,0.016657858,TRUE
5980,1000_radii_1,1000,L,0,16,128.4513261,0,-212.4147186,741.5817261,320.255722,-0.01,-0.89999998,-0.349999992,-0.005842928,0.133552641,0.01669408,TRUE
5981,1000_radii_1,1000,L,0,16,128.4680298,0,-212.5001984,741.6845093,320.2498741,-0.01,-0.89999998,-0.349999992,-0.005849056,0.133692702,0.016711588,TRUE
5982,1000_radii_1,1000,L,0,16,128.4847441,0,-212.5854187,741.7869873,320.2440491,-0.01,-0.89999998,-0.349999992,-0.005830778,0.133274934,0.016659367,TRUE
5983,1000_radii_1,1000,L,0,16,128.5013576,0,-212.670517,741.8892822,320.238224,-0.01,-0.89999998,-0.349999992,-0.005822115,0.133076918,0.016634615,TRUE
5984,1000_radii_1,1000,L,0,16,128.5180405,0,-212.7560577,741.9920654,320.2323761,-0.01,-0.89999998,-0.349999992,-0.005850852,0.133733754,0.016716719,TRUE
5985,1000_radii_1,1000,L,0,16,128.5347711,0,-212.8415222,742.0947876,320.2265282,-0.01,-0.89999998,-0.349999992,-0.005845041,0.133600938,0.016700117,TRUE
5986,1000_radii_1,1000,L,0,16,128.5513737,0,-212.9264984,742.1968994,320.2207184,-0.01,-0.89999998,-0.349999992,-0.005811233,0.132828189,0.016603524,TRUE
5987,1000_radii_1,1000,L,0,16,128.5680283,0,-213.0118713,742.2994385,320.2148819,-0.01,-0.89999998,-0.349999992,-0.005837329,0.133424654,0.016678082,TRUE
5988,1000_radii_1,1000,L,0,16,128.5846885,0,-213.097168,742.4018555,320.2090492,-0.01,-0.89999998,-0.349999992,-0.005832152,0.133306327,0.016663291,TRUE
5989,1000_radii_1,1000,L,0,16,128.6012824,0,-213.1820374,742.5037842,320.2032471,-0.01,-0.89999998,-0.349999992,-0.005802147,0.132620513,0.016577564,TRUE
5990,1000_radii_1,1000,L,0,16,128.6179686,0,-213.2675781,742.6064453,320.1973953,-0.01,-0.89999998,-0.349999992,-0.005847048,0.13364682,0.016705852,TRUE
5991,1000_radii_1,1000,L,0,16,128.6346084,0,-213.3527985,742.7087402,320.1915741,-0.01,-0.89999998,-0.349999992,-0.005824228,0.133125215,0.016640652,TRUE
5992,1000_radii_1,1000,L,0,16,128.6513927,0,-213.4386444,742.8117676,320.1857109,-0.01,-0.89999998,-0.349999992,-0.005865959,0.134079076,0.016759884,TRUE
5993,1000_radii_1,1000,L,0,16,128.6680134,0,-213.5237274,742.9138184,320.1798935,-0.01,-0.89999998,-0.349999992,-0.005813874,0.13288856,0.01661107,TRUE
5994,1000_radii_1,1000,L,0,16,128.6846541,0,-213.6091156,743.0162354,320.174057,-0.01,-0.89999998,-0.349999992,-0.005833208,0.133330476,0.016666309,TRUE
5995,1000_radii_1,1000,L,0,16,128.7013503,0,-213.6947021,743.1188965,320.1682167,-0.01,-0.89999998,-0.349999992,-0.005846943,0.133644405,0.016705551,TRUE
5996,1000_radii_1,1000,L,0,16,128.7180432,0,-213.7798157,743.2209473,320.1624031,-0.01,-0.89999998,-0.349999992,-0.00581324,0.132874071,0.016609259,TRUE
5997,1000_radii_1,1000,L,0,16,128.7346618,0,-213.8654022,743.3235474,320.1565552,-0.01,-0.89999998,-0.349999992,-0.005845463,0.133610597,0.016701325,TRUE
5998,1000_radii_1,1000,L,0,16,128.7514757,0,-213.9511108,743.4262695,320.1507034,-0.01,-0.89999998,-0.349999992,-0.005852225,0.133765147,0.016720643,TRUE
5999,1000_radii_1,1000,L,0,16,128.7680578,0,-214.0362549,743.5282593,320.1448898,-0.01,-0.89999998,-0.349999992,-0.00581324,0.132874071,0.016609259,TRUE
6000,1000_radii_1,1000,L,0,16,128.7846846,0,-214.1217804,743.6307373,320.1390572,-0.01,-0.89999998,-0.349999992,-0.005839019,0.133463292,0.016682911,TRUE
6001,1000_radii_1,1000,L,0,16,128.8013768,0,-214.2073669,743.7332764,320.1332054,-0.01,-0.89999998,-0.349999992,-0.005842611,0.133545396,0.016693175,TRUE
6002,1000_radii_1,1000,L,0,16,128.8180794,0,-214.2927704,743.8355103,320.1273804,-0.01,-0.89999998,-0.349999992,-0.00582856,0.133224223,0.016653028,TRUE
6003,1000_radii_1,1000,L,0,16,128.8346726,0,-214.3779907,743.937561,320.121563,-0.01,-0.89999998,-0.349999992,-0.005816093,0.132939272,0.016617409,TRUE
6004,1000_radii_1,1000,L,0,16,128.851325,0,-214.4635315,744.039978,320.1157265,-0.01,-0.89999998,-0.349999992,-0.005837117,0.133419825,0.016677478,TRUE
6005,1000_radii_1,1000,L,0,16,128.8680339,0,-214.5492859,744.1425781,320.1098785,-0.01,-0.89999998,-0.349999992,-0.005850429,0.133724094,0.016715512,TRUE
6006,1000_radii_1,1000,L,0,16,128.8846906,0,-214.6345215,744.2445679,320.1040573,-0.01,-0.89999998,-0.349999992,-0.005814825,0.132910294,0.016613787,TRUE
6007,1000_radii_1,1000,L,0,16,128.9013019,0,-214.7199402,744.3467407,320.0982361,-0.01,-0.89999998,-0.349999992,-0.005826764,0.133183171,0.016647896,TRUE
6008,1000_radii_1,1000,L,0,16,128.917987,0,-214.8056183,744.4492188,320.0923882,-0.01,-0.89999998,-0.349999992,-0.005843245,0.133559885,0.016694986,TRUE
6009,1000_radii_1,1000,L,0,16,128.934649,0,-214.8907623,744.5510254,320.0865822,-0.01,-0.89999998,-0.349999992,-0.005805951,0.132707447,0.016588431,TRUE
6010,1000_radii_1,1000,L,0,16,128.9513425,0,-214.9767761,744.6538696,320.080719,-0.01,-0.89999998,-0.349999992,-0.00586522,0.134062172,0.016757771,TRUE
6011,1000_radii_1,1000,L,0,16,128.9680906,0,-215.0627441,744.7565918,320.0748596,-0.01,-0.89999998,-0.349999992,-0.005860888,0.133963163,0.016745395,TRUE
6012,1000_radii_1,1000,L,0,16,128.9846827,0,-215.1477509,744.8581543,320.0690651,-0.01,-0.89999998,-0.349999992,-0.005794646,0.13244906,0.016556132,TRUE
6013,1000_radii_1,1000,L,0,16,129.0013653,0,-215.23349,744.9605713,320.063221,-0.01,-0.89999998,-0.349999992,-0.00584409,0.133579204,0.016697401,TRUE
6014,1000_radii_1,1000,L,0,16,129.0180044,0,-215.3190613,745.0628052,320.0573883,-0.01,-0.89999998,-0.349999992,-0.005831835,0.133299083,0.016662385,TRUE
6015,1000_radii_1,1000,L,0,16,129.0346415,0,-215.4045563,745.164917,320.0515594,-0.01,-0.89999998,-0.349999992,-0.005825813,0.133161437,0.01664518,TRUE
6016,1000_radii_1,1000,L,0,16,129.0513718,0,-215.4901886,745.2671509,320.0457306,-0.01,-0.89999998,-0.349999992,-0.00583437,0.133357039,0.01666963,TRUE
6017,1000_radii_1,1000,L,0,16,129.0681199,0,-215.5765228,745.3702393,320.0398521,-0.01,-0.89999998,-0.349999992,-0.005882229,0.134450961,0.01680637,TRUE
6018,1000_radii_1,1000,L,0,16,129.0846015,0,-215.6611786,745.4712524,320.0340805,-0.01,-0.89999998,-0.349999992,-0.005766227,0.131799468,0.016474934,TRUE
6019,1000_radii_1,1000,L,0,16,129.1013224,0,-215.7468872,745.5735474,320.028244,-0.01,-0.89999998,-0.349999992,-0.005837857,0.133436729,0.016679591,TRUE
6020,1000_radii_1,1000,L,0,16,129.1180144,0,-215.8327789,745.6760254,320.0223923,-0.01,-0.89999998,-0.349999992,-0.005849689,0.133707191,0.016713399,TRUE
6021,1000_radii_1,1000,L,0,16,129.1347087,0,-215.9187317,745.7785645,320.0165405,-0.01,-0.89999998,-0.349999992,-0.005853282,0.133789295,0.016723662,TRUE
6022,1000_radii_1,1000,L,0,16,129.1513859,0,-216.0044556,745.8807983,320.010704,-0.01,-0.89999998,-0.349999992,-0.005836589,0.133407751,0.016675969,TRUE
6023,1000_radii_1,1000,L,0,16,129.1680063,0,-216.0897369,745.9824829,320.0048981,-0.01,-0.89999998,-0.349999992,-0.005806162,0.132712277,0.016589035,TRUE
6024,1000_radii_1,1000,L,0,16,129.1846959,0,-216.1756744,746.0848999,319.9990463,-0.01,-0.89999998,-0.349999992,-0.005849689,0.133707191,0.016713399,TRUE
6025,1000_radii_1,1000,L,0,16,129.2012946,0,-216.2610321,746.1866455,319.9932327,-0.01,-0.89999998,-0.349999992,-0.005809648,0.132791967,0.016598996,TRUE
6026,1000_radii_1,1000,L,0,16,129.2180155,0,-216.3466949,746.2886963,319.9874039,-0.01,-0.89999998,-0.349999992,-0.005829194,0.133238712,0.016654839,TRUE
6027,1000_radii_1,1000,L,0,16,129.2347567,0,-216.433136,746.3916626,319.9815254,-0.01,-0.89999998,-0.349999992,-0.005882335,0.134453376,0.016806672,TRUE
6028,1000_radii_1,1000,L,0,16,129.2513026,0,-216.5182495,746.493042,319.9757347,-0.01,-0.89999998,-0.349999992,-0.005791054,0.132366955,0.016545869,TRUE
6029,1000_radii_1,1000,L,0,16,129.2680564,0,-216.6042023,746.5953979,319.9698906,-0.01,-0.89999998,-0.349999992,-0.005846943,0.133644405,0.016705551,TRUE
6030,1000_radii_1,1000,L,0,16,129.2846415,0,-216.6896667,746.6971436,319.9640732,-0.01,-0.89999998,-0.349999992,-0.005813769,0.132886145,0.016610768,TRUE
6031,1000_radii_1,1000,L,0,16,129.3014395,0,-216.7758636,746.7997437,319.9582138,-0.01,-0.89999998,-0.349999992,-0.005862367,0.133996971,0.016749621,TRUE
6032,1000_radii_1,1000,L,0,16,129.318017,0,-216.861557,746.9017334,319.9523849,-0.01,-0.89999998,-0.349999992,-0.005827926,0.133209734,0.016651217,TRUE
6033,1000_radii_1,1000,L,0,16,129.3346975,0,-216.9470062,747.003418,319.9465752,-0.01,-0.89999998,-0.349999992,-0.00580986,0.132796796,0.0165996,TRUE
6034,1000_radii_1,1000,L,0,16,129.3513566,0,-217.0332031,747.105957,319.9407158,-0.01,-0.89999998,-0.349999992,-0.005860254,0.133948674,0.016743584,TRUE
6035,1000_radii_1,1000,L,0,16,129.3680516,0,-217.1191254,747.2081299,319.9348755,-0.01,-0.89999998,-0.349999992,-0.005840604,0.133499514,0.016687439,TRUE
6036,1000_radii_1,1000,L,0,16,129.3846421,0,-217.2042999,747.3093872,319.929081,-0.01,-0.89999998,-0.349999992,-0.005788941,0.132318658,0.016539832,TRUE
6037,1000_radii_1,1000,L,0,16,129.4012894,0,-217.2902985,747.4116211,319.9232407,-0.01,-0.89999998,-0.349999992,-0.005844618,0.133591278,0.01669891,TRUE
6038,1000_radii_1,1000,L,0,16,129.4179458,0,-217.3761292,747.5136108,319.917408,-0.01,-0.89999998,-0.349999992,-0.005832997,0.133325646,0.016665706,TRUE
6039,1000_radii_1,1000,L,0,16,129.4347132,0,-217.4621735,747.6158447,319.9115601,-0.01,-0.89999998,-0.349999992,-0.005846414,0.133632331,0.016704041,TRUE
6040,1000_radii_1,1000,L,0,16,129.4513499,0,-217.5480347,747.7178345,319.9057274,-0.01,-0.89999998,-0.349999992,-0.005833525,0.13333772,0.016667215,TRUE
6041,1000_radii_1,1000,L,0,16,129.467999,0,-217.6339569,747.8198853,319.8998909,-0.01,-0.89999998,-0.349999992,-0.005836906,0.133414995,0.016676874,TRUE
6042,1000_radii_1,1000,L,0,16,129.4846379,0,-217.7197113,747.9217529,319.8940659,-0.01,-0.89999998,-0.349999992,-0.005824968,0.133142118,0.016642765,TRUE
6043,1000_radii_1,1000,L,0,16,129.5013042,0,-217.8052673,748.0233154,319.8882561,-0.01,-0.89999998,-0.349999992,-0.005810388,0.132808871,0.016601109,TRUE
6044,1000_radii_1,1000,L,0,16,129.518097,0,-217.8921051,748.1264038,319.8823586,-0.01,-0.89999998,-0.349999992,-0.00589702,0.134789038,0.01684863,TRUE
6045,1000_radii_1,1000,L,0,16,129.5346335,0,-217.977005,748.2271729,319.8765945,-0.01,-0.89999998,-0.349999992,-0.005764642,0.131763246,0.016470406,TRUE
6046,1000_radii_1,1000,L,0,16,129.5512916,0,-218.0631409,748.3293457,319.8707504,-0.01,-0.89999998,-0.349999992,-0.00584726,0.133651649,0.016706456,TRUE
6047,1000_radii_1,1000,L,0,16,129.5680923,0,-218.1499023,748.432251,319.8642693,-0.011,-0.989999995,-0.384999998,-0.00647882,0.134624829,0.016828104,TRUE
6048,1000_radii_1,1000,L,0,16,129.5846417,0,-218.2348785,748.53302,319.8579216,-0.011,-0.989999995,-0.384999998,-0.006343895,0.131821202,0.01647765,TRUE
6049,1000_radii_1,1000,L,0,16,129.6013117,0,-218.3210602,748.6351929,319.85149,-0.011,-0.989999995,-0.384999998,-0.006432915,0.133670968,0.016708871,TRUE
6050,1000_radii_1,1000,L,0,16,129.6181036,0,-218.4078522,748.7380981,319.8444252,-0.012,-1.080000009,-0.420000004,-0.007066409,0.134598266,0.016824783,TRUE
6051,1000_radii_1,1000,L,0,16,129.6346244,0,-218.4929199,748.8389282,319.8374977,-0.012,-1.080000009,-0.420000004,-0.006925177,0.131908136,0.016488517,TRUE
6052,1000_radii_1,1000,L,0,16,129.6512608,0,-218.5788879,748.9407959,319.8304977,-0.012,-1.080000009,-0.420000004,-0.006997568,0.133287009,0.016660876,TRUE
6053,1000_radii_1,1000,L,0,16,129.6680107,0,-218.6653748,749.0432739,319.8228722,-0.013,-1.170000024,-0.455000009,-0.007625336,0.134071831,0.016758979,TRUE
6054,1000_radii_1,1000,L,0,16,129.684652,0,-218.7512207,749.1449585,319.8153038,-0.013,-1.170000024,-0.455000009,-0.007568063,0.133064844,0.016633105,TRUE
6055,1000_radii_1,1000,L,0,16,129.7014007,0,-218.8377228,749.2473755,319.8070946,-0.014,-1.260000039,-0.490000015,-0.008210865,0.134054927,0.016756866,TRUE
6056,1000_radii_1,1000,L,0,16,129.7180326,0,-218.9235382,749.348938,319.7989578,-0.014,-1.260000039,-0.490000015,-0.008144601,0.13297308,0.016621635,TRUE
6057,1000_radii_1,1000,L,0,16,129.7346391,0,-219.0092926,749.4504395,319.7908134,-0.014,-1.260000039,-0.490000015,-0.00813765,0.132859582,0.016607448,TRUE
6058,1000_radii_1,1000,L,0,16,129.7512605,0,-219.0948792,749.5516968,319.7826958,-0.014,-1.260000039,-0.490000015,-0.008119605,0.132564972,0.016570621,TRUE
6059,1000_radii_1,1000,L,0,16,129.7681157,0,-219.1822205,749.6549683,319.773819,-0.015,-1.34999997,-0.524999988,-0.008876908,0.135267176,0.016908397,TRUE
6060,1000_radii_1,1000,L,0,16,129.7846728,0,-219.2673645,749.7556152,319.7651672,-0.015,-1.34999997,-0.524999988,-0.008651875,0.131838106,0.016479763,TRUE
6061,1000_radii_1,1000,L,0,16,129.8013355,0,-219.3537445,749.8577271,319.7563896,-0.015,-1.34999997,-0.524999988,-0.008776753,0.133740998,0.016717625,TRUE
6062,1000_radii_1,1000,L,0,16,129.8178994,0,-219.4394989,749.9590454,319.7476807,-0.015,-1.34999997,-0.524999988,-0.008710828,0.132736426,0.016592053,TRUE
6063,1000_radii_1,1000,L,0,16,129.8346636,0,-219.5259247,750.0611572,319.738903,-0.015,-1.34999997,-0.524999988,-0.008777704,0.133755487,0.016719436,TRUE
6064,1000_radii_1,1000,L,0,16,129.851325,0,-219.6121368,750.1629639,319.7301483,-0.015,-1.34999997,-0.524999988,-0.008753933,0.133393262,0.016674158,TRUE
6065,1000_radii_1,1000,L,0,16,129.8679723,0,-219.698349,750.2647095,319.7213898,-0.015,-1.34999997,-0.524999988,-0.008752031,0.133364284,0.016670535,TRUE
6066,1000_radii_1,1000,L,0,16,129.884613,0,-219.7844238,750.366272,319.7126541,-0.015,-1.34999997,-0.524999988,-0.008736976,0.133134874,0.016641859,TRUE
6067,1000_radii_1,1000,L,0,16,129.9013333,0,-219.8706512,750.4680176,319.7033195,-0.016000001,-1.440000068,-0.560000027,-0.009334824,0.133354624,0.016669328,TRUE
6068,1000_radii_1,1000,L,0,16,129.918018,0,-219.9572754,750.5701904,319.6933632,-0.017000001,-1.530000083,-0.595000032,-0.009962074,0.133943845,0.016742981,TRUE
6069,1000_radii_1,1000,L,0,16,129.9347043,0,-220.0436249,750.6719971,319.6828461,-0.017999999,-1.61999993,-0.629999973,-0.010512706,0.133494685,0.016686836,TRUE
6070,1000_radii_1,1000,L,0,16,129.9515931,0,-220.1304626,750.774353,319.6716919,-0.018999999,-1.709999945,-0.664999979,-0.011156363,0.134211892,0.016776486,TRUE
6071,1000_radii_1,1000,L,0,16,129.9680882,0,-220.2164307,750.8756104,319.6600647,-0.02,-1.79999996,-0.699999984,-0.011623523,0.132840264,0.016605033,TRUE
6072,1000_radii_1,1000,L,0,16,129.9847482,0,-220.3027191,750.9772339,319.6478195,-0.021,-1.889999975,-0.73499999,-0.012246187,0.133291838,0.01666148,TRUE
6073,1000_radii_1,1000,L,0,16,130.0013499,0,-220.3883972,751.078064,319.6350822,-0.022,-1.979999989,-0.769999996,-0.012736601,0.132328318,0.01654104,TRUE
6074,1000_radii_1,1000,L,0,16,130.0180802,0,-220.4753723,751.1803589,319.6215744,-0.023,-2.070000004,-0.805000002,-0.013512604,0.134286752,0.016785844,TRUE
6075,1000_radii_1,1000,L,0,16,130.0346261,0,-220.5611267,751.281189,319.6082535,-0.023,-2.070000004,-0.805000002,-0.013320397,0.132376615,0.016547077,TRUE
6076,1000_radii_1,1000,L,0,16,130.0512854,0,-220.647522,751.3827515,319.5948372,-0.023,-2.070000004,-0.805000002,-0.01341565,0.133323231,0.016665404,TRUE
6077,1000_radii_1,1000,L,0,16,130.0680329,0,-220.7341919,751.4845581,319.5813828,-0.023,-2.070000004,-0.805000002,-0.013455744,0.13372168,0.01671521,TRUE
6078,1000_radii_1,1000,L,0,16,130.0845972,0,-220.8201599,751.5855103,319.5680428,-0.023,-2.070000004,-0.805000002,-0.013341294,0.132584291,0.016573036,TRUE
6079,1000_radii_1,1000,L,0,16,130.1011962,0,-220.9064026,751.6867065,319.5546608,-0.023,-2.070000004,-0.805000002,-0.013380902,0.132977909,0.016622239,TRUE
6080,1000_radii_1,1000,L,0,16,130.1179407,0,-220.9933014,751.7886353,319.5411758,-0.023,-2.070000004,-0.805000002,-0.013480043,0.133963163,0.016745395,TRUE
6081,1000_radii_1,1000,L,0,16,130.1345892,0,-221.0795593,751.8897705,319.5278015,-0.023,-2.070000004,-0.805000002,-0.01337507,0.132919953,0.016614994,TRUE
6082,1000_radii_1,1000,L,0,16,130.1512555,0,-221.166214,751.991333,319.51437,-0.023,-2.070000004,-0.805000002,-0.013434847,0.133514003,0.01668925,TRUE
6083,1000_radii_1,1000,L,0,16,130.1679538,0,-221.2529907,752.0930176,319.5009193,-0.023,-2.070000004,-0.805000002,-0.013449183,0.133656479,0.01670706,TRUE
6084,1000_radii_1,1000,L,0,16,130.1846766,0,-221.3395691,752.194397,319.4875031,-0.023,-2.070000004,-0.805000002,-0.013415164,0.133318402,0.0166648,TRUE
6085,1000_radii_1,1000,L,0,16,130.2012771,0,-221.4261017,752.2956543,319.474102,-0.023,-2.070000004,-0.805000002,-0.013403987,0.133207319,0.016650915,TRUE
6086,1000_radii_1,1000,L,0,16,130.2179808,0,-221.51297,752.3972778,319.4606438,-0.023,-2.070000004,-0.805000002,-0.013453314,0.133697531,0.016712191,TRUE
6087,1000_radii_1,1000,L,0,16,130.2347673,0,-221.5998688,752.4989014,319.447197,-0.023,-2.070000004,-0.805000002,-0.013452828,0.133692702,0.016711588,TRUE
6088,1000_radii_1,1000,L,0,16,130.251404,0,-221.6865997,752.6002808,319.4337692,-0.023,-2.070000004,-0.805000002,-0.013423669,0.133402921,0.016675365,TRUE
6089,1000_radii_1,1000,L,0,16,130.2680027,0,-221.7730865,752.7012939,319.4203949,-0.023,-2.070000004,-0.805000002,-0.013381145,0.132980324,0.016622541,TRUE
6090,1000_radii_1,1000,L,0,16,130.2846104,0,-221.8595734,752.8022461,319.4070129,-0.023,-2.070000004,-0.805000002,-0.013378472,0.132953761,0.01661922,TRUE
6091,1000_radii_1,1000,L,0,16,130.3013033,0,-221.946106,752.9031982,319.393631,-0.023,-2.070000004,-0.805000002,-0.013380902,0.132977909,0.016622239,TRUE
6092,1000_radii_1,1000,L,0,16,130.3179817,0,-222.0332642,753.0048828,319.3801537,-0.023,-2.070000004,-0.805000002,-0.013474697,0.133910037,0.016738755,TRUE
6093,1000_radii_1,1000,L,0,16,130.3346731,0,-222.1202545,753.1063232,319.3667107,-0.023,-2.070000004,-0.805000002,-0.013446024,0.133625086,0.016703136,TRUE
6094,1000_radii_1,1000,L,0,16,130.3513128,0,-222.2067719,753.2071533,319.3533401,-0.023,-2.070000004,-0.805000002,-0.013368752,0.132857167,0.016607146,TRUE
6095,1000_radii_1,1000,L,0,16,130.3680552,0,-222.2941742,753.30896,319.3404274,-0.022,-1.979999989,-0.769999996,-0.012913711,0.134168425,0.016771053,TRUE
6096,1000_radii_1,1000,L,0,16,130.3847819,0,-222.381012,753.4100952,319.3281822,-0.021,-1.889999975,-0.73499999,-0.012245078,0.133279764,0.016659971,TRUE
6097,1000_radii_1,1000,L,0,16,130.4013123,0,-222.4675598,753.5108032,319.3165627,-0.02,-1.79999996,-0.699999984,-0.011620565,0.132806456,0.016600807,TRUE
6098,1000_radii_1,1000,L,0,16,130.4180439,0,-222.5548096,753.6123047,319.3054314,-0.018999999,-1.709999945,-0.664999979,-0.011125651,0.133842422,0.016730303,TRUE
6099,1000_radii_1,1000,L,0,16,130.4346996,0,-222.6413269,753.7128906,319.2949829,-0.017999999,-1.61999993,-0.629999973,-0.010448429,0.132678469,0.016584809,TRUE
6100,1000_radii_1,1000,L,0,16,130.4512763,0,-222.7281799,753.8138428,319.28508,-0.017000001,-1.530000083,-0.595000032,-0.009905319,0.133180756,0.016647594,TRUE
6101,1000_radii_1,1000,L,0,16,130.4680712,0,-222.8158264,753.9157104,319.2762642,-0.015,-1.34999997,-0.524999988,-0.008817481,0.134361612,0.016795201,TRUE
6102,1000_radii_1,1000,L,0,16,130.4847221,0,-222.9024048,754.0162964,319.2675552,-0.015,-1.34999997,-0.524999988,-0.008708926,0.132707447,0.016588431,TRUE
6103,1000_radii_1,1000,L,0,16,130.5013147,0,-222.9893494,754.1172485,319.2599792,-0.013,-1.170000024,-0.455000009,-0.007578089,0.133241127,0.016655141,TRUE
6104,1000_radii_1,1000,L,0,16,130.5179729,0,-223.0760651,754.2179565,319.2524185,-0.013,-1.170000024,-0.455000009,-0.007557625,0.132881316,0.016610164,TRUE
6105,1000_radii_1,1000,L,0,16,130.5347189,0,-223.1637573,754.3197632,319.2453651,-0.012,-1.080000009,-0.420000004,-0.007053478,0.134351952,0.016793994,TRUE
6106,1000_radii_1,1000,L,0,16,130.5512394,0,-223.2498779,754.4196777,319.2384415,-0.012,-1.080000009,-0.420000004,-0.006926318,0.131929869,0.016491234,TRUE
6107,1000_radii_1,1000,L,0,16,130.5679371,0,-223.3370972,754.520874,319.2314224,-0.012,-1.080000009,-0.420000004,-0.007012781,0.133576789,0.016697099,TRUE
6108,1000_radii_1,1000,L,0,16,130.5846599,0,-223.4245758,754.6223145,319.2243958,-0.012,-1.080000009,-0.420000004,-0.007032559,0.133953504,0.016744188,TRUE
6109,1000_radii_1,1000,L,0,16,130.6012453,0,-223.5112305,754.7227783,319.2174263,-0.012,-1.080000009,-0.420000004,-0.006966127,0.132688129,0.016586016,TRUE
6110,1000_radii_1,1000,L,0,16,130.6180021,0,-223.598526,754.8239746,319.2104149,-0.012,-1.080000009,-0.420000004,-0.007016078,0.133639575,0.016704947,TRUE
6111,1000_radii_1,1000,L,0,16,130.634586,0,-223.6854706,754.9247437,319.2034264,-0.012,-1.080000009,-0.420000004,-0.006986792,0.133081747,0.016635218,TRUE
6112,1000_radii_1,1000,L,0,16,130.6512421,0,-223.7725372,755.0256348,319.1964302,-0.012,-1.080000009,-0.420000004,-0.00699592,0.133255616,0.016656952,TRUE
6113,1000_radii_1,1000,L,0,16,130.6680777,0,-223.8602295,755.1271973,319.1893845,-0.012,-1.080000009,-0.420000004,-0.007045617,0.134202232,0.016775279,TRUE
6114,1000_radii_1,1000,L,0,16,130.6845934,0,-223.9466553,755.2272949,319.1824417,-0.012,-1.080000009,-0.420000004,-0.006943053,0.132248628,0.016531079,TRUE
6115,1000_radii_1,1000,L,0,16,130.7012338,0,-224.0335541,755.3278809,319.1754608,-0.012,-1.080000009,-0.420000004,-0.006979439,0.132941687,0.016617711,TRUE
6116,1000_radii_1,1000,L,0,16,130.7179049,0,-224.1211395,755.4292603,319.1684303,-0.012,-1.080000009,-0.420000004,-0.0070337,0.133975238,0.016746905,TRUE
6117,1000_radii_1,1000,L,0,16,130.7346425,0,-224.2084045,755.5302734,319.1614227,-0.012,-1.080000009,-0.420000004,-0.007007076,0.133468122,0.016683515,TRUE
6118,1000_radii_1,1000,L,0,16,130.7512846,0,-224.2957001,755.6312866,319.1544113,-0.012,-1.080000009,-0.420000004,-0.007008851,0.133501929,0.016687741,TRUE
6119,1000_radii_1,1000,L,0,16,130.7679491,0,-224.3829346,755.7321777,319.1474075,-0.012,-1.080000009,-0.420000004,-0.007002639,0.133383602,0.01667295,TRUE
6120,1000_radii_1,1000,L,0,16,130.7847002,0,-224.4700775,755.8329468,319.1404114,-0.012,-1.080000009,-0.420000004,-0.006994145,0.133221808,0.016652726,TRUE
6121,1000_radii_1,1000,L,0,16,130.8012588,0,-224.5571899,755.9336548,319.1334229,-0.012,-1.080000009,-0.420000004,-0.006991229,0.133166267,0.016645783,TRUE
6122,1000_radii_1,1000,L,0,16,130.8179794,0,-224.6447601,756.0348511,319.1263962,-0.012,-1.080000009,-0.420000004,-0.0070266,0.133840007,0.016730001,TRUE
6123,1000_radii_1,1000,L,0,16,130.8346826,0,-224.7318573,756.135498,319.1194077,-0.012,-1.080000009,-0.420000004,-0.006987426,0.133093822,0.016636728,TRUE
6124,1000_radii_1,1000,L,0,16,130.8512595,0,-224.8185577,756.2356567,319.1124573,-0.012,-1.080000009,-0.420000004,-0.00695459,0.132468378,0.016558547,TRUE
6125,1000_radii_1,1000,L,0,16,130.867912,0,-224.9061584,756.336853,319.1054306,-0.012,-1.080000009,-0.420000004,-0.00702584,0.133825518,0.01672819,TRUE
6126,1000_radii_1,1000,L,0,16,130.8845402,0,-224.9933014,756.4375,319.0984383,-0.012,-1.080000009,-0.420000004,-0.006988186,0.133108311,0.016638539,TRUE
6127,1000_radii_1,1000,L,0,16,130.9012198,0,-225.0805054,756.538147,319.0914497,-0.012,-1.080000009,-0.420000004,-0.006991736,0.133175926,0.016646991,TRUE
6128,1000_radii_1,1000,L,0,16,130.9179833,0,-225.1684418,756.6396484,319.0844002,-0.012,-1.080000009,-0.420000004,-0.007050181,0.134289167,0.016786146,TRUE
6129,1000_radii_1,1000,L,0,16,130.934576,0,-225.2550354,756.739563,319.0774612,-0.012,-1.080000009,-0.420000004,-0.006941025,0.132209991,0.016526249,TRUE
6130,1000_radii_1,1000,L,0,16,130.9513603,0,-225.3430328,756.8410645,319.0704079,-0.012,-1.080000009,-0.420000004,-0.007053097,0.134344708,0.016793088,TRUE
6131,1000_radii_1,1000,L,0,16,130.9680309,0,-225.4307404,756.9421997,319.0633774,-0.012,-1.080000009,-0.420000004,-0.007028375,0.133873814,0.016734227,TRUE
6132,1000_radii_1,1000,L,0,16,130.984612,0,-225.5175171,757.0422363,319.0564194,-0.012,-1.080000009,-0.420000004,-0.006953195,0.132441815,0.016555227,TRUE
6133,1000_radii_1,1000,L,0,16,131.0013167,0,-225.6049805,757.1430664,319.0494194,-0.012,-1.080000009,-0.420000004,-0.007006823,0.133463292,0.016682911,TRUE
6134,1000_radii_1,1000,L,0,16,131.0178692,0,-225.6918488,757.2431641,319.0424614,-0.012,-1.080000009,-0.420000004,-0.006958267,0.132538409,0.016567301,TRUE
6135,1000_radii_1,1000,L,0,16,131.034556,0,-225.7791138,757.343689,319.0354691,-0.012,-1.080000009,-0.420000004,-0.006989708,0.133137289,0.016642161,TRUE
6136,1000_radii_1,1000,L,0,16,131.0513011,0,-225.8673706,757.4453735,319.0284004,-0.012,-1.080000009,-0.420000004,-0.007067804,0.134624829,0.016828104,TRUE
6137,1000_radii_1,1000,L,0,16,131.0680251,0,-225.9549255,757.5462036,319.0213928,-0.012,-1.080000009,-0.420000004,-0.007009992,0.133523663,0.016690458,TRUE
6138,1000_radii_1,1000,L,0,16,131.0846374,0,-226.0421753,757.6466675,319.0144081,-0.012,-1.080000009,-0.420000004,-0.006985524,0.133057599,0.0166322,TRUE
6139,1000_radii_1,1000,L,0,16,131.1012641,0,-226.129425,757.7470703,319.0074234,-0.012,-1.080000009,-0.420000004,-0.006984637,0.133040695,0.016630087,TRUE
6140,1000_radii_1,1000,L,0,16,131.1180279,0,-226.2170258,757.8479004,319.000412,-0.012,-1.080000009,-0.420000004,-0.007011387,0.133550226,0.016693778,TRUE
6141,1000_radii_1,1000,L,0,16,131.1346577,0,-226.3044281,757.9484253,318.9934158,-0.012,-1.080000009,-0.420000004,-0.006994779,0.133233882,0.016654235,TRUE
6142,1000_radii_1,1000,L,0,16,131.1512513,0,-226.3917999,758.0488892,318.9864197,-0.012,-1.080000009,-0.420000004,-0.006990722,0.133156607,0.016644576,TRUE
6143,1000_radii_1,1000,L,0,16,131.1679016,0,-226.4792175,758.1494141,318.9794312,-0.012,-1.080000009,-0.420000004,-0.006994018,0.133219393,0.016652424,TRUE
6144,1000_radii_1,1000,L,0,17,131.1843388,0,-226.5655365,758.2486572,318.9725227,-0.012,-1.080000009,-0.420000004,-0.006904259,0.131509688,0.016438711,FALSE
6145,1000_radii_1,1000,L,0,17,131.2009924,0,-226.6529999,758.3491821,318.9655266,-0.012,-1.080000009,-0.420000004,-0.006994652,0.133231467,0.016653933,FALSE
6146,1000_radii_1,1000,L,0,17,131.2177674,0,-226.7411041,758.4504395,318.9584846,-0.012,-1.080000009,-0.420000004,-0.007045617,0.134202232,0.016775279,FALSE
6147,1000_radii_1,1000,L,0,17,131.2351232,0,-226.8322449,758.5551147,318.9511986,-0.012,-1.080000009,-0.420000004,-0.007287892,0.138816989,0.017352124,FALSE
6148,1000_radii_1,1000,L,0,17,131.2510071,0,-226.9156952,758.6509399,318.9445229,-0.012,-1.080000009,-0.420000004,-0.006671492,0.127076044,0.015884506,FALSE
6149,1000_radii_1,1000,L,0,17,131.2677008,0,-227.003418,758.7516479,318.9375153,-0.012,-1.080000009,-0.420000004,-0.00701164,0.133555056,0.016694382,FALSE
6150,1000_radii_1,1000,L,0,17,131.2844287,0,-227.0913239,758.8525391,318.9304848,-0.012,-1.080000009,-0.420000004,-0.007025459,0.133818273,0.016727284,FALSE
6151,1000_radii_1,1000,L,0,17,131.3009912,0,-227.1783752,758.9524536,318.9235306,-0.012,-1.080000009,-0.420000004,-0.006956745,0.132509431,0.016563679,FALSE
6152,1000_radii_1,1000,L,0,17,131.3176798,0,-227.266098,759.0531006,318.9165192,-0.012,-1.080000009,-0.420000004,-0.007009232,0.133509174,0.016688647,FALSE
6153,1000_radii_1,1000,L,0,17,131.3343453,0,-227.353714,759.1535645,318.909523,-0.012,-1.080000009,-0.420000004,-0.006999216,0.133318402,0.0166648,FALSE
6154,1000_radii_1,1000,L,0,17,131.3510698,0,-227.4416046,759.2543335,318.9025002,-0.012,-1.080000009,-0.420000004,-0.007021022,0.133733754,0.016716719,FALSE
6155,1000_radii_1,1000,L,0,17,131.3677859,0,-227.529541,759.3551636,318.8954811,-0.012,-1.080000009,-0.420000004,-0.007023177,0.133774806,0.016721851,FALSE
6156,1000_radii_1,1000,L,0,17,131.3843876,0,-227.6168671,759.4552612,318.8885078,-0.012,-1.080000009,-0.420000004,-0.006973226,0.13282336,0.01660292,FALSE
6157,1000_radii_1,1000,L,0,17,131.4010485,0,-227.7045135,759.5556641,318.8815079,-0.012,-1.080000009,-0.420000004,-0.006997568,0.133287009,0.016660876,FALSE
6158,1000_radii_1,1000,L,0,17,131.4176846,0,-227.792038,759.6559448,318.8745232,-0.012,-1.080000009,-0.420000004,-0.006987045,0.133086577,0.016635822,FALSE
6159,1000_radii_1,1000,L,0,17,131.4343516,0,-227.8797302,759.7564087,318.8675232,-0.012,-1.080000009,-0.420000004,-0.00700023,0.13333772,0.016667215,FALSE
6160,1000_radii_1,1000,L,0,17,131.4509901,0,-227.9672852,759.8566895,318.8605347,-0.012,-1.080000009,-0.420000004,-0.006988186,0.133108311,0.016638539,FALSE
6161,1000_radii_1,1000,L,0,17,131.4676908,0,-228.0551758,759.9573364,318.8535194,-0.012,-1.080000009,-0.420000004,-0.007014176,0.133603353,0.016700419,FALSE
6162,1000_radii_1,1000,L,0,17,131.4843496,0,-228.142868,760.0576782,318.8465233,-0.012,-1.080000009,-0.420000004,-0.006996934,0.133274934,0.016659367,FALSE
6163,1000_radii_1,1000,L,0,17,131.501002,0,-228.2305298,760.157959,318.8395271,-0.012,-1.080000009,-0.420000004,-0.006993638,0.133212149,0.016651519,FALSE
6164,1000_radii_1,1000,L,0,17,131.5176937,0,-228.3184204,760.2584839,318.8325157,-0.012,-1.080000009,-0.420000004,-0.007011007,0.133542982,0.016692873,FALSE
6165,1000_radii_1,1000,L,0,17,131.5343253,0,-228.4060059,760.3586426,318.8255348,-0.012,-1.080000009,-0.420000004,-0.00698489,0.133045525,0.016630691,FALSE
6166,1000_radii_1,1000,L,0,17,131.5509931,0,-228.4937897,760.4589844,318.818531,-0.012,-1.080000009,-0.420000004,-0.007000484,0.13334255,0.016667819,FALSE
6167,1000_radii_1,1000,L,0,17,131.5677542,0,-228.582077,760.5598755,318.8114929,-0.012,-1.080000009,-0.420000004,-0.007039405,0.134083905,0.016760488,FALSE
6168,1000_radii_1,1000,L,0,17,131.5843891,0,-228.6697235,760.6600342,318.8045044,-0.012,-1.080000009,-0.420000004,-0.006987679,0.133098651,0.016637331,FALSE
6169,1000_radii_1,1000,L,0,17,131.6010358,0,-228.757431,760.7602539,318.7975159,-0.012,-1.080000009,-0.420000004,-0.006991229,0.133166267,0.016645783,FALSE
6170,1000_radii_1,1000,L,0,17,131.6177486,0,-228.8455048,760.8608398,318.790493,-0.012,-1.080000009,-0.420000004,-0.007019247,0.133699946,0.016712493,FALSE
6171,1000_radii_1,1000,L,0,17,131.634366,0,-228.9330902,760.9608765,318.7835159,-0.012,-1.080000009,-0.420000004,-0.006979565,0.132944102,0.016618013,FALSE
6172,1000_radii_1,1000,L,0,17,131.6510498,0,-229.0210266,761.0612793,318.7765045,-0.012,-1.080000009,-0.420000004,-0.007006823,0.133463292,0.016682911,FALSE
6173,1000_radii_1,1000,L,0,17,131.6676871,0,-229.1087494,761.161377,318.7695198,-0.012,-1.080000009,-0.420000004,-0.00698844,0.13311314,0.016639143,FALSE
6174,1000_radii_1,1000,L,0,17,131.6843224,0,-229.1964569,761.2614746,318.7625351,-0.012,-1.080000009,-0.420000004,-0.006986919,0.133084162,0.01663552,FALSE
6175,1000_radii_1,1000,L,0,17,131.7010065,0,-229.2844238,761.3618164,318.7555275,-0.012,-1.080000009,-0.420000004,-0.007006569,0.133458462,0.016682308,FALSE
6176,1000_radii_1,1000,L,0,17,131.7176538,0,-229.3721771,761.4619141,318.7485352,-0.012,-1.080000009,-0.420000004,-0.006987806,0.133101066,0.016637633,FALSE
6177,1000_radii_1,1000,L,0,17,131.7343207,0,-229.460144,761.5621948,318.7415352,-0.012,-1.080000009,-0.420000004,-0.007004541,0.133419825,0.016677478,FALSE
6178,1000_radii_1,1000,L,0,17,131.7510446,0,-229.5483704,761.6627808,318.7345123,-0.012,-1.080000009,-0.420000004,-0.007024192,0.133794125,0.016724266,FALSE
6179,1000_radii_1,1000,L,0,17,131.7676793,0,-229.6361389,761.7628174,318.72752,-0.012,-1.080000009,-0.420000004,-0.006986792,0.133081747,0.016635218,FALSE
6180,1000_radii_1,1000,L,0,17,131.784325,0,-229.7239685,761.862915,318.7205276,-0.012,-1.080000009,-0.420000004,-0.006990722,0.133156607,0.016644576,FALSE
6181,1000_radii_1,1000,L,0,17,131.8010306,0,-229.8121185,761.9633179,318.7135162,-0.012,-1.080000009,-0.420000004,-0.007014303,0.133605767,0.016700721,FALSE
6182,1000_radii_1,1000,L,0,17,131.817754,0,-229.9001923,762.0635986,318.7065086,-0.012,-1.080000009,-0.420000004,-0.007007964,0.133485025,0.016685628,FALSE
6183,1000_radii_1,1000,L,0,17,131.8343762,0,-229.9881592,762.1637573,318.6995125,-0.012,-1.080000009,-0.420000004,-0.006998582,0.133306327,0.016663291,FALSE
6184,1000_radii_1,1000,L,0,17,131.8510286,0,-230.0760956,762.263855,318.6925125,-0.012,-1.080000009,-0.420000004,-0.006994272,0.133224223,0.016653028,FALSE
6185,1000_radii_1,1000,L,0,17,131.8677336,0,-230.1642914,762.3642578,318.6855011,-0.012,-1.080000009,-0.420000004,-0.007015064,0.133620256,0.016702532,FALSE
6186,1000_radii_1,1000,L,0,17,131.8843582,0,-230.2521057,762.4641724,318.6785202,-0.012,-1.080000009,-0.420000004,-0.006983496,0.133018962,0.01662737,FALSE
6187,1000_radii_1,1000,L,0,17,131.9010185,0,-230.3401184,762.56427,318.6715202,-0.012,-1.080000009,-0.420000004,-0.006997568,0.133287009,0.016660876,FALSE
6188,1000_radii_1,1000,L,0,17,131.9176703,0,-230.4279938,762.6641846,318.6645355,-0.012,-1.080000009,-0.420000004,-0.006986031,0.133067258,0.016633407,FALSE
6189,1000_radii_1,1000,L,0,17,131.934355,0,-230.5162506,762.7645264,318.6575203,-0.012,-1.080000009,-0.420000004,-0.007015444,0.133627501,0.016703438,FALSE
6190,1000_radii_1,1000,L,0,17,131.950983,0,-230.6041107,762.8643799,318.6505356,-0.012,-1.080000009,-0.420000004,-0.006982862,0.133006887,0.016625861,FALSE
6191,1000_radii_1,1000,L,0,17,131.96787,0,-230.6929321,762.965332,318.6434746,-0.012,-1.080000009,-0.420000004,-0.007058549,0.134448546,0.016806068,FALSE
6192,1000_radii_1,1000,L,0,17,131.984325,0,-230.7803497,763.0646362,318.6365356,-0.012,-1.080000009,-0.420000004,-0.006945335,0.132292095,0.016536512,FALSE
6193,1000_radii_1,1000,L,0,17,132.0009853,0,-230.8684387,763.1646729,318.6295357,-0.012,-1.080000009,-0.420000004,-0.006997948,0.133294253,0.016661782,FALSE
6194,1000_radii_1,1000,L,0,17,132.0176691,0,-230.956604,763.2647705,318.6225281,-0.012,-1.080000009,-0.420000004,-0.007003146,0.133393262,0.016674158,FALSE
6195,1000_radii_1,1000,L,0,17,132.0343275,0,-231.0447388,763.3648071,318.6155319,-0.012,-1.080000009,-0.420000004,-0.007000484,0.13334255,0.016667819,FALSE
6196,1000_radii_1,1000,L,0,17,132.0510165,0,-231.1330109,763.4649658,318.6085243,-0.012,-1.080000009,-0.420000004,-0.007009739,0.133518833,0.016689854,FALSE
6197,1000_radii_1,1000,L,0,17,132.0677006,0,-231.2210083,763.5648193,318.601532,-0.012,-1.080000009,-0.420000004,-0.006986665,0.133079333,0.016634917,FALSE
6198,1000_radii_1,1000,L,0,17,132.0843135,0,-231.3091431,763.6647949,318.5945396,-0.012,-1.080000009,-0.420000004,-0.006997314,0.133282179,0.016660272,FALSE
6199,1000_radii_1,1000,L,0,17,132.1010441,0,-231.3976746,763.7651978,318.587513,-0.012,-1.080000009,-0.420000004,-0.007027234,0.133852081,0.01673151,FALSE
6200,1000_radii_1,1000,L,0,17,132.1177179,0,-231.4859009,763.8652344,318.5805092,-0.012,-1.080000009,-0.420000004,-0.007002386,0.133378773,0.016672347,FALSE
6201,1000_radii_1,1000,L,0,17,132.1343097,0,-231.5737152,763.9647827,318.5735397,-0.012,-1.080000009,-0.420000004,-0.006968916,0.132741255,0.016592657,FALSE
6202,1000_radii_1,1000,L,0,17,132.1509802,0,-231.6619568,764.0647583,318.5665359,-0.012,-1.080000009,-0.420000004,-0.007002005,0.133371528,0.016671441,FALSE
6203,1000_radii_1,1000,L,0,17,132.1676284,0,-231.7500305,764.1645508,318.5595474,-0.012,-1.080000009,-0.420000004,-0.006987426,0.133093822,0.016636728,FALSE
6204,1000_radii_1,1000,L,0,17,132.1945337,0,-231.8925018,764.3259277,318.5482483,-0.012,-1.080000009,-0.420000004,-0.011300955,0.215256285,0.026907036,FALSE
6205,1000_radii_1,1000,L,0,17,132.2014839,0,-231.9293518,764.3676758,318.5453224,-0.012,-1.080000009,-0.420000004,-0.002922637,0.055669271,0.006958659,TRUE
6206,1000_radii_1,1000,L,0,17,132.2186688,0,-232.0202484,764.4705811,318.5381203,-0.012,-1.080000009,-0.420000004,-0.007207894,0.137293226,0.017161653,TRUE
6207,1000_radii_1,1000,L,0,17,132.234485,0,-232.1037292,764.5650635,318.531498,-0.012,-1.080000009,-0.420000004,-0.006619133,0.126078716,0.015759839,TRUE
6208,1000_radii_1,1000,L,0,17,132.251375,0,-232.193161,764.6662598,318.5244102,-0.012,-1.080000009,-0.420000004,-0.007090497,0.135057085,0.016882136,TRUE
6209,1000_radii_1,1000,L,0,17,132.2679435,0,-232.2812042,764.7658691,318.5174255,-0.012,-1.080000009,-0.420000004,-0.006979439,0.132941687,0.016617711,TRUE
6210,1000_radii_1,1000,L,0,17,132.2845573,0,-232.3694611,764.8656616,318.510437,-0.012,-1.080000009,-0.420000004,-0.006994779,0.133233882,0.016654235,TRUE
6211,1000_radii_1,1000,L,0,17,132.3012445,0,-232.457901,764.9656372,318.5034256,-0.012,-1.080000009,-0.420000004,-0.007008344,0.13349227,0.016686534,TRUE
6212,1000_radii_1,1000,L,0,17,132.3178616,0,-232.5455627,765.0647583,318.496479,-0.012,-1.080000009,-0.420000004,-0.006946349,0.132311414,0.016538927,TRUE
6213,1000_radii_1,1000,L,0,17,132.3345581,0,-232.634491,765.1652832,318.4894333,-0.012,-1.080000009,-0.420000004,-0.007045744,0.134204647,0.016775581,TRUE
6214,1000_radii_1,1000,L,0,17,132.351212,0,-232.7227936,765.2650757,318.4824371,-0.012,-1.080000009,-0.420000004,-0.006994272,0.133224223,0.016653028,TRUE
6215,1000_radii_1,1000,L,0,17,132.3679344,0,-232.8111725,765.3649292,318.475441,-0.012,-1.080000009,-0.420000004,-0.007000104,0.133335305,0.016666913,TRUE
6216,1000_radii_1,1000,L,0,17,132.3844999,0,-232.8991547,765.4642944,318.4684715,-0.012,-1.080000009,-0.420000004,-0.006967268,0.132709862,0.016588733,TRUE
6217,1000_radii_1,1000,L,0,17,132.4011762,0,-232.9877472,765.5643311,318.4614601,-0.012,-1.080000009,-0.420000004,-0.007014683,0.133613012,0.016701626,TRUE
6218,1000_radii_1,1000,L,0,17,132.4180052,0,-233.0768585,765.664917,318.4538116,-0.013,-1.170000024,-0.455000009,-0.007643328,0.134388175,0.016798522,TRUE
6219,1000_radii_1,1000,L,0,17,132.4344907,0,-233.1640778,765.7633667,318.4463348,-0.013,-1.170000024,-0.455000009,-0.007480163,0.131519347,0.016439918,TRUE
6220,1000_radii_1,1000,L,0,17,132.4512059,0,-233.2528381,765.8635254,318.4387245,-0.013,-1.170000024,-0.455000009,-0.00761009,0.133803784,0.016725473,TRUE
6221,1000_radii_1,1000,L,0,17,132.4679127,0,-233.3417358,765.9638062,318.4311028,-0.013,-1.170000024,-0.455000009,-0.007621215,0.133999386,0.016749923,TRUE
6222,1000_radii_1,1000,L,0,17,132.4846717,0,-233.4306946,766.0641479,318.4228897,-0.014,-1.260000039,-0.490000015,-0.008212344,0.134079076,0.016759884,TRUE
6223,1000_radii_1,1000,L,0,17,132.5011961,0,-233.5184021,766.1630249,318.4147911,-0.014,-1.260000039,-0.490000015,-0.008095644,0.132173768,0.016521721,TRUE
6224,1000_radii_1,1000,L,0,17,132.5178857,0,-233.6071777,766.2630615,318.4066048,-0.014,-1.260000039,-0.490000015,-0.008192672,0.133757902,0.016719738,TRUE
6225,1000_radii_1,1000,L,0,17,132.5344886,0,-233.6953125,766.3623657,318.3984718,-0.014,-1.260000039,-0.490000015,-0.008132473,0.132775063,0.016596883,TRUE
6226,1000_radii_1,1000,L,0,17,132.5512059,0,-233.7839966,766.4622192,318.3902893,-0.014,-1.260000039,-0.490000015,-0.008180839,0.133564715,0.016695589,TRUE
6227,1000_radii_1,1000,L,0,17,132.5679036,0,-233.8726959,766.5620728,318.3821106,-0.014,-1.260000039,-0.490000015,-0.008180691,0.1335623,0.016695288,TRUE
6228,1000_radii_1,1000,L,0,17,132.5844872,0,-233.9609375,766.661377,318.37397,-0.014,-1.260000039,-0.490000015,-0.008137502,0.132857167,0.016607146,TRUE
6229,1000_radii_1,1000,L,0,17,132.6011155,0,-234.0493622,766.7608643,318.3658142,-0.014,-1.260000039,-0.490000015,-0.008152884,0.133108311,0.016638539,TRUE
6230,1000_radii_1,1000,L,0,17,132.6178645,0,-234.1381989,766.8607788,318.3576279,-0.014,-1.260000039,-0.490000015,-0.008189861,0.13371202,0.016714003,TRUE
6231,1000_radii_1,1000,L,0,17,132.6345202,0,-234.2266235,766.9602051,318.3494759,-0.014,-1.260000039,-0.490000015,-0.008150222,0.133064844,0.016633105,TRUE
6232,1000_radii_1,1000,L,0,17,132.6511693,0,-234.3153992,767.0599976,318.3412971,-0.014,-1.260000039,-0.490000015,-0.008181135,0.133569545,0.016696193,TRUE
6233,1000_radii_1,1000,L,0,17,132.6679959,0,-234.4046783,767.1603394,318.3330688,-0.014,-1.260000039,-0.490000015,-0.008227135,0.13432056,0.01679007,TRUE
6234,1000_radii_1,1000,L,0,17,132.6845128,0,-234.4927216,767.2592773,318.3249588,-0.014,-1.260000039,-0.490000015,-0.008111766,0.132436986,0.016554623,TRUE
6235,1000_radii_1,1000,L,0,17,132.7012099,0,-234.5815887,767.3590698,318.3167725,-0.014,-1.260000039,-0.490000015,-0.00818572,0.133644405,0.016705551,TRUE
6236,1000_radii_1,1000,L,0,17,132.7178696,0,-234.6699066,767.458252,318.3086395,-0.014,-1.260000039,-0.490000015,-0.008134691,0.132811286,0.016601411,TRUE
6237,1000_radii_1,1000,L,0,17,132.7345078,0,-234.7585754,767.5578003,318.3004723,-0.014,-1.260000039,-0.490000015,-0.008164865,0.133303913,0.016662989,TRUE
6238,1000_radii_1,1000,L,0,17,132.7511373,0,-234.8471985,767.6572876,318.2923126,-0.014,-1.260000039,-0.490000015,-0.008159984,0.133224223,0.016653028,TRUE
6239,1000_radii_1,1000,L,0,17,132.767848,0,-234.9361877,767.7571411,318.2841187,-0.014,-1.260000039,-0.490000015,-0.00819282,0.133760317,0.01672004,TRUE
6240,1000_radii_1,1000,L,0,17,132.7845487,0,-235.0249329,767.8566895,318.2759514,-0.014,-1.260000039,-0.490000015,-0.008167823,0.133352209,0.016669026,TRUE
6241,1000_radii_1,1000,L,0,17,132.8011836,0,-235.1136322,767.9561768,318.2677841,-0.014,-1.260000039,-0.490000015,-0.008162794,0.133270105,0.016658763,TRUE
6242,1000_radii_1,1000,L,0,17,132.8179695,0,-235.2030182,768.0563965,318.2601509,-0.013,-1.170000024,-0.455000009,-0.007637971,0.134293996,0.01678675,TRUE
6243,1000_radii_1,1000,L,0,17,132.8345618,0,-235.2914124,768.1554565,318.2526016,-0.013,-1.170000024,-0.455000009,-0.007551857,0.132779893,0.016597487,TRUE
6244,1000_radii_1,1000,L,0,17,132.8512807,0,-235.3803253,768.2550659,318.2455902,-0.012,-1.080000009,-0.420000004,-0.007010119,0.133526078,0.01669076,TRUE
6245,1000_radii_1,1000,L,0,17,132.8678788,0,-235.4688873,768.3543091,318.2386093,-0.012,-1.080000009,-0.420000004,-0.006982228,0.132994813,0.016624352,TRUE
6246,1000_radii_1,1000,L,0,17,132.8845662,0,-235.5578156,768.4539185,318.2321815,-0.011,-0.989999995,-0.384999998,-0.006426059,0.133528493,0.016691062,TRUE
6247,1000_radii_1,1000,L,0,17,132.9012917,0,-235.6469421,768.5537109,318.226326,-0.01,-0.89999998,-0.349999992,-0.005853598,0.13379654,0.016724567,TRUE
6248,1000_radii_1,1000,L,0,17,132.917903,0,-235.734787,768.6520386,318.2205544,-0.01,-0.89999998,-0.349999992,-0.005768868,0.131859839,0.01648248,TRUE
6249,1000_radii_1,1000,L,0,17,132.9344631,0,-235.8235626,768.7514038,318.2147293,-0.01,-0.89999998,-0.349999992,-0.005829405,0.133243542,0.016655443,TRUE
6250,1000_radii_1,1000,L,0,17,132.9511572,0,-235.912735,768.8511963,318.2088737,-0.01,-0.89999998,-0.349999992,-0.005854338,0.133813443,0.01672668,TRUE
6251,1000_radii_1,1000,L,0,17,132.9679418,0,-236.0022125,768.9512939,318.2029991,-0.01,-0.89999998,-0.349999992,-0.005874306,0.134269848,0.016783731,TRUE
6252,1000_radii_1,1000,L,0,17,132.9844847,0,-236.0902405,769.0497437,318.1972237,-0.01,-0.89999998,-0.349999992,-0.005778693,0.132084419,0.016510552,TRUE
6253,1000_radii_1,1000,L,0,17,133.001147,0,-236.1792297,769.149292,318.1913757,-0.01,-0.89999998,-0.349999992,-0.005840921,0.133506759,0.016688345,TRUE
6254,1000_radii_1,1000,L,0,17,133.0178783,0,-236.2684479,769.2490845,318.185524,-0.01,-0.89999998,-0.349999992,-0.005855606,0.133842422,0.016730303,TRUE
6255,1000_radii_1,1000,L,0,17,133.0344975,0,-236.3569946,769.3480835,318.1797104,-0.01,-0.89999998,-0.349999992,-0.005809965,0.132799211,0.016599901,TRUE
6256,1000_radii_1,1000,L,0,17,133.051245,0,-236.4464722,769.4481201,318.1738396,-0.01,-0.89999998,-0.349999992,-0.005871136,0.134197403,0.016774675,TRUE
6257,1000_radii_1,1000,L,0,17,133.0678968,0,-236.5353088,769.5473633,318.1680145,-0.01,-0.89999998,-0.349999992,-0.005828454,0.133221808,0.016652726,TRUE
6258,1000_radii_1,1000,L,0,17,133.0845664,0,-236.6240845,769.6465454,318.1621933,-0.01,-0.89999998,-0.349999992,-0.005823383,0.133105896,0.016638237,TRUE
6259,1000_radii_1,1000,L,0,17,133.1011847,0,-236.7127533,769.7456055,318.1563797,-0.01,-0.89999998,-0.349999992,-0.005816093,0.132939272,0.016617409,TRUE
6260,1000_radii_1,1000,L,0,17,133.1179332,0,-236.8018036,769.8450317,318.1505318,-0.01,-0.89999998,-0.349999992,-0.005839653,0.133477781,0.016684723,TRUE
6261,1000_radii_1,1000,L,0,17,133.1344654,0,-236.890564,769.9441528,318.1447182,-0.01,-0.89999998,-0.349999992,-0.005820002,0.133028621,0.016628578,TRUE
6262,1000_radii_1,1000,L,0,17,133.1511939,0,-236.9797058,770.0436401,318.1388741,-0.01,-0.89999998,-0.349999992,-0.005844513,0.133588863,0.016698608,TRUE
6263,1000_radii_1,1000,L,0,17,133.167805,0,-237.0685425,770.1428223,318.133049,-0.01,-0.89999998,-0.349999992,-0.005824545,0.133132459,0.016641557,TRUE
6264,1000_radii_1,1000,L,0,17,133.1846032,0,-237.1581268,770.2427979,318.1271744,-0.01,-0.89999998,-0.349999992,-0.005872615,0.134231211,0.016778901,TRUE
6265,1000_radii_1,1000,L,0,17,133.2011503,0,-237.2462616,770.3411255,318.1213951,-0.01,-0.89999998,-0.349999992,-0.005777108,0.132048197,0.016506025,TRUE
6266,1000_radii_1,1000,L,0,17,133.217813,0,-237.3355255,770.4406738,318.1155472,-0.01,-0.89999998,-0.349999992,-0.005849689,0.133707191,0.016713399,TRUE
6267,1000_radii_1,1000,L,0,17,133.2344905,0,-237.4246063,770.539978,318.1097069,-0.01,-0.89999998,-0.349999992,-0.005837117,0.133419825,0.016677478,TRUE
6268,1000_radii_1,1000,L,0,17,133.2512096,0,-237.5137177,770.6393433,318.1038704,-0.01,-0.89999998,-0.349999992,-0.005838913,0.133460877,0.01668261,TRUE
6269,1000_radii_1,1000,L,0,17,133.2677832,0,-237.6023102,770.7380981,318.0980682,-0.01,-0.89999998,-0.349999992,-0.005804577,0.132676055,0.016584507,TRUE
6270,1000_radii_1,1000,L,0,17,133.2844619,0,-237.6916046,770.8376465,318.0922165,-0.01,-0.89999998,-0.349999992,-0.005849901,0.13371202,0.016714003,TRUE
6271,1000_radii_1,1000,L,0,17,133.3011726,0,-237.7804871,770.9366455,318.0863953,-0.01,-0.89999998,-0.349999992,-0.005821481,0.133062429,0.016632804,TRUE
6272,1000_radii_1,1000,L,0,17,133.317816,0,-237.8694916,771.0357666,318.0805664,-0.01,-0.89999998,-0.349999992,-0.005828877,0.133231467,0.016653933,TRUE
6273,1000_radii_1,1000,L,0,17,133.3344506,0,-237.9587555,771.1351929,318.0747223,-0.01,-0.89999998,-0.349999992,-0.005845675,0.133615427,0.016701928,TRUE
6274,1000_radii_1,1000,L,0,17,133.3511851,0,-238.0477905,771.234314,318.0688896,-0.01,-0.89999998,-0.349999992,-0.005829616,0.133248371,0.016656046,TRUE
6275,1000_radii_1,1000,L,0,17,133.3681113,0,-238.1379547,771.3347168,318.0629845,-0.01,-0.89999998,-0.349999992,-0.005903148,0.134929099,0.016866137,TRUE
6276,1000_radii_1,1000,L,0,17,133.3844836,0,-238.226059,771.4328003,318.0572166,-0.01,-0.89999998,-0.349999992,-0.005767283,0.131823617,0.016477952,TRUE
6277,1000_radii_1,1000,L,0,17,133.4012136,0,-238.3152924,771.5321045,318.0513802,-0.01,-0.89999998,-0.349999992,-0.005840604,0.133499514,0.016687439,TRUE
6278,1000_radii_1,1000,L,0,17,133.4178341,0,-238.4042816,771.6311035,318.0455513,-0.01,-0.89999998,-0.349999992,-0.005824439,0.133130044,0.016641256,TRUE
6279,1000_radii_1,1000,L,0,17,133.4344563,0,-238.4933319,771.7301636,318.0397301,-0.01,-0.89999998,-0.349999992,-0.005827186,0.13319283,0.016649104,TRUE
6280,1000_radii_1,1000,L,0,17,133.4511305,0,-238.5826263,771.8294678,318.0338821,-0.01,-0.89999998,-0.349999992,-0.0058424,0.133540567,0.016692571,TRUE
6281,1000_radii_1,1000,L,0,17,133.4678242,0,-238.6715393,771.9283447,318.0280685,-0.01,-0.89999998,-0.349999992,-0.005817255,0.132965835,0.016620729,TRUE
6282,1000_radii_1,1000,L,0,17,133.484483,0,-238.7607117,772.0274658,318.0222321,-0.01,-0.89999998,-0.349999992,-0.005833419,0.133335305,0.016666913,TRUE
6283,1000_radii_1,1000,L,0,17,133.5012133,0,-238.8506165,772.1273804,318.0163612,-0.01,-0.89999998,-0.349999992,-0.005880539,0.134412323,0.01680154,TRUE
6284,1000_radii_1,1000,L,0,17,133.5178189,0,-238.9394531,772.2260742,318.0105515,-0.01,-0.89999998,-0.349999992,-0.005810177,0.132804041,0.016600505,TRUE
6285,1000_radii_1,1000,L,0,17,133.534561,0,-239.028717,772.3252563,318.0047035,-0.01,-0.89999998,-0.349999992,-0.005837857,0.133436729,0.016679591,TRUE
6286,1000_radii_1,1000,L,0,17,133.5511965,0,-239.1181183,772.4245605,317.9982719,-0.011,-0.989999995,-0.384999998,-0.006430823,0.133627501,0.016703438,TRUE
6287,1000_radii_1,1000,L,0,17,133.5679172,0,-239.2072906,772.5235596,317.9912834,-0.012,-1.080000009,-0.420000004,-0.006995793,0.133253201,0.01665665,TRUE
6288,1000_radii_1,1000,L,0,17,133.5845449,0,-239.2966614,772.6228027,317.9836845,-0.013,-1.170000024,-0.455000009,-0.00759512,0.133540567,0.016692571,TRUE
6289,1000_radii_1,1000,L,0,17,133.6012347,0,-239.3860474,772.7219849,317.9755058,-0.014,-1.260000039,-0.490000015,-0.008179064,0.133535737,0.016691967,TRUE
6290,1000_radii_1,1000,L,0,17,133.6179227,0,-239.4752655,772.8209839,317.9667625,-0.015,-1.34999997,-0.524999988,-0.008745375,0.13326286,0.016657858,TRUE
6291,1000_radii_1,1000,L,0,17,133.634542,0,-239.5642853,772.9197388,317.9574547,-0.016000001,-1.440000068,-0.560000027,-0.009306257,0.132946516,0.016618315,TRUE
6292,1000_radii_1,1000,L,0,17,133.6511292,0,-239.6531525,773.0183105,317.9481659,-0.016000001,-1.440000068,-0.560000027,-0.009288677,0.132695373,0.016586922,TRUE
6293,1000_radii_1,1000,L,0,17,133.667874,0,-239.7429962,773.1179199,317.9387779,-0.016000001,-1.440000068,-0.560000027,-0.009389086,0.134129787,0.016766223,TRUE
6294,1000_radii_1,1000,L,0,17,133.6844159,0,-239.8316956,773.2162476,317.9295082,-0.016000001,-1.440000068,-0.560000027,-0.00926873,0.132410422,0.016551303,TRUE
6295,1000_radii_1,1000,L,0,17,133.7011782,0,-239.9213715,773.3156128,317.9201355,-0.016000001,-1.440000068,-0.560000027,-0.009369139,0.133844836,0.016730605,TRUE
6296,1000_radii_1,1000,L,0,17,133.7178119,0,-240.0106659,773.4144897,317.9108086,-0.016000001,-1.440000068,-0.560000027,-0.009327555,0.133250786,0.016656348,TRUE
6297,1000_radii_1,1000,L,0,17,133.7345241,0,-240.1003265,773.5137329,317.9014473,-0.016000001,-1.440000068,-0.560000027,-0.009363392,0.133762732,0.016720341,TRUE
6298,1000_radii_1,1000,L,0,17,133.7511551,0,-240.189209,773.6121216,317.8921661,-0.016000001,-1.440000068,-0.560000027,-0.009280901,0.132584291,0.016573036,TRUE
6299,1000_radii_1,1000,L,0,17,133.7678887,0,-240.2792358,773.711731,317.8827667,-0.016000001,-1.440000068,-0.560000027,-0.009398552,0.134265018,0.016783127,TRUE
6300,1000_radii_1,1000,L,0,17,133.784514,0,-240.3684387,773.8104248,317.8734589,-0.016000001,-1.440000068,-0.560000027,-0.009310821,0.133011717,0.016626465,TRUE
6301,1000_radii_1,1000,L,0,17,133.8011833,0,-240.4576874,773.9091187,317.8641396,-0.016000001,-1.440000068,-0.560000027,-0.009313694,0.133052769,0.016631596,TRUE
6302,1000_radii_1,1000,L,0,17,133.817773,0,-240.5467529,774.0075684,317.8548508,-0.016000001,-1.440000068,-0.560000027,-0.009292564,0.132750915,0.016593864,TRUE
6303,1000_radii_1,1000,L,0,17,133.8345277,0,-240.6368713,774.1071167,317.8454475,-0.016000001,-1.440000068,-0.560000027,-0.00940058,0.134293996,0.01678675,TRUE
6304,1000_radii_1,1000,L,0,17,133.8511463,0,-240.72612,774.2056885,317.8361435,-0.016000001,-1.440000068,-0.560000027,-0.009309468,0.132992398,0.01662405,TRUE
6305,1000_radii_1,1000,L,0,17,133.8677468,0,-240.8151855,774.3040161,317.8268547,-0.016000001,-1.440000068,-0.560000027,-0.009287662,0.132680884,0.016585111,TRUE
6306,1000_radii_1,1000,L,0,17,133.8845073,0,-240.905304,774.4035034,317.8174591,-0.016000001,-1.440000068,-0.560000027,-0.00939534,0.134219136,0.016777392,TRUE
6307,1000_radii_1,1000,L,0,17,133.9011287,0,-240.9945984,774.5020752,317.8081474,-0.016000001,-1.440000068,-0.560000027,-0.00930913,0.132987569,0.016623446,TRUE
6308,1000_radii_1,1000,L,0,17,133.9179381,0,-241.0845795,774.6013184,317.7987709,-0.016000001,-1.440000068,-0.560000027,-0.009378605,0.133980067,0.016747508,TRUE
6309,1000_radii_1,1000,L,0,17,133.9345703,0,-241.1742706,774.7001953,317.7900085,-0.015,-1.34999997,-0.524999988,-0.008761698,0.133511589,0.016688949,TRUE
6310,1000_radii_1,1000,L,0,17,133.9511397,0,-241.26297,774.7979736,317.7813416,-0.015,-1.34999997,-0.524999988,-0.008664236,0.132026463,0.016503308,TRUE
6311,1000_radii_1,1000,L,0,17,133.9678159,0,-241.3527985,774.8969727,317.7725754,-0.015,-1.34999997,-0.524999988,-0.008772157,0.133670968,0.016708871,TRUE
6312,1000_radii_1,1000,L,0,17,133.9845019,0,-241.4427032,774.9960327,317.7637939,-0.015,-1.34999997,-0.524999988,-0.008778496,0.133767562,0.016720945,TRUE
6313,1000_radii_1,1000,L,0,17,134.0011736,0,-241.5323639,775.0947876,317.7556229,-0.014,-1.260000039,-0.490000015,-0.008170485,0.133395676,0.01667446,TRUE
6314,1000_radii_1,1000,L,0,17,134.0177922,0,-241.6217499,775.1932373,317.7474785,-0.014,-1.260000039,-0.490000015,-0.008143122,0.132948931,0.016618616,TRUE
6315,1000_radii_1,1000,L,0,17,134.034441,0,-241.7108917,775.2913818,317.7393608,-0.014,-1.260000039,-0.490000015,-0.008119901,0.132569802,0.016571225,TRUE
6316,1000_radii_1,1000,L,0,17,134.05112,0,-241.8009033,775.3904419,317.731163,-0.014,-1.260000039,-0.490000015,-0.008197405,0.133835177,0.016729397,TRUE
6317,1000_radii_1,1000,L,0,17,134.0678219,0,-241.8908691,775.4894409,317.7229767,-0.014,-1.260000039,-0.490000015,-0.008192672,0.133757902,0.016719738,TRUE
6318,1000_radii_1,1000,L,0,17,134.0844822,0,-241.9805298,775.5880737,317.7148094,-0.014,-1.260000039,-0.490000015,-0.008164125,0.133291838,0.01666148,TRUE
6319,1000_radii_1,1000,L,0,17,134.1011727,0,-242.0700226,775.6864624,317.7066574,-0.014,-1.260000039,-0.490000015,-0.008147264,0.133016547,0.016627068,TRUE
6320,1000_radii_1,1000,L,0,17,134.1178441,0,-242.1599884,775.7853394,317.6984711,-0.014,-1.260000039,-0.490000015,-0.008188678,0.133692702,0.016711588,TRUE
6321,1000_radii_1,1000,L,0,17,134.1344395,0,-242.2494659,775.883667,317.6903229,-0.014,-1.260000039,-0.490000015,-0.008143566,0.132956176,0.016619522,TRUE
6322,1000_radii_1,1000,L,0,17,134.1511499,0,-242.3393402,775.9824219,317.682148,-0.014,-1.260000039,-0.490000015,-0.008177141,0.133504344,0.016688043,TRUE
6323,1000_radii_1,1000,L,0,17,134.1678403,0,-242.4292145,776.0811157,317.6739731,-0.014,-1.260000039,-0.490000015,-0.008176254,0.133489855,0.016686232,TRUE
6324,1000_radii_1,1000,L,0,17,134.1844279,0,-242.5187531,776.1794434,317.6658287,-0.014,-1.260000039,-0.490000015,-0.008144749,0.132975495,0.016621937,TRUE
6325,1000_radii_1,1000,L,0,17,134.2012074,0,-242.6087494,776.2782593,317.6576462,-0.014,-1.260000039,-0.490000015,-0.008185572,0.13364199,0.016705249,TRUE
6326,1000_radii_1,1000,L,0,17,134.2177765,0,-242.6980743,776.3762817,317.6495209,-0.014,-1.260000039,-0.490000015,-0.008122859,0.132618098,0.016577262,TRUE
6327,1000_radii_1,1000,L,0,17,134.2344645,0,-242.7883301,776.4752808,317.6413155,-0.014,-1.260000039,-0.490000015,-0.008205688,0.133970408,0.016746301,TRUE
6328,1000_radii_1,1000,L,0,17,134.2511426,0,-242.8782349,776.5738525,317.6331406,-0.014,-1.260000039,-0.490000015,-0.008172408,0.133427069,0.016678384,TRUE
6329,1000_radii_1,1000,L,0,17,134.2679354,0,-242.9683685,776.6726685,317.6249504,-0.014,-1.260000039,-0.490000015,-0.008192524,0.133755487,0.016719436,TRUE
6330,1000_radii_1,1000,L,0,17,134.284481,0,-243.0578156,776.7706909,317.6168213,-0.014,-1.260000039,-0.490000015,-0.008129367,0.132724351,0.016590544,TRUE
6331,1000_radii_1,1000,L,0,17,134.3011454,0,-243.1478271,776.8693237,317.6086388,-0.014,-1.260000039,-0.490000015,-0.008178916,0.133533322,0.016691665,TRUE
6332,1000_radii_1,1000,L,0,17,134.3178018,0,-243.2376862,776.9677734,317.6004753,-0.014,-1.260000039,-0.490000015,-0.008163386,0.133279764,0.016659971,TRUE
6333,1000_radii_1,1000,L,0,17,134.3344313,0,-243.32724,777.0658569,317.5923462,-0.014,-1.260000039,-0.490000015,-0.008134396,0.132806456,0.016600807,TRUE
6334,1000_radii_1,1000,L,0,17,134.351119,0,-243.417099,777.1642456,317.5841789,-0.014,-1.260000039,-0.490000015,-0.008161019,0.133241127,0.016655141,TRUE
6335,1000_radii_1,1000,L,0,17,134.3677977,0,-243.506897,777.2625122,317.5760269,-0.014,-1.260000039,-0.490000015,-0.008154659,0.133137289,0.016642161,TRUE
6336,1000_radii_1,1000,L,0,17,134.3844547,0,-243.5969543,777.361084,317.5678482,-0.014,-1.260000039,-0.490000015,-0.008177141,0.133504344,0.016688043,TRUE
6337,1000_radii_1,1000,L,0,17,134.4011608,0,-243.6874695,777.460083,317.5596313,-0.014,-1.260000039,-0.490000015,-0.008216781,0.134151521,0.01676894,TRUE
6338,1000_radii_1,1000,L,0,17,134.4178338,0,-243.7775269,777.5585938,317.5514603,-0.014,-1.260000039,-0.490000015,-0.008174035,0.133453633,0.016681704,TRUE
6339,1000_radii_1,1000,L,0,17,134.4344355,0,-243.8670197,777.6564331,317.5433388,-0.014,-1.260000039,-0.490000015,-0.008121084,0.13258912,0.01657364,TRUE
6340,1000_radii_1,1000,L,0,17,134.4510979,0,-243.9569855,777.7547607,317.5351753,-0.014,-1.260000039,-0.490000015,-0.008162794,0.133270105,0.016658763,TRUE
6341,1000_radii_1,1000,L,0,17,134.4678037,0,-244.0473938,777.8535156,317.5269775,-0.014,-1.260000039,-0.490000015,-0.008201546,0.133902792,0.016737849,TRUE
6342,1000_radii_1,1000,L,0,17,134.48441,0,-244.1371002,777.9515381,317.518837,-0.014,-1.260000039,-0.490000015,-0.008137502,0.132857167,0.016607146,TRUE
6343,1000_radii_1,1000,L,0,17,134.5011394,0,-244.2271271,778.0498657,317.5106773,-0.014,-1.260000039,-0.490000015,-0.008165309,0.133311157,0.016663895,TRUE
6344,1000_radii_1,1000,L,0,17,134.5177637,0,-244.317215,778.1481934,317.5025024,-0.014,-1.260000039,-0.490000015,-0.008168858,0.133369113,0.016671139,TRUE
6345,1000_radii_1,1000,L,0,17,134.5344711,0,-244.407608,778.2468872,317.4943085,-0.014,-1.260000039,-0.490000015,-0.008196222,0.133815858,0.016726982,TRUE
6346,1000_radii_1,1000,L,0,17,134.5511338,0,-244.4975128,778.3449707,317.4861603,-0.014,-1.260000039,-0.490000015,-0.008150222,0.133064844,0.016633105,TRUE
6347,1000_radii_1,1000,L,0,17,134.5678007,0,-244.5877533,778.4434204,317.4779778,-0.014,-1.260000039,-0.490000015,-0.008179656,0.133545396,0.016693175,TRUE
6348,1000_radii_1,1000,L,0,17,134.5844839,0,-244.6779175,778.541748,317.4698067,-0.014,-1.260000039,-0.490000015,-0.008171669,0.133414995,0.016676874,TRUE
6349,1000_radii_1,1000,L,0,17,134.6011143,0,-244.7676544,778.6395874,317.4616776,-0.014,-1.260000039,-0.490000015,-0.00813055,0.13274367,0.016592959,TRUE
6350,1000_radii_1,1000,L,0,17,134.6177594,0,-244.8576965,778.7377319,317.4535141,-0.014,-1.260000039,-0.490000015,-0.008157322,0.133180756,0.016647594,TRUE
6351,1000_radii_1,1000,L,0,17,134.6344605,0,-244.9482727,778.8364258,317.4453125,-0.014,-1.260000039,-0.490000015,-0.008204652,0.133953504,0.016744188,TRUE
6352,1000_radii_1,1000,L,0,17,134.6510848,0,-245.0382233,778.9343872,317.4371681,-0.014,-1.260000039,-0.490000015,-0.008146672,0.133006887,0.016625861,TRUE
6353,1000_radii_1,1000,L,0,17,134.6677662,0,-245.1282043,779.0323486,317.4290161,-0.014,-1.260000039,-0.490000015,-0.00814756,0.133021376,0.016627672,TRUE
6354,1000_radii_1,1000,L,0,17,134.6844522,0,-245.21875,779.1309204,317.4208183,-0.014,-1.260000039,-0.490000015,-0.008197996,0.133844836,0.016730605,TRUE
6355,1000_radii_1,1000,L,0,17,134.7011366,0,-245.3091125,779.229248,317.4126434,-0.014,-1.260000039,-0.490000015,-0.008179508,0.133542982,0.016692873,TRUE
6356,1000_radii_1,1000,L,0,17,134.717834,0,-245.3991394,779.3272095,317.4044952,-0.014,-1.260000039,-0.490000015,-0.008148595,0.13303828,0.016629785,TRUE
6357,1000_radii_1,1000,L,0,17,134.7344372,0,-245.4892426,779.4252319,317.3963394,-0.014,-1.260000039,-0.490000015,-0.008154363,0.133132459,0.016641557,TRUE
6358,1000_radii_1,1000,L,0,17,134.7510769,0,-245.5795135,779.5233765,317.3881721,-0.014,-1.260000039,-0.490000015,-0.008168119,0.133357039,0.01666963,TRUE
6359,1000_radii_1,1000,L,0,17,134.7677674,0,-245.6698608,779.621582,317.3799973,-0.014,-1.260000039,-0.490000015,-0.008173444,0.133443973,0.016680497,TRUE
6360,1000_radii_1,1000,L,0,17,134.7844005,0,-245.7598419,779.7193604,317.3718605,-0.014,-1.260000039,-0.490000015,-0.008138833,0.132878901,0.016609863,TRUE
6361,1000_radii_1,1000,L,0,17,134.8011601,0,-245.850769,779.8181763,317.363636,-0.014,-1.260000039,-0.490000015,-0.008223585,0.134262603,0.016782825,TRUE
6362,1000_radii_1,1000,L,0,17,134.8177703,0,-245.9407654,779.9159546,317.3554955,-0.014,-1.260000039,-0.490000015,-0.008138389,0.132871656,0.016608957,TRUE
6363,1000_radii_1,1000,L,0,17,134.8345621,0,-246.031601,780.0145874,317.3472824,-0.014,-1.260000039,-0.490000015,-0.008212935,0.134088735,0.016761092,TRUE
6364,1000_radii_1,1000,L,0,17,134.8511943,0,-246.1219482,780.1126709,317.3391151,-0.014,-1.260000039,-0.490000015,-0.008166788,0.133335305,0.016666913,TRUE
6365,1000_radii_1,1000,L,0,17,134.8677846,0,-246.2119141,780.2102661,317.330986,-0.014,-1.260000039,-0.490000015,-0.008131142,0.132753329,0.016594166,TRUE
6366,1000_radii_1,1000,L,0,17,134.8845209,0,-246.3023224,780.3083496,317.3228111,-0.014,-1.260000039,-0.490000015,-0.008170485,0.133395676,0.01667446,TRUE
6367,1000_radii_1,1000,L,0,17,134.9011299,0,-246.3925171,780.406189,317.3146629,-0.014,-1.260000039,-0.490000015,-0.00815037,0.133067258,0.016633407,TRUE
6368,1000_radii_1,1000,L,0,17,134.9178179,0,-246.4831543,780.5044556,317.3064728,-0.014,-1.260000039,-0.490000015,-0.008189122,0.133699946,0.016712493,TRUE
6369,1000_radii_1,1000,L,0,17,134.9344151,0,-246.5732727,780.6021118,317.298336,-0.014,-1.260000039,-0.490000015,-0.008140016,0.13289822,0.016612277,TRUE
6370,1000_radii_1,1000,L,0,17,134.951181,0,-246.6637573,780.7001953,317.2901649,-0.014,-1.260000039,-0.490000015,-0.008172556,0.133429484,0.016678686,TRUE
6371,1000_radii_1,1000,L,0,17,134.9678814,0,-246.7548218,780.7988281,317.2819405,-0.014,-1.260000039,-0.490000015,-0.008223437,0.134260189,0.016782524,TRUE
6372,1000_radii_1,1000,L,0,17,134.9843932,0,-246.8444519,780.895874,317.2738419,-0.014,-1.260000039,-0.490000015,-0.008092833,0.132127886,0.016515986,TRUE
6373,1000_radii_1,1000,L,0,17,135.0011129,0,-246.9347992,780.9937134,317.265686,-0.014,-1.260000039,-0.490000015,-0.008155842,0.133156607,0.016644576,TRUE
6374,1000_radii_1,1000,L,0,17,135.0177337,0,-247.0254364,781.0917969,317.2575111,-0.014,-1.260000039,-0.490000015,-0.008180247,0.133555056,0.016694382,TRUE
6375,1000_radii_1,1000,L,0,17,135.0344051,0,-247.1155548,781.1893311,317.2493782,-0.014,-1.260000039,-0.490000015,-0.008132177,0.132770233,0.016596279,TRUE
6376,1000_radii_1,1000,L,0,17,135.0511801,0,-247.2067108,781.2879639,317.2411537,-0.014,-1.260000039,-0.490000015,-0.008225655,0.134296411,0.016787051,TRUE
6377,1000_radii_1,1000,L,0,17,135.0677546,0,-247.2967987,781.385376,317.2330208,-0.014,-1.260000039,-0.490000015,-0.00812774,0.132697788,0.016587224,TRUE
6378,1000_radii_1,1000,L,0,17,135.0843621,0,-247.3872528,781.4831543,317.224865,-0.014,-1.260000039,-0.490000015,-0.008159096,0.133209734,0.016651217,TRUE
6379,1000_radii_1,1000,L,0,17,135.1010417,0,-247.4779205,781.5811768,317.2166901,-0.014,-1.260000039,-0.490000015,-0.008177289,0.133506759,0.016688345,TRUE
6380,1000_radii_1,1000,L,0,17,135.1178079,0,-247.5687103,781.6792603,317.2085037,-0.014,-1.260000039,-0.490000015,-0.008186755,0.133661309,0.016707664,TRUE
6381,1000_radii_1,1000,L,0,17,135.1343568,0,-247.6589661,781.7767334,317.2003593,-0.014,-1.260000039,-0.490000015,-0.008137502,0.132857167,0.016607146,TRUE
6382,1000_radii_1,1000,L,0,17,135.151085,0,-247.7498932,781.874939,317.1921692,-0.014,-1.260000039,-0.490000015,-0.008196813,0.133825518,0.01672819,TRUE
6383,1000_radii_1,1000,L,0,17,135.1677549,0,-247.84021,781.9724731,317.1840248,-0.014,-1.260000039,-0.490000015,-0.00814046,0.132905464,0.016613183,TRUE
6384,1000_radii_1,1000,L,0,17,135.1844595,0,-247.9312897,782.0708008,317.1758156,-0.014,-1.260000039,-0.490000015,-0.008208646,0.134018705,0.016752338,TRUE
6385,1000_radii_1,1000,L,0,17,135.2010649,0,-248.021637,782.1682739,317.1676788,-0.014,-1.260000039,-0.490000015,-0.008141199,0.132917538,0.016614692,TRUE
6386,1000_radii_1,1000,L,0,17,135.2177973,0,-248.1123047,782.2660522,317.1595078,-0.014,-1.260000039,-0.490000015,-0.008167971,0.133354624,0.016669328,TRUE
6387,1000_radii_1,1000,L,0,17,135.2344561,0,-248.2031097,782.3639526,317.1513252,-0.014,-1.260000039,-0.490000015,-0.0081801,0.133552641,0.01669408,TRUE
6388,1000_radii_1,1000,L,0,17,135.2510554,0,-248.2935181,782.4614258,317.1431808,-0.014,-1.260000039,-0.490000015,-0.008142974,0.132946516,0.016618315,TRUE
6389,1000_radii_1,1000,L,0,17,135.2677845,0,-248.3845978,782.5595703,317.1349831,-0.014,-1.260000039,-0.490000015,-0.008201694,0.133905207,0.016738151,TRUE
6390,1000_radii_1,1000,L,0,17,135.2844007,0,-248.4748383,782.6567993,317.1268578,-0.014,-1.260000039,-0.490000015,-0.008125521,0.132661566,0.016582696,TRUE
6391,1000_radii_1,1000,L,0,17,135.3011198,0,-248.5660248,782.7550049,317.1186485,-0.014,-1.260000039,-0.490000015,-0.008208942,0.134023534,0.016752942,TRUE
6392,1000_radii_1,1000,L,0,17,135.3177912,0,-248.6561584,782.8520508,317.1105385,-0.014,-1.260000039,-0.490000015,-0.008113541,0.132465964,0.016558245,TRUE
6393,1000_radii_1,1000,L,0,17,135.3344083,0,-248.7469635,782.9498291,317.1023598,-0.014,-1.260000039,-0.490000015,-0.008172408,0.133427069,0.016678384,TRUE
6394,1000_radii_1,1000,L,0,17,135.351068,0,-248.8377838,783.0475464,317.0941963,-0.014,-1.260000039,-0.490000015,-0.008171817,0.13341741,0.016677176,TRUE
6395,1000_radii_1,1000,L,0,17,135.3677911,0,-248.9284821,783.1451416,317.0860291,-0.014,-1.260000039,-0.490000015,-0.008159688,0.133219393,0.016652424,TRUE
6396,1000_radii_1,1000,L,0,17,135.3844227,0,-249.0196533,783.2432251,317.0778313,-0.014,-1.260000039,-0.490000015,-0.008201103,0.133895548,0.016736943,TRUE
6397,1000_radii_1,1000,L,0,17,135.4011684,0,-249.110672,783.3411255,317.0696449,-0.014,-1.260000039,-0.490000015,-0.008186607,0.133658894,0.016707362,TRUE
6398,1000_radii_1,1000,L,0,17,135.4177106,0,-249.200943,783.4381714,317.0615273,-0.014,-1.260000039,-0.490000015,-0.008118274,0.132543238,0.016567905,TRUE
6399,1000_radii_1,1000,L,0,17,135.434382,0,-249.2918091,783.5358276,317.0533562,-0.014,-1.260000039,-0.490000015,-0.008170042,0.133388432,0.016673554,TRUE
6400,1000_radii_1,1000,L,0,17,135.4510882,0,-249.3827362,783.6335449,317.0451813,-0.014,-1.260000039,-0.490000015,-0.008174331,0.133458462,0.016682308,TRUE
6401,1000_radii_1,1000,L,0,17,135.4677322,0,-249.473587,783.7311401,317.037014,-0.014,-1.260000039,-0.490000015,-0.008166788,0.133335305,0.016666913,TRUE
6402,1000_radii_1,1000,L,0,17,135.484464,0,-249.5648193,783.8291016,317.0288124,-0.014,-1.260000039,-0.490000015,-0.008198588,0.133854496,0.016731812,TRUE
6403,1000_radii_1,1000,L,0,17,135.501111,0,-249.655365,783.9263306,317.0206795,-0.014,-1.260000039,-0.490000015,-0.008136614,0.132842678,0.016605335,TRUE
6404,1000_radii_1,1000,L,0,17,135.5177187,0,-249.746048,784.0236206,317.0125313,-0.014,-1.260000039,-0.490000015,-0.008147707,0.133023791,0.016627974,TRUE
6405,1000_radii_1,1000,L,0,17,135.5343884,0,-249.8371582,784.1213379,317.0043488,-0.014,-1.260000039,-0.490000015,-0.008184241,0.133620256,0.016702532,TRUE
6406,1000_radii_1,1000,L,0,17,135.5510353,0,-249.9275818,784.2183228,316.9962273,-0.014,-1.260000039,-0.490000015,-0.008121084,0.13258912,0.01657364,TRUE
6407,1000_radii_1,1000,L,0,17,135.5677186,0,-250.0188293,784.3161621,316.9880333,-0.014,-1.260000039,-0.490000015,-0.00819489,0.133794125,0.016724266,TRUE
6408,1000_radii_1,1000,L,0,17,135.5843408,0,-250.1096649,784.4135132,316.9798737,-0.014,-1.260000039,-0.490000015,-0.008156434,0.133166267,0.016645783,TRUE
6409,1000_radii_1,1000,L,0,17,135.6012519,0,-250.2020111,784.5124512,316.9715843,-0.014,-1.260000039,-0.490000015,-0.008290144,0.135349281,0.01691866,TRUE
6410,1000_radii_1,1000,L,0,17,135.6177253,0,-250.2916107,784.6084595,316.9635391,-0.014,-1.260000039,-0.490000015,-0.00804284,0.131311671,0.016413959,TRUE
6411,1000_radii_1,1000,L,0,17,135.6344571,0,-250.3832855,784.706665,316.9553146,-0.014,-1.260000039,-0.490000015,-0.008227282,0.134322974,0.016790372,TRUE
6412,1000_radii_1,1000,L,0,17,135.6510519,0,-250.4738617,784.8036499,316.9471855,-0.014,-1.260000039,-0.490000015,-0.008128479,0.132709862,0.016588733,TRUE
6413,1000_radii_1,1000,L,0,17,135.6678447,0,-250.5652313,784.9014282,316.9389877,-0.014,-1.260000039,-0.490000015,-0.008197849,0.133842422,0.016730303,TRUE
6414,1000_radii_1,1000,L,0,17,135.6843924,0,-250.6558533,784.9984131,316.9308624,-0.014,-1.260000039,-0.490000015,-0.008128923,0.132717107,0.016589638,TRUE
6415,1000_radii_1,1000,L,0,17,135.7010629,0,-250.7470703,785.0960083,316.9226799,-0.014,-1.260000039,-0.490000015,-0.00818217,0.133586449,0.016698306,TRUE
6416,1000_radii_1,1000,L,0,17,135.7176975,0,-250.8379669,785.1932373,316.9145279,-0.014,-1.260000039,-0.490000015,-0.008151701,0.133088992,0.016636124,TRUE
6417,1000_radii_1,1000,L,0,17,135.7343919,0,-250.9290161,785.2905884,316.9063644,-0.014,-1.260000039,-0.490000015,-0.008163682,0.133284594,0.016660574,TRUE
6418,1000_radii_1,1000,L,0,17,135.7510299,0,-251.0201263,785.3880005,316.8981934,-0.014,-1.260000039,-0.490000015,-0.008168563,0.133364284,0.016670535,TRUE
6419,1000_radii_1,1000,L,0,17,135.767698,0,-251.1111908,785.4852905,316.8900261,-0.014,-1.260000039,-0.490000015,-0.00816309,0.133274934,0.016659367,TRUE
6420,1000_radii_1,1000,L,0,17,135.7843664,0,-251.2020721,785.5823975,316.8818817,-0.014,-1.260000039,-0.490000015,-0.008145193,0.132982739,0.016622842,TRUE
6421,1000_radii_1,1000,L,0,17,135.8010985,0,-251.2936859,785.6802368,316.8736763,-0.014,-1.260000039,-0.490000015,-0.008209829,0.134038023,0.016754753,TRUE
6422,1000_radii_1,1000,L,0,17,135.8177078,0,-251.3846436,785.7773438,316.8655281,-0.014,-1.260000039,-0.490000015,-0.008150074,0.133062429,0.016632804,TRUE
6423,1000_radii_1,1000,L,0,17,135.8343901,0,-251.4755859,785.8743896,316.8573799,-0.014,-1.260000039,-0.490000015,-0.008147264,0.133016547,0.016627068,TRUE
6424,1000_radii_1,1000,L,0,17,135.8511814,0,-251.5675812,785.9725342,316.8491402,-0.014,-1.260000039,-0.490000015,-0.008239707,0.134525821,0.016815728,TRUE
6425,1000_radii_1,1000,L,0,17,135.8677477,0,-251.6584167,786.069458,316.8409996,-0.014,-1.260000039,-0.490000015,-0.008135431,0.13282336,0.01660292,TRUE
6426,1000_radii_1,1000,L,0,17,135.8844095,0,-251.749588,786.166687,316.83284,-0.014,-1.260000039,-0.490000015,-0.008164421,0.133296668,0.016662084,TRUE
6427,1000_radii_1,1000,L,0,17,135.9011042,0,-251.8405457,786.2636719,316.8246918,-0.014,-1.260000039,-0.490000015,-0.008142974,0.132946516,0.016618315,TRUE
6428,1000_radii_1,1000,L,0,17,135.917824,0,-251.932373,786.3615723,316.8164749,-0.014,-1.260000039,-0.490000015,-0.008220183,0.134207062,0.016775883,TRUE
6429,1000_radii_1,1000,L,0,17,135.9343949,0,-252.0231934,786.458374,316.8083458,-0.014,-1.260000039,-0.490000015,-0.008129219,0.132721936,0.016590242,TRUE
6430,1000_radii_1,1000,L,0,17,135.9510781,0,-252.1143799,786.555481,316.8001862,-0.014,-1.260000039,-0.490000015,-0.008160576,0.133233882,0.016654235,TRUE
6431,1000_radii_1,1000,L,0,17,135.9678156,0,-252.2059479,786.6530151,316.7919884,-0.014,-1.260000039,-0.490000015,-0.008193707,0.133774806,0.016721851,TRUE
6432,1000_radii_1,1000,L,0,17,135.9844427,0,-252.2972565,786.7502441,316.7838211,-0.014,-1.260000039,-0.490000015,-0.008169302,0.133376358,0.016672045,TRUE
6433,1000_radii_1,1000,L,0,17,136.0010393,0,-252.3881836,786.8469849,316.775692,-0.014,-1.260000039,-0.490000015,-0.008132917,0.132782307,0.016597788,TRUE
6434,1000_radii_1,1000,L,0,17,136.0176875,0,-252.4792328,786.9438477,316.7675438,-0.014,-1.260000039,-0.490000015,-0.008143566,0.132956176,0.016619522,TRUE
6435,1000_radii_1,1000,L,0,17,136.0343882,0,-252.5705719,787.0410156,316.7593842,-0.014,-1.260000039,-0.490000015,-0.008168267,0.133359454,0.016669932,TRUE
6436,1000_radii_1,1000,L,0,17,136.0510883,0,-252.6623688,787.1386108,316.7511711,-0.014,-1.260000039,-0.490000015,-0.008207019,0.133992142,0.016749018,TRUE
6437,1000_radii_1,1000,L,0,17,136.0677251,0,-252.7532043,787.2351685,316.7430496,-0.014,-1.260000039,-0.490000015,-0.008120344,0.132577046,0.016572131,TRUE
6438,1000_radii_1,1000,L,0,17,136.0843521,0,-252.8447266,787.3324585,316.7348709,-0.014,-1.260000039,-0.490000015,-0.008180395,0.133557471,0.016694684,TRUE
6439,1000_radii_1,1000,L,0,17,136.101038,0,-252.936264,787.4296875,316.7266922,-0.014,-1.260000039,-0.490000015,-0.008180691,0.1335623,0.016695288,TRUE
6440,1000_radii_1,1000,L,0,17,136.1177116,0,-253.0273438,787.5264282,316.7185516,-0.014,-1.260000039,-0.490000015,-0.00813765,0.132859582,0.016607448,TRUE
6441,1000_radii_1,1000,L,0,17,136.1343951,0,-253.1190186,787.6237793,316.7103615,-0.014,-1.260000039,-0.490000015,-0.008190453,0.13372168,0.01671521,TRUE
6442,1000_radii_1,1000,L,0,17,136.1510973,0,-253.2104797,787.7208862,316.7021942,-0.014,-1.260000039,-0.490000015,-0.008169894,0.133386017,0.016673252,TRUE
6443,1000_radii_1,1000,L,0,17,136.1676888,0,-253.3018494,787.8178711,316.6940308,-0.014,-1.260000039,-0.490000015,-0.008159984,0.133224223,0.016653028,TRUE
6444,1000_radii_1,1000,L,0,17,136.1843551,0,-253.3931274,787.9147339,316.6858826,-0.014,-1.260000039,-0.490000015,-0.008150961,0.133076918,0.016634615,TRUE
6445,1000_radii_1,1000,L,0,17,136.201016,0,-253.4847412,788.0119019,316.6776962,-0.014,-1.260000039,-0.490000015,-0.0081801,0.133552641,0.01669408,TRUE
6446,1000_radii_1,1000,L,0,17,136.2176871,0,-253.5762482,788.1089478,316.6695328,-0.014,-1.260000039,-0.490000015,-0.008169154,0.133373943,0.016671743,TRUE
6447,1000_radii_1,1000,L,0,17,136.2343712,0,-253.6676788,788.2058716,316.6613693,-0.014,-1.260000039,-0.490000015,-0.008160871,0.133238712,0.016654839,TRUE
6448,1000_radii_1,1000,L,0,17,136.2511154,0,-253.7597198,788.3034058,316.6531525,-0.014,-1.260000039,-0.490000015,-0.008213675,0.134100809,0.016762601,TRUE
6449,1000_radii_1,1000,L,0,17,136.2676731,0,-253.8506927,788.3997803,316.6450348,-0.014,-1.260000039,-0.490000015,-0.00811783,0.132535994,0.016566999,TRUE
6450,1000_radii_1,1000,L,0,17,136.2845981,0,-253.9431915,788.4977417,316.6367836,-0.014,-1.260000039,-0.490000015,-0.008251983,0.134726252,0.016840782,TRUE
6451,1000_radii_1,1000,L,0,17,136.3010202,0,-254.0336609,788.5935059,316.6287193,-0.014,-1.260000039,-0.490000015,-0.008069907,0.131753586,0.016469198,TRUE
6452,1000_radii_1,1000,L,0,17,136.3177076,0,-254.1255341,788.6907349,316.6205215,-0.014,-1.260000039,-0.490000015,-0.008194151,0.133782051,0.016722756,TRUE
6453,1000_radii_1,1000,L,0,17,136.33438,0,-254.2171478,788.7877197,316.6123543,-0.014,-1.260000039,-0.490000015,-0.008170485,0.133395676,0.01667446,TRUE
6454,1000_radii_1,1000,L,0,17,136.3510885,0,-254.3085327,788.8843994,316.6042061,-0.014,-1.260000039,-0.490000015,-0.008147855,0.133026206,0.016628276,TRUE
6455,1000_radii_1,1000,L,0,17,136.3676682,0,-254.4000549,788.9812012,316.5960464,-0.014,-1.260000039,-0.490000015,-0.008158949,0.133207319,0.016650915,TRUE
6456,1000_radii_1,1000,L,0,17,136.3844266,0,-254.4921875,789.0786133,316.5878296,-0.014,-1.260000039,-0.490000015,-0.008212196,0.134076661,0.016759583,TRUE
6457,1000_radii_1,1000,L,0,17,136.4010739,0,-254.583374,789.1749878,316.5797043,-0.014,-1.260000039,-0.490000015,-0.008127148,0.132688129,0.016586016,TRUE
6458,1000_radii_1,1000,L,0,17,136.4177227,0,-254.6750946,789.2719116,316.5715332,-0.014,-1.260000039,-0.490000015,-0.008173,0.133436729,0.016679591,TRUE
6459,1000_radii_1,1000,L,0,17,136.4343507,0,-254.7666931,789.3686523,316.5633698,-0.014,-1.260000039,-0.490000015,-0.008161463,0.133248371,0.016656046,TRUE
6460,1000_radii_1,1000,L,0,17,136.4511287,0,-254.8587341,789.4658813,316.555172,-0.014,-1.260000039,-0.490000015,-0.008199771,0.133873814,0.016734227,TRUE
6461,1000_radii_1,1000,L,0,17,136.4677276,0,-254.950119,789.5623779,316.5470276,-0.014,-1.260000039,-0.490000015,-0.008140312,0.132903049,0.016612881,TRUE
6462,1000_radii_1,1000,L,0,17,136.4843472,0,-255.0417633,789.6591187,316.538868,-0.014,-1.260000039,-0.490000015,-0.008161907,0.133255616,0.016656952,TRUE
6463,1000_radii_1,1000,L,0,17,136.5011439,0,-255.1341858,789.7566528,316.5306396,-0.014,-1.260000039,-0.490000015,-0.008230241,0.134371271,0.016796409,TRUE
6464,1000_radii_1,1000,L,0,17,136.5178488,0,-255.2253113,789.8527832,316.5225258,-0.014,-1.260000039,-0.490000015,-0.008112801,0.132453889,0.016556736,TRUE
6465,1000_radii_1,1000,L,0,17,136.5343576,0,-255.3170013,789.9494629,316.5143623,-0.014,-1.260000039,-0.490000015,-0.008161611,0.133250786,0.016656348,TRUE
6466,1000_radii_1,1000,L,0,17,136.5510963,0,-255.4085541,790.0460205,316.5062141,-0.014,-1.260000039,-0.490000015,-0.008149187,0.13304794,0.016630992,TRUE
6467,1000_radii_1,1000,L,0,17,136.567737,0,-255.5005646,790.1430054,316.498024,-0.014,-1.260000039,-0.490000015,-0.008187939,0.133680627,0.016710078,TRUE
6468,1000_radii_1,1000,L,0,17,136.5843302,0,-255.5920258,790.2393799,316.4898911,-0.014,-1.260000039,-0.490000015,-0.008137354,0.132854753,0.016606844,TRUE
6469,1000_radii_1,1000,L,0,17,136.6010228,0,-255.684082,790.3363647,316.4816971,-0.014,-1.260000039,-0.490000015,-0.00818927,0.133702361,0.016712795,TRUE
6470,1000_radii_1,1000,L,0,17,136.6177175,0,-255.776062,790.4332275,316.4735146,-0.014,-1.260000039,-0.490000015,-0.008182022,0.133584034,0.016698004,TRUE
6471,1000_radii_1,1000,L,0,17,136.6343201,0,-255.8673706,790.5293579,316.4654007,-0.014,-1.260000039,-0.490000015,-0.008121084,0.13258912,0.01657364,TRUE
6472,1000_radii_1,1000,L,0,17,136.6508762,0,-255.958786,790.6255493,316.4572678,-0.014,-1.260000039,-0.490000015,-0.008129367,0.132724351,0.016590544,TRUE
6473,1000_radii_1,1000,L,0,17,136.6676739,0,-256.0513611,790.7229614,316.4490356,-0.014,-1.260000039,-0.490000015,-0.008230389,0.134373686,0.016796711,TRUE
6474,1000_radii_1,1000,L,0,17,136.6843697,0,-256.1433411,790.8197021,316.4408646,-0.014,-1.260000039,-0.490000015,-0.00817581,0.133482611,0.016685326,TRUE
6475,1000_radii_1,1000,L,0,17,136.701024,0,-256.2351685,790.9162598,316.4327011,-0.014,-1.260000039,-0.490000015,-0.00816235,0.13326286,0.016657858,TRUE
6476,1000_radii_1,1000,L,0,17,136.7176541,0,-256.3269043,791.0126953,316.4245491,-0.014,-1.260000039,-0.490000015,-0.008152736,0.133105896,0.016638237,TRUE
6477,1000_radii_1,1000,L,0,17,136.7343865,0,-256.4189148,791.109375,316.4163704,-0.014,-1.260000039,-0.490000015,-0.008175219,0.133472951,0.016684119,TRUE
6478,1000_radii_1,1000,L,0,17,136.7510063,0,-256.5106812,791.2057495,316.4082184,-0.014,-1.260000039,-0.490000015,-0.008151553,0.133086577,0.016635822,TRUE
6479,1000_radii_1,1000,L,0,17,136.7677191,0,-256.6029968,791.3027344,316.4000206,-0.014,-1.260000039,-0.490000015,-0.008200807,0.133890718,0.01673634,TRUE
6480,1000_radii_1,1000,L,0,17,136.7843483,0,-256.6947937,791.3991089,316.3918686,-0.014,-1.260000039,-0.490000015,-0.008152884,0.133108311,0.016638539,TRUE
6481,1000_radii_1,1000,L,0,17,136.8010315,0,-256.7864685,791.4953613,316.3837242,-0.014,-1.260000039,-0.490000015,-0.008140756,0.132910294,0.016613787,TRUE
6482,1000_radii_1,1000,L,0,17,136.8177005,0,-256.8788452,791.5922852,316.3755226,-0.014,-1.260000039,-0.490000015,-0.008201103,0.133895548,0.016736943,TRUE
6483,1000_radii_1,1000,L,0,17,136.8343152,0,-256.9705505,791.6885376,316.3673859,-0.014,-1.260000039,-0.490000015,-0.008141791,0.132927198,0.0166159,TRUE
6484,1000_radii_1,1000,L,0,17,136.8510253,0,-257.0626221,791.7850952,316.3592072,-0.014,-1.260000039,-0.490000015,-0.008173,0.133436729,0.016679591,TRUE
6485,1000_radii_1,1000,L,0,17,136.867784,0,-257.1552734,791.8822632,316.3509903,-0.014,-1.260000039,-0.490000015,-0.008222549,0.1342457,0.016780712,TRUE
6486,1000_radii_1,1000,L,0,17,136.8843975,0,-257.2469788,791.9783936,316.3428459,-0.014,-1.260000039,-0.490000015,-0.008138685,0.132876486,0.016609561,TRUE
6487,1000_radii_1,1000,L,0,17,136.9011072,0,-257.3390198,792.0748291,316.3346863,-0.014,-1.260000039,-0.490000015,-0.008165013,0.133306327,0.016663291,TRUE
6488,1000_radii_1,1000,L,0,17,136.9176993,0,-257.4307861,792.1709595,316.3265419,-0.014,-1.260000039,-0.490000015,-0.008141643,0.132924783,0.016615598,TRUE
6489,1000_radii_1,1000,L,0,17,136.9343553,0,-257.5229797,792.2675171,316.318367,-0.014,-1.260000039,-0.490000015,-0.008177437,0.133509174,0.016688647,TRUE
6490,1000_radii_1,1000,L,0,17,136.951066,0,-257.6152649,792.3641357,316.3101807,-0.014,-1.260000039,-0.490000015,-0.008184241,0.133620256,0.016702532,TRUE
6491,1000_radii_1,1000,L,0,17,136.9677308,0,-257.7072144,792.4603882,316.3020287,-0.014,-1.260000039,-0.490000015,-0.008154511,0.133134874,0.016641859,TRUE
6492,1000_radii_1,1000,L,0,17,136.9843733,0,-257.7993774,792.5568237,316.2938538,-0.014,-1.260000039,-0.490000015,-0.00817019,0.133390847,0.016673856,TRUE
6493,1000_radii_1,1000,L,0,17,137.0010658,0,-257.8916016,792.6533203,316.2856827,-0.014,-1.260000039,-0.490000015,-0.008175071,0.133470536,0.016683817,TRUE
6494,1000_radii_1,1000,L,0,17,137.0176817,0,-257.9832153,792.7491455,316.2775574,-0.014,-1.260000039,-0.490000015,-0.008120936,0.132586706,0.016573338,TRUE
6495,1000_radii_1,1000,L,0,17,137.0343366,0,-258.0754089,792.8455811,316.2693901,-0.014,-1.260000039,-0.490000015,-0.008170781,0.133400506,0.016675063,TRUE
6496,1000_radii_1,1000,L,0,17,137.051005,0,-258.1677246,792.9420776,316.2612114,-0.014,-1.260000039,-0.490000015,-0.008179508,0.133542982,0.016692873,TRUE
6497,1000_radii_1,1000,L,0,17,137.0676435,0,-258.2597961,793.038269,316.2530556,-0.014,-1.260000039,-0.490000015,-0.008156434,0.133166267,0.016645783,TRUE
6498,1000_radii_1,1000,L,0,17,137.0843108,0,-258.3518066,793.1343994,316.2448997,-0.014,-1.260000039,-0.490000015,-0.008151109,0.133079333,0.016634917,TRUE
6499,1000_radii_1,1000,L,0,17,137.1010706,0,-258.4447021,793.2314453,316.2366714,-0.014,-1.260000039,-0.490000015,-0.008228466,0.134342293,0.016792787,TRUE
6500,1000_radii_1,1000,L,0,17,137.1176395,0,-258.536377,793.3271484,316.2285538,-0.014,-1.260000039,-0.490000015,-0.008119013,0.132555313,0.016569414,TRUE
6501,1000_radii_1,1000,L,0,17,137.1343471,0,-258.628479,793.4232788,316.2203979,-0.014,-1.260000039,-0.490000015,-0.008155399,0.133149363,0.01664367,TRUE
6502,1000_radii_1,1000,L,0,17,137.1510158,0,-258.7210999,793.5198975,316.212204,-0.014,-1.260000039,-0.490000015,-0.008198144,0.133847251,0.016730906,TRUE
6503,1000_radii_1,1000,L,0,17,137.167633,0,-258.8130798,793.6158447,316.2040596,-0.014,-1.260000039,-0.490000015,-0.008142383,0.132936857,0.016617107,TRUE
6504,1000_radii_1,1000,L,0,17,137.1844067,0,-258.9057007,793.7124023,316.1958656,-0.014,-1.260000039,-0.490000015,-0.00819563,0.133806199,0.016725775,TRUE
6505,1000_radii_1,1000,L,0,17,137.2009918,0,-258.9976501,793.8082275,316.1877289,-0.014,-1.260000039,-0.490000015,-0.008134987,0.132816115,0.016602014,TRUE
6506,1000_radii_1,1000,L,0,18,137.2175102,0,-259.0892944,793.9037476,316.1796188,-0.014,-1.260000039,-0.490000015,-0.008107772,0.132371785,0.016546473,FALSE
6507,1000_radii_1,1000,L,0,18,137.2349324,0,-259.1858215,794.0043335,316.1710854,-0.014,-1.260000039,-0.490000015,-0.008537743,0.13939172,0.017423965,FALSE
6508,1000_radii_1,1000,L,0,18,137.2507601,0,-259.2735291,794.0957031,316.1633263,-0.014,-1.260000039,-0.490000015,-0.007756636,0.126638958,0.01582987,FALSE
6509,1000_radii_1,1000,L,0,18,137.2674041,0,-259.3657532,794.1917725,316.1551704,-0.014,-1.260000039,-0.490000015,-0.008156138,0.133161437,0.01664518,FALSE
6510,1000_radii_1,1000,L,0,18,137.2840523,0,-259.4580078,794.2878418,316.1470108,-0.014,-1.260000039,-0.490000015,-0.008157617,0.133185585,0.016648198,FALSE
6511,1000_radii_1,1000,L,0,18,137.3007684,0,-259.5506592,794.3842773,316.1388245,-0.014,-1.260000039,-0.490000015,-0.008190305,0.133719265,0.016714908,FALSE
6512,1000_radii_1,1000,L,0,18,137.3174248,0,-259.6429749,794.4803467,316.130661,-0.014,-1.260000039,-0.490000015,-0.008161463,0.133248371,0.016656046,FALSE
6513,1000_radii_1,1000,L,0,18,137.3341696,0,-259.7358093,794.5769043,316.1224556,-0.014,-1.260000039,-0.490000015,-0.008204504,0.133951089,0.016743886,FALSE
6514,1000_radii_1,1000,L,0,18,137.3508458,0,-259.8281555,794.6729126,316.114296,-0.014,-1.260000039,-0.490000015,-0.00816028,0.133229053,0.016653632,FALSE
6515,1000_radii_1,1000,L,0,18,137.3674144,0,-259.920166,794.7685547,316.106163,-0.014,-1.260000039,-0.490000015,-0.008129219,0.132721936,0.016590242,FALSE
6516,1000_radii_1,1000,L,0,18,137.3842222,0,-260.0133972,794.8654175,316.0979309,-0.014,-1.260000039,-0.490000015,-0.008235417,0.13445579,0.016806974,FALSE
6517,1000_radii_1,1000,L,0,18,137.4007633,0,-260.1051636,794.9607544,316.0898209,-0.014,-1.260000039,-0.490000015,-0.008105849,0.132340392,0.016542549,FALSE
6518,1000_radii_1,1000,L,0,18,137.4174827,0,-260.197937,795.0571289,316.0816345,-0.014,-1.260000039,-0.490000015,-0.008192524,0.133755487,0.016719436,FALSE
6519,1000_radii_1,1000,L,0,18,137.4341059,0,-260.2901611,795.1528931,316.0734901,-0.014,-1.260000039,-0.490000015,-0.008144453,0.132970665,0.016621333,FALSE
6520,1000_radii_1,1000,L,0,18,137.4507842,0,-260.3827209,795.2490234,316.0653114,-0.014,-1.260000039,-0.490000015,-0.008173296,0.133441558,0.016680195,FALSE
6521,1000_radii_1,1000,L,0,18,137.4674982,0,-260.4754944,795.3453369,316.0571251,-0.014,-1.260000039,-0.490000015,-0.008189418,0.133704776,0.016713097,FALSE
6522,1000_radii_1,1000,L,0,18,137.4841642,0,-260.5680237,795.4413452,316.0489616,-0.014,-1.260000039,-0.490000015,-0.00816664,0.133332891,0.016666611,FALSE
6523,1000_radii_1,1000,L,0,18,137.5007433,0,-260.6600647,795.5368042,316.0408325,-0.014,-1.260000039,-0.490000015,-0.008123598,0.132630173,0.016578772,FALSE
6524,1000_radii_1,1000,L,0,18,137.5174253,0,-260.7527161,795.6328735,316.0326653,-0.014,-1.260000039,-0.490000015,-0.008174775,0.133465707,0.016683213,FALSE
6525,1000_radii_1,1000,L,0,18,137.5341393,0,-260.8455505,795.729126,316.0244675,-0.014,-1.260000039,-0.490000015,-0.008190157,0.13371685,0.016714606,FALSE
6526,1000_radii_1,1000,L,0,18,137.5507573,0,-260.9378662,795.8247681,316.0163269,-0.014,-1.260000039,-0.490000015,-0.008142235,0.132934442,0.016616805,FALSE
6527,1000_radii_1,1000,L,0,18,137.5674215,0,-261.0304565,795.9207153,316.0081635,-0.014,-1.260000039,-0.490000015,-0.008165752,0.133318402,0.0166648,FALSE
6528,1000_radii_1,1000,L,0,18,137.5840975,0,-261.1231079,796.0166626,315.9999886,-0.014,-1.260000039,-0.490000015,-0.008170485,0.133395676,0.01667446,FALSE
6529,1000_radii_1,1000,L,0,18,137.6007339,0,-261.2155762,796.1124268,315.9918404,-0.014,-1.260000039,-0.490000015,-0.008152736,0.133105896,0.016638237,FALSE
6530,1000_radii_1,1000,L,0,18,137.6174645,0,-261.3085632,796.2086792,315.9836388,-0.014,-1.260000039,-0.490000015,-0.008197996,0.133844836,0.016730605,FALSE
6531,1000_radii_1,1000,L,0,18,137.6340886,0,-261.4009705,796.3043213,315.9754906,-0.014,-1.260000039,-0.490000015,-0.008146228,0.132999643,0.016624955,FALSE
6532,1000_radii_1,1000,L,0,18,137.6507338,0,-261.4934998,796.4000854,315.9673386,-0.014,-1.260000039,-0.490000015,-0.008155842,0.133156607,0.016644576,FALSE
6533,1000_radii_1,1000,L,0,18,137.6674303,0,-261.5863342,796.4960938,315.9591599,-0.014,-1.260000039,-0.490000015,-0.008180543,0.133559885,0.016694986,FALSE
6534,1000_radii_1,1000,L,0,18,137.6841108,0,-261.6790771,796.59198,315.9509888,-0.014,-1.260000039,-0.490000015,-0.008171669,0.133414995,0.016676874,FALSE
6535,1000_radii_1,1000,L,0,18,137.7007837,0,-261.7718506,796.6878662,315.9428177,-0.014,-1.260000039,-0.490000015,-0.008171521,0.13341258,0.016676573,FALSE
6536,1000_radii_1,1000,L,0,18,137.7174509,0,-261.864563,796.7836914,315.9346504,-0.014,-1.260000039,-0.490000015,-0.008167084,0.133340135,0.016667517,FALSE
6537,1000_radii_1,1000,L,0,18,137.7341462,0,-261.9574585,796.8796387,315.9264679,-0.014,-1.260000039,-0.490000015,-0.008180839,0.133564715,0.016695589,FALSE
6538,1000_radii_1,1000,L,0,18,137.750763,0,-262.0499268,796.9751587,315.9183235,-0.014,-1.260000039,-0.490000015,-0.008142383,0.132936857,0.016617107,FALSE
6539,1000_radii_1,1000,L,0,18,137.767407,0,-262.1425476,797.0708008,315.9101715,-0.014,-1.260000039,-0.490000015,-0.008155399,0.133149363,0.01664367,FALSE
6540,1000_radii_1,1000,L,0,18,137.7840805,0,-262.2353516,797.166626,315.9020004,-0.014,-1.260000039,-0.490000015,-0.00817019,0.133390847,0.016673856,FALSE
6541,1000_radii_1,1000,L,0,18,137.8007139,0,-262.3279724,797.262207,315.8938484,-0.014,-1.260000039,-0.490000015,-0.008151109,0.133079333,0.016634917,FALSE
6542,1000_radii_1,1000,L,0,18,137.8173781,0,-262.4207458,797.3579102,315.8856812,-0.014,-1.260000039,-0.490000015,-0.008164865,0.133303913,0.016662989,FALSE
6543,1000_radii_1,1000,L,0,18,137.8341495,0,-262.5141296,797.4542236,315.8774643,-0.014,-1.260000039,-0.490000015,-0.008217373,0.13416118,0.016770148,FALSE
6544,1000_radii_1,1000,L,0,18,137.8507268,0,-262.6064758,797.5494385,315.8693428,-0.014,-1.260000039,-0.490000015,-0.008123155,0.132622928,0.016577866,FALSE
6545,1000_radii_1,1000,L,0,18,137.8674103,0,-262.6994019,797.6452026,315.8611679,-0.014,-1.260000039,-0.490000015,-0.008174183,0.133456047,0.016682006,FALSE
6546,1000_radii_1,1000,L,0,18,137.8841361,0,-262.7925415,797.7412109,315.8529778,-0.014,-1.260000039,-0.490000015,-0.008192672,0.133757902,0.016719738,FALSE
6547,1000_radii_1,1000,L,0,18,137.9007812,0,-262.8853149,797.836792,315.8448181,-0.014,-1.260000039,-0.490000015,-0.008159096,0.133209734,0.016651217,FALSE
6548,1000_radii_1,1000,L,0,18,137.9174717,0,-262.9783325,797.9326172,315.8366356,-0.014,-1.260000039,-0.490000015,-0.008178768,0.133530907,0.016691363,FALSE
6549,1000_radii_1,1000,L,0,18,137.9340936,0,-263.0709839,798.0280151,315.8284912,-0.014,-1.260000039,-0.490000015,-0.008145489,0.132987569,0.016623446,FALSE
6550,1000_radii_1,1000,L,0,18,137.9508218,0,-263.1642151,798.1239624,315.8203011,-0.014,-1.260000039,-0.490000015,-0.008194595,0.133789295,0.016723662,FALSE
6551,1000_radii_1,1000,L,0,18,137.9674854,0,-263.2571106,798.2195435,315.81213,-0.014,-1.260000039,-0.490000015,-0.008164569,0.133299083,0.016662385,FALSE
6552,1000_radii_1,1000,L,0,18,137.9840938,0,-263.3497314,798.3148193,315.803997,-0.014,-1.260000039,-0.490000015,-0.008139425,0.13288856,0.01661107,FALSE
6553,1000_radii_1,1000,L,0,18,138.0007851,0,-263.4428101,798.4105835,315.7958145,-0.014,-1.260000039,-0.490000015,-0.00817936,0.133540567,0.016692571,FALSE
6554,1000_radii_1,1000,L,0,18,138.0174022,0,-263.5354919,798.5058594,315.787674,-0.014,-1.260000039,-0.490000015,-0.008142383,0.132936857,0.016617107,FALSE
6555,1000_radii_1,1000,L,0,18,138.0340779,0,-263.6285095,798.6015015,315.7795029,-0.014,-1.260000039,-0.490000015,-0.008171373,0.133410165,0.016676271,FALSE
6556,1000_radii_1,1000,L,0,18,138.0507684,0,-263.7216492,798.6972046,315.7713203,-0.014,-1.260000039,-0.490000015,-0.008178916,0.133533322,0.016691665,FALSE
6557,1000_radii_1,1000,L,0,18,138.0674313,0,-263.8146362,798.7927246,315.7631607,-0.014,-1.260000039,-0.490000015,-0.008164273,0.133294253,0.016661782,FALSE
6558,1000_radii_1,1000,L,0,18,138.0840853,0,-263.9075928,798.8881836,315.7549973,-0.014,-1.260000039,-0.490000015,-0.008160132,0.133226638,0.01665333,FALSE
6559,1000_radii_1,1000,L,0,18,138.1007905,0,-264.0008545,798.9839478,315.7468185,-0.014,-1.260000039,-0.490000015,-0.008186016,0.133649234,0.016706154,FALSE
6560,1000_radii_1,1000,L,0,18,138.1173883,0,-264.0935059,799.0790405,315.738678,-0.014,-1.260000039,-0.490000015,-0.008132769,0.132779893,0.016597487,FALSE
6561,1000_radii_1,1000,L,0,18,138.1340706,0,-264.1866455,799.1746216,315.7305031,-0.014,-1.260000039,-0.490000015,-0.008174627,0.133463292,0.016682911,FALSE
6562,1000_radii_1,1000,L,0,18,138.1507671,0,-264.2798767,799.2702637,315.7223244,-0.014,-1.260000039,-0.490000015,-0.008181283,0.13357196,0.016696495,FALSE
6563,1000_radii_1,1000,L,0,18,138.1673851,0,-264.3726807,799.3654175,315.71418,-0.014,-1.260000039,-0.490000015,-0.008142383,0.132936857,0.016617107,FALSE
6564,1000_radii_1,1000,L,0,18,138.1841686,0,-264.4664307,799.4615479,315.7059555,-0.014,-1.260000039,-0.490000015,-0.008224472,0.134277092,0.016784637,FALSE
6565,1000_radii_1,1000,L,0,18,138.2007654,0,-264.5591431,799.5565796,315.6978264,-0.014,-1.260000039,-0.490000015,-0.008131881,0.132765404,0.016595675,FALSE
6566,1000_radii_1,1000,L,0,18,138.2174746,0,-264.6525269,799.6522217,315.6896362,-0.014,-1.260000039,-0.490000015,-0.008188087,0.133683042,0.01671038,FALSE
6567,1000_radii_1,1000,L,0,18,138.2343069,0,-264.7464294,799.7484131,315.6814003,-0.014,-1.260000039,-0.490000015,-0.008232607,0.134409909,0.016801239,TRUE
6568,1000_radii_1,1000,L,0,18,138.2509413,0,-264.8395691,799.843811,315.6732407,-0.014,-1.260000039,-0.490000015,-0.0081659,0.133320816,0.016665102,TRUE
6569,1000_radii_1,1000,L,0,18,138.2676462,0,-264.9329834,799.9394531,315.6650505,-0.014,-1.260000039,-0.490000015,-0.008187051,0.133666138,0.016708267,TRUE
6570,1000_radii_1,1000,L,0,18,138.2843672,0,-265.0262146,800.0348511,315.6568794,-0.014,-1.260000039,-0.490000015,-0.008171373,0.133410165,0.016676271,TRUE
6571,1000_radii_1,1000,L,0,18,138.3010235,0,-265.1195679,800.1303711,315.6486969,-0.014,-1.260000039,-0.490000015,-0.00817936,0.133540567,0.016692571,TRUE
6572,1000_radii_1,1000,L,0,18,138.3177665,0,-265.2131653,800.2261353,315.6404953,-0.014,-1.260000039,-0.490000015,-0.008201103,0.133895548,0.016736943,TRUE
6573,1000_radii_1,1000,L,0,18,138.3351153,0,-265.3098755,800.3250122,315.6320267,-0.014,-1.260000039,-0.490000015,-0.008473107,0.138336436,0.017292054,TRUE
6574,1000_radii_1,1000,L,0,18,138.351014,0,-265.3990479,800.4161377,315.624218,-0.014,-1.260000039,-0.490000015,-0.007809588,0.127503471,0.015937934,TRUE
6575,1000_radii_1,1000,L,0,18,138.3676256,0,-265.4920959,800.5112305,315.6160622,-0.014,-1.260000039,-0.490000015,-0.008149778,0.133057599,0.0166322,TRUE
6576,1000_radii_1,1000,L,0,18,138.3843243,0,-265.5853271,800.6065063,315.6079025,-0.014,-1.260000039,-0.490000015,-0.008163534,0.133282179,0.016660272,TRUE
6577,1000_radii_1,1000,L,0,18,138.4010156,0,-265.6784973,800.7016602,315.5997467,-0.014,-1.260000039,-0.490000015,-0.008157026,0.133175926,0.016646991,TRUE
6578,1000_radii_1,1000,L,0,18,138.4175865,0,-265.771759,800.796875,315.5915833,-0.014,-1.260000039,-0.490000015,-0.008164569,0.133299083,0.016662385,TRUE
6579,1000_radii_1,1000,L,0,18,138.4343398,0,-265.8655396,800.8925781,315.583374,-0.014,-1.260000039,-0.490000015,-0.008208054,0.134009045,0.016751131,TRUE
6580,1000_radii_1,1000,L,0,18,138.4510435,0,-265.9584045,800.9873657,315.5752449,-0.014,-1.260000039,-0.490000015,-0.008128183,0.132705033,0.016588129,TRUE
6581,1000_radii_1,1000,L,0,18,138.4676857,0,-266.0522461,801.0831299,315.5670357,-0.014,-1.260000039,-0.490000015,-0.008211012,0.134057342,0.016757168,TRUE
6582,1000_radii_1,1000,L,0,18,138.4843103,0,-266.1453552,801.1781006,315.5588837,-0.014,-1.260000039,-0.490000015,-0.008146524,0.133004473,0.016625559,TRUE
6583,1000_radii_1,1000,L,0,18,138.5010974,0,-266.2387085,801.2732544,315.550724,-0.014,-1.260000039,-0.490000015,-0.008165457,0.133313572,0.016664196,TRUE
6584,1000_radii_1,1000,L,0,18,138.5176864,0,-266.3320007,801.3683472,315.5425606,-0.014,-1.260000039,-0.490000015,-0.008159688,0.133219393,0.016652424,TRUE
6585,1000_radii_1,1000,L,0,18,138.534261,0,-266.4247131,801.4628296,315.5344543,-0.014,-1.260000039,-0.490000015,-0.008107476,0.132366955,0.016545869,TRUE
6586,1000_radii_1,1000,L,0,18,138.5509469,0,-266.518219,801.5581055,315.5262794,-0.014,-1.260000039,-0.490000015,-0.008175071,0.133470536,0.016683817,TRUE
6587,1000_radii_1,1000,L,0,18,138.567602,0,-266.611908,801.6535034,315.5180893,-0.014,-1.260000039,-0.490000015,-0.008190897,0.133728924,0.016716116,TRUE
6588,1000_radii_1,1000,L,0,18,138.5842542,0,-266.7053833,801.7486572,315.5099182,-0.014,-1.260000039,-0.490000015,-0.008170633,0.133398091,0.016674761,TRUE
6589,1000_radii_1,1000,L,0,18,138.6009736,0,-266.7991638,801.8441162,315.5017204,-0.014,-1.260000039,-0.490000015,-0.008197257,0.133832762,0.016729095,TRUE
6590,1000_radii_1,1000,L,0,18,138.6176079,0,-266.8920898,801.9387207,315.4935951,-0.014,-1.260000039,-0.490000015,-0.008121823,0.132601195,0.016575149,TRUE
6591,1000_radii_1,1000,L,0,18,138.6342455,0,-266.9856873,802.0339355,315.485424,-0.014,-1.260000039,-0.490000015,-0.008177141,0.133504344,0.016688043,TRUE
6592,1000_radii_1,1000,L,0,18,138.6509076,0,-267.0791931,802.1290283,315.477253,-0.014,-1.260000039,-0.490000015,-0.008168563,0.133364284,0.016670535,TRUE
6593,1000_radii_1,1000,L,0,18,138.6677421,0,-267.1734619,802.2248535,315.4690208,-0.014,-1.260000039,-0.490000015,-0.008234234,0.134436472,0.016804559,TRUE
6594,1000_radii_1,1000,L,0,18,138.6842393,0,-267.2659912,802.3189087,315.4609375,-0.014,-1.260000039,-0.490000015,-0.008082184,0.131954018,0.016494252,TRUE
6595,1000_radii_1,1000,L,0,18,138.7009416,0,-267.3598938,802.4143066,315.4527397,-0.014,-1.260000039,-0.490000015,-0.008199919,0.133876229,0.016734529,TRUE
6596,1000_radii_1,1000,L,0,18,138.7175895,0,-267.4533386,802.5092163,315.4445801,-0.014,-1.260000039,-0.490000015,-0.008157913,0.133190415,0.016648802,TRUE
6597,1000_radii_1,1000,L,0,18,138.7343026,0,-267.5469666,802.6043091,315.4364052,-0.014,-1.260000039,-0.490000015,-0.008173,0.133436729,0.016679591,TRUE
6598,1000_radii_1,1000,L,0,18,138.7509873,0,-267.6407776,802.6995239,315.428215,-0.014,-1.260000039,-0.490000015,-0.008187791,0.133678213,0.016709777,TRUE
6599,1000_radii_1,1000,L,0,18,138.7675935,0,-267.7340088,802.7941895,315.4200783,-0.014,-1.260000039,-0.490000015,-0.008136762,0.132845093,0.016605637,TRUE
6600,1000_radii_1,1000,L,0,18,138.7842961,0,-267.8274841,802.8890381,315.4119263,-0.014,-1.260000039,-0.490000015,-0.008155695,0.133154193,0.016644274,TRUE
6601,1000_radii_1,1000,L,0,18,138.8009322,0,-267.9212036,802.9841309,315.4037552,-0.014,-1.260000039,-0.490000015,-0.008176402,0.13349227,0.016686534,TRUE
6602,1000_radii_1,1000,L,0,18,138.8175285,0,-268.0145264,803.0787964,315.3956108,-0.014,-1.260000039,-0.490000015,-0.008140904,0.132912709,0.016614089,TRUE
6603,1000_radii_1,1000,L,0,18,138.8342826,0,-268.1083679,803.1739502,315.3874245,-0.014,-1.260000039,-0.490000015,-0.008186164,0.133651649,0.016706456,TRUE
6604,1000_radii_1,1000,L,0,18,138.8510087,0,-268.2024231,803.2692871,315.3792152,-0.014,-1.260000039,-0.490000015,-0.008203025,0.133926941,0.016740868,TRUE
6605,1000_radii_1,1000,L,0,18,138.8675962,0,-268.2953491,803.3634644,315.3711166,-0.014,-1.260000039,-0.490000015,-0.008102152,0.132280021,0.016535003,TRUE
6606,1000_radii_1,1000,L,0,18,138.8842957,0,-268.389679,803.4590454,315.3628922,-0.014,-1.260000039,-0.490000015,-0.008224176,0.134272263,0.016784033,TRUE
6607,1000_radii_1,1000,L,0,18,138.9010568,0,-268.4836426,803.5541992,315.354702,-0.014,-1.260000039,-0.490000015,-0.008191488,0.133738583,0.016717323,TRUE
6608,1000_radii_1,1000,L,0,18,138.9176323,0,-268.5770569,803.6487427,315.3465576,-0.014,-1.260000039,-0.490000015,-0.008141199,0.132917538,0.016614692,TRUE
6609,1000_radii_1,1000,L,0,18,138.9341477,0,-268.6699524,803.7427368,315.3384628,-0.014,-1.260000039,-0.490000015,-0.008094608,0.132156864,0.016519608,TRUE
6610,1000_radii_1,1000,L,0,18,138.9509238,0,-268.7639771,803.8378906,315.3302727,-0.014,-1.260000039,-0.490000015,-0.008192968,0.133762732,0.016720341,TRUE
6611,1000_radii_1,1000,L,0,18,138.9677444,0,-268.8583984,803.9334106,315.3220482,-0.014,-1.260000039,-0.490000015,-0.00822536,0.134291581,0.016786448,TRUE
6612,1000_radii_1,1000,L,0,18,138.984318,0,-268.9521179,804.0281982,315.3138847,-0.014,-1.260000039,-0.490000015,-0.00816383,0.133287009,0.016660876,TRUE
6613,1000_radii_1,1000,L,0,18,139.0009128,0,-269.0453796,804.1224976,315.3057632,-0.014,-1.260000039,-0.490000015,-0.008122415,0.132610854,0.016576357,TRUE
6614,1000_radii_1,1000,L,0,18,139.0175948,0,-269.1391296,804.2172852,315.2975922,-0.014,-1.260000039,-0.490000015,-0.008165013,0.133306327,0.016663291,TRUE
6615,1000_radii_1,1000,L,0,18,139.0342379,0,-269.2330017,804.3121338,315.2894249,-0.014,-1.260000039,-0.490000015,-0.008172704,0.133431899,0.016678987,TRUE
6616,1000_radii_1,1000,L,0,18,139.0509132,0,-269.3267517,804.4067993,315.2812614,-0.014,-1.260000039,-0.490000015,-0.008161167,0.133243542,0.016655443,TRUE
6617,1000_radii_1,1000,L,0,18,139.0675892,0,-269.4206848,804.5016479,315.2730865,-0.014,-1.260000039,-0.490000015,-0.008177585,0.133511589,0.016688949,TRUE
6618,1000_radii_1,1000,L,0,18,139.0842093,0,-269.5143127,804.5961914,315.2649384,-0.014,-1.260000039,-0.490000015,-0.008149334,0.133050355,0.016631294,TRUE
6619,1000_radii_1,1000,L,0,18,139.1008992,0,-269.6082153,804.690979,315.2567673,-0.014,-1.260000039,-0.490000015,-0.008172112,0.13342224,0.01667778,TRUE
6620,1000_radii_1,1000,L,0,18,139.117599,0,-269.7019348,804.7855225,315.2486076,-0.014,-1.260000039,-0.490000015,-0.008155399,0.133149363,0.01664367,TRUE
6621,1000_radii_1,1000,L,0,18,139.1342385,0,-269.7958679,804.880249,315.2404327,-0.014,-1.260000039,-0.490000015,-0.008170929,0.133402921,0.016675365,TRUE
6622,1000_radii_1,1000,L,0,18,139.150912,0,-269.8894348,804.9746094,315.232296,-0.014,-1.260000039,-0.490000015,-0.008139425,0.13288856,0.01661107,TRUE
6623,1000_radii_1,1000,L,0,18,139.1675116,0,-269.98349,805.069458,315.2241173,-0.014,-1.260000039,-0.490000015,-0.008180691,0.1335623,0.016695288,TRUE
6624,1000_radii_1,1000,L,0,18,139.1843406,0,-270.0783081,805.1650391,315.216465,-0.013,-1.170000024,-0.455000009,-0.007656375,0.134617585,0.016827198,TRUE
6625,1000_radii_1,1000,L,0,18,139.2009502,0,-270.171875,805.2592773,315.2089043,-0.013,-1.170000024,-0.455000009,-0.007553779,0.1328137,0.016601713,TRUE
6626,1000_radii_1,1000,L,0,18,139.2175857,0,-270.2655029,805.3535767,315.2013474,-0.013,-1.170000024,-0.455000009,-0.007558037,0.13288856,0.01661107,TRUE
6627,1000_radii_1,1000,L,0,18,139.2342692,0,-270.3597412,805.4484863,315.1937408,-0.013,-1.170000024,-0.455000009,-0.00760597,0.133731339,0.016716417,TRUE
6628,1000_radii_1,1000,L,0,18,139.2508821,0,-270.4529724,805.5423584,315.1862183,-0.013,-1.170000024,-0.455000009,-0.007525349,0.132313829,0.016539229,TRUE
6629,1000_radii_1,1000,L,0,18,139.2676492,0,-270.5476074,805.6376343,315.1785812,-0.013,-1.170000024,-0.455000009,-0.007636323,0.134265018,0.016783127,TRUE
6630,1000_radii_1,1000,L,0,18,139.2842896,0,-270.6417542,805.7323608,315.1715698,-0.012,-1.080000009,-0.420000004,-0.007012908,0.133579204,0.016697401,TRUE
6631,1000_radii_1,1000,L,0,18,139.3009278,0,-270.73526,805.826416,315.164608,-0.012,-1.080000009,-0.420000004,-0.006962704,0.132622928,0.016577866,TRUE
6632,1000_radii_1,1000,L,0,18,139.3175603,0,-270.8292236,805.9209595,315.157608,-0.012,-1.080000009,-0.420000004,-0.006997188,0.133279764,0.016659971,TRUE
6633,1000_radii_1,1000,L,0,18,139.3342879,0,-270.9237671,806.0160522,315.1511574,-0.011,-0.989999995,-0.384999998,-0.006452904,0.13408632,0.01676079,TRUE
6634,1000_radii_1,1000,L,0,18,139.350947,0,-271.0174255,806.1102295,315.1447601,-0.011,-0.989999995,-0.384999998,-0.006392124,0.13282336,0.01660292,TRUE
6635,1000_radii_1,1000,L,0,18,139.3676504,0,-271.1119995,806.2052612,315.1388931,-0.01,-0.89999998,-0.349999992,-0.005865854,0.134076661,0.016759583,TRUE
6636,1000_radii_1,1000,L,0,18,139.3844052,0,-271.2060852,806.2998047,315.1330643,-0.01,-0.89999998,-0.349999992,-0.005835955,0.133393262,0.016674158,TRUE
6637,1000_radii_1,1000,L,0,18,139.4009565,0,-271.2998352,806.3939819,315.1272469,-0.01,-0.89999998,-0.349999992,-0.00581324,0.132874071,0.016609259,TRUE
6638,1000_radii_1,1000,L,0,18,139.4175645,0,-271.3937073,806.4882813,315.1214294,-0.01,-0.89999998,-0.349999992,-0.005820108,0.133031036,0.016628879,TRUE
6639,1000_radii_1,1000,L,0,18,139.4342918,0,-271.4877014,806.5826416,315.1161842,-0.009,-0.809999965,-0.314999986,-0.005244848,0.133202489,0.016650311,TRUE
6640,1000_radii_1,1000,L,0,18,139.45087,0,-271.5817261,806.677063,315.110939,-0.009,-0.809999965,-0.314999986,-0.005246654,0.133248371,0.016656046,TRUE
6641,1000_radii_1,1000,L,0,18,139.4676054,0,-271.6758118,806.7714844,315.1056862,-0.009,-0.809999965,-0.314999986,-0.005248746,0.133301498,0.016662687,TRUE
6642,1000_radii_1,1000,L,0,18,139.4842657,0,-271.7702332,806.866272,315.1004181,-0.009,-0.809999965,-0.314999986,-0.005267953,0.133789295,0.016723662,TRUE
6643,1000_radii_1,1000,L,0,18,139.5009537,0,-271.8644714,806.9608154,315.0951653,-0.009,-0.809999965,-0.314999986,-0.005256923,0.133509174,0.016688647,TRUE
6644,1000_radii_1,1000,L,0,18,139.5176339,0,-271.958374,807.0550537,315.0899239,-0.009,-0.809999965,-0.314999986,-0.005237526,0.133016547,0.016627068,TRUE
6645,1000_radii_1,1000,L,0,18,139.5342085,0,-272.0521545,807.1491699,315.0846901,-0.009,-0.809999965,-0.314999986,-0.005230965,0.132849923,0.01660624,TRUE
6646,1000_radii_1,1000,L,0,18,139.5509149,0,-272.146637,807.2439575,315.079422,-0.009,-0.809999965,-0.314999986,-0.005269189,0.133820688,0.016727586,TRUE
6647,1000_radii_1,1000,L,0,18,139.5675622,0,-272.2407227,807.3383179,315.0741768,-0.009,-0.809999965,-0.314999986,-0.005246559,0.133245956,0.016655745,TRUE
6648,1000_radii_1,1000,L,0,18,139.5843272,0,-272.3349609,807.4328003,315.068924,-0.009,-0.809999965,-0.314999986,-0.005255117,0.133463292,0.016682911,TRUE
6649,1000_radii_1,1000,L,0,18,139.6008701,0,-272.428894,807.5269775,315.0636826,-0.009,-0.809999965,-0.314999986,-0.005237146,0.133006887,0.016625861,TRUE
6650,1000_radii_1,1000,L,0,18,139.61755,0,-272.5231323,807.62146,315.0584297,-0.009,-0.809999965,-0.314999986,-0.005254071,0.133436729,0.016679591,TRUE
6651,1000_radii_1,1000,L,0,18,139.6342277,0,-272.6170044,807.7155151,315.053196,-0.009,-0.809999965,-0.314999986,-0.005232962,0.132900635,0.016612579,TRUE
6652,1000_radii_1,1000,L,0,18,139.6508551,0,-272.7111816,807.8098755,315.0479507,-0.009,-0.809999965,-0.314999986,-0.005248271,0.133289424,0.016661178,TRUE
6653,1000_radii_1,1000,L,0,18,139.6675317,0,-272.8055725,807.9044189,315.0426865,-0.009,-0.809999965,-0.314999986,-0.005260632,0.133603353,0.016700419,TRUE
6654,1000_radii_1,1000,L,0,18,139.6842439,0,-272.8999023,807.9989014,315.0374336,-0.009,-0.809999965,-0.314999986,-0.005257304,0.133518833,0.016689854,TRUE
6655,1000_radii_1,1000,L,0,18,139.7009524,0,-272.9942627,808.0933838,315.032177,-0.009,-0.809999965,-0.314999986,-0.005257114,0.133514003,0.01668925,TRUE
6656,1000_radii_1,1000,L,0,18,139.7175659,0,-273.0884705,808.1876831,315.0269279,-0.009,-0.809999965,-0.314999986,-0.005248556,0.133296668,0.016662084,TRUE
6657,1000_radii_1,1000,L,0,18,139.7343285,0,-273.1832581,808.2825317,315.0216446,-0.009,-0.809999965,-0.314999986,-0.005280029,0.13409598,0.016761997,TRUE
6658,1000_radii_1,1000,L,0,18,139.7510036,0,-273.2770081,808.3763428,315.0164261,-0.009,-0.809999965,-0.314999986,-0.005222788,0.132642247,0.016580281,TRUE
6659,1000_radii_1,1000,L,0,18,139.7675591,0,-273.3711243,808.47052,315.0111809,-0.009,-0.809999965,-0.314999986,-0.005242661,0.133146948,0.016643369,TRUE
6660,1000_radii_1,1000,L,0,18,139.7842224,0,-273.4654236,808.5648193,315.0059319,-0.009,-0.809999965,-0.314999986,-0.005251409,0.133369113,0.016671139,TRUE
6661,1000_radii_1,1000,L,0,18,139.800912,0,-273.5593872,808.6588135,315.0006943,-0.009,-0.809999965,-0.314999986,-0.005232962,0.132900635,0.016612579,TRUE
6662,1000_radii_1,1000,L,0,18,139.8175312,0,-273.6536865,808.7531128,314.9954453,-0.009,-0.809999965,-0.314999986,-0.005250648,0.133349794,0.016668724,TRUE
6663,1000_radii_1,1000,L,0,18,139.8342274,0,-273.7482605,808.8476563,314.9901772,-0.009,-0.809999965,-0.314999986,-0.005265861,0.133736169,0.016717021,TRUE
6664,1000_radii_1,1000,L,0,18,139.8508698,0,-273.8424683,808.9418335,314.9849319,-0.009,-0.809999965,-0.314999986,-0.005245228,0.133212149,0.016651519,TRUE
6665,1000_radii_1,1000,L,0,18,139.8675887,0,-273.9368896,809.0361938,314.9796829,-0.009,-0.809999965,-0.314999986,-0.005255878,0.133482611,0.016685326,TRUE
6666,1000_radii_1,1000,L,0,18,139.8842082,0,-274.0310669,809.1303101,314.9744377,-0.009,-0.809999965,-0.314999986,-0.005242756,0.133149363,0.01664367,TRUE
6667,1000_radii_1,1000,L,0,18,139.9008455,0,-274.1252747,809.2244263,314.9691963,-0.009,-0.809999965,-0.314999986,-0.005243612,0.133171096,0.016646387,TRUE
6668,1000_radii_1,1000,L,0,18,139.9176483,0,-274.2199707,809.3190308,314.9639206,-0.009,-0.809999965,-0.314999986,-0.00526957,0.133830347,0.016728793,TRUE
6669,1000_radii_1,1000,L,0,18,139.9341863,0,-274.3139343,809.4129028,314.9586945,-0.009,-0.809999965,-0.314999986,-0.005229159,0.132804041,0.016600505,TRUE
6670,1000_radii_1,1000,L,0,18,139.9509465,0,-274.4081726,809.507019,314.9534492,-0.009,-0.809999965,-0.314999986,-0.005243707,0.133173511,0.016646689,TRUE
6671,1000_radii_1,1000,L,0,18,139.9676004,0,-274.5028381,809.6015625,314.948185,-0.009,-0.809999965,-0.314999986,-0.005267478,0.133777221,0.016722153,TRUE
6672,1000_radii_1,1000,L,0,18,139.9842761,0,-274.5973511,809.6959229,314.9429207,-0.009,-0.809999965,-0.314999986,-0.00525854,0.133550226,0.016693778,TRUE
6673,1000_radii_1,1000,L,0,18,140.000825,0,-274.6912231,809.7896118,314.937706,-0.009,-0.809999965,-0.314999986,-0.005221647,0.132613269,0.016576659,TRUE
6674,1000_radii_1,1000,L,0,18,140.0176096,0,-274.7863159,809.8845215,314.932415,-0.009,-0.809999965,-0.314999986,-0.005289632,0.134339878,0.016792485,TRUE
6675,1000_radii_1,1000,L,0,18,140.0342349,0,-274.8803101,809.9783325,314.9271812,-0.009,-0.809999965,-0.314999986,-0.005228398,0.132784722,0.01659809,TRUE
6676,1000_radii_1,1000,L,0,18,140.0508782,0,-274.9747314,810.0725098,314.9219322,-0.009,-0.809999965,-0.314999986,-0.005251694,0.133376358,0.016672045,TRUE
6677,1000_radii_1,1000,L,0,18,140.0675376,0,-275.0690918,810.166626,314.9166832,-0.009,-0.809999965,-0.314999986,-0.00524789,0.133279764,0.016659971,TRUE
6678,1000_radii_1,1000,L,0,18,140.0843841,0,-275.164093,810.2613525,314.9108124,-0.01,-0.89999998,-0.349999992,-0.005869129,0.134151521,0.01676894,TRUE
6679,1000_radii_1,1000,L,0,18,140.1008877,0,-275.2579651,810.3549194,314.9050179,-0.01,-0.89999998,-0.349999992,-0.005799612,0.132562557,0.01657032,TRUE
6680,1000_radii_1,1000,L,0,18,140.117589,0,-275.352356,810.4489746,314.8991852,-0.01,-0.89999998,-0.349999992,-0.005830884,0.133277349,0.016659669,TRUE
6681,1000_radii_1,1000,L,0,18,140.1342255,0,-275.4467468,810.5430298,314.8933563,-0.01,-0.89999998,-0.349999992,-0.005829405,0.133243542,0.016655443,TRUE
6682,1000_radii_1,1000,L,0,18,140.1509896,0,-275.5414429,810.6373901,314.8875046,-0.01,-0.89999998,-0.349999992,-0.005848844,0.133687872,0.016710984,TRUE
6683,1000_radii_1,1000,L,0,18,140.1676142,0,-275.6357117,810.7313232,314.8816833,-0.01,-0.89999998,-0.349999992,-0.005822009,0.133074503,0.016634313,TRUE
6684,1000_radii_1,1000,L,0,18,140.1842169,0,-275.730072,810.8253174,314.8758583,-0.01,-0.89999998,-0.349999992,-0.00582613,0.133168682,0.016646085,TRUE
6685,1000_radii_1,1000,L,0,18,140.2008439,0,-275.8245239,810.9193726,314.8700256,-0.01,-0.89999998,-0.349999992,-0.005831095,0.133282179,0.016660272,TRUE
6686,1000_radii_1,1000,L,0,18,140.2175419,0,-275.9187622,811.0131836,314.864212,-0.01,-0.89999998,-0.349999992,-0.005817783,0.132977909,0.016622239,TRUE
6687,1000_radii_1,1000,L,0,18,140.2342725,0,-276.0138855,811.1078491,314.8583412,-0.01,-0.89999998,-0.349999992,-0.005872404,0.134226381,0.016778298,TRUE
6688,1000_radii_1,1000,L,0,18,140.2508963,0,-276.1082764,811.2017822,314.8525124,-0.01,-0.89999998,-0.349999992,-0.005825284,0.133149363,0.01664367,TRUE
6689,1000_radii_1,1000,L,0,18,140.2675484,0,-276.2027588,811.2957764,314.8466797,-0.01,-0.89999998,-0.349999992,-0.005830567,0.133270105,0.016658763,TRUE
6690,1000_radii_1,1000,L,0,18,140.2842229,0,-276.2969666,811.3894653,314.8408699,-0.01,-0.89999998,-0.349999992,-0.005813029,0.132869242,0.016608655,TRUE
6691,1000_radii_1,1000,L,0,18,140.3008816,0,-276.3917236,811.4837036,314.835022,-0.01,-0.89999998,-0.349999992,-0.005847471,0.133656479,0.01670706,TRUE
6692,1000_radii_1,1000,L,0,18,140.3176125,0,-276.4866638,811.578125,314.8291664,-0.01,-0.89999998,-0.349999992,-0.005857085,0.133876229,0.016734529,TRUE
6693,1000_radii_1,1000,L,0,18,140.3342022,0,-276.5808716,811.6717529,314.8233566,-0.01,-0.89999998,-0.349999992,-0.005811233,0.132828189,0.016603524,TRUE
6694,1000_radii_1,1000,L,0,18,140.3508579,0,-276.6751709,811.7655029,314.8175392,-0.01,-0.89999998,-0.349999992,-0.005817361,0.13296825,0.016621031,TRUE
6695,1000_radii_1,1000,L,0,18,140.3675906,0,-276.7702637,811.8599854,314.8116722,-0.01,-0.89999998,-0.349999992,-0.005865642,0.134071831,0.016758979,TRUE
6696,1000_radii_1,1000,L,0,18,140.3842168,0,-276.864624,811.9537354,314.8058548,-0.01,-0.89999998,-0.349999992,-0.005818946,0.133004473,0.016625559,TRUE
6697,1000_radii_1,1000,L,0,18,140.4009178,0,-276.9590759,812.0475464,314.8000259,-0.01,-0.89999998,-0.349999992,-0.005824968,0.133142118,0.016642765,TRUE
6698,1000_radii_1,1000,L,0,18,140.417595,0,-277.0541382,812.1419678,314.7935791,-0.011,-0.989999995,-0.384999998,-0.006447093,0.133965578,0.016745697,TRUE
6699,1000_radii_1,1000,L,0,18,140.4342284,0,-277.1482544,812.2354126,314.7872009,-0.011,-0.989999995,-0.384999998,-0.006381897,0.132610854,0.016576357,TRUE
6700,1000_radii_1,1000,L,0,18,140.4508292,0,-277.2426453,812.3291016,314.7807999,-0.011,-0.989999995,-0.384999998,-0.006400724,0.133002058,0.016625257,TRUE
6701,1000_radii_1,1000,L,0,18,140.4675677,0,-277.3378601,812.423584,314.7743416,-0.011,-0.989999995,-0.384999998,-0.006454647,0.134122543,0.016765318,TRUE
6702,1000_radii_1,1000,L,0,18,140.4842068,0,-277.4321899,812.5171509,314.7679443,-0.011,-0.989999995,-0.384999998,-0.00639503,0.132883731,0.016610466,TRUE
6703,1000_radii_1,1000,L,0,18,140.5008447,0,-277.5267029,812.6109009,314.7615433,-0.011,-0.989999995,-0.384999998,-0.006405954,0.133110725,0.016638841,TRUE
6704,1000_radii_1,1000,L,0,18,140.5174833,0,-277.6213989,812.704834,314.7551231,-0.011,-0.989999995,-0.384999998,-0.006418621,0.133373943,0.016671743,TRUE
6705,1000_radii_1,1000,L,0,18,140.5342558,0,-277.716217,812.7988281,314.7486992,-0.011,-0.989999995,-0.384999998,-0.006425478,0.133516418,0.016689552,TRUE
6706,1000_radii_1,1000,L,0,18,140.5508723,0,-277.8106689,812.8924561,314.7422981,-0.011,-0.989999995,-0.384999998,-0.006399794,0.132982739,0.016622842,TRUE
6707,1000_radii_1,1000,L,0,18,140.5675565,0,-277.9059143,812.9868164,314.7358437,-0.011,-0.989999995,-0.384999998,-0.006452788,0.134083905,0.016760488,TRUE
6708,1000_radii_1,1000,L,0,18,140.5841995,0,-278.0004883,813.0805054,314.7294388,-0.011,-0.989999995,-0.384999998,-0.006407929,0.133151778,0.016643972,TRUE
6709,1000_radii_1,1000,L,0,18,140.6008504,0,-278.0947571,813.1738892,314.7230492,-0.011,-0.989999995,-0.384999998,-0.006384803,0.132671225,0.016583903,TRUE
6710,1000_radii_1,1000,L,0,18,140.6175506,0,-278.1898804,813.2680664,314.7166061,-0.011,-0.989999995,-0.384999998,-0.006442793,0.133876229,0.016734529,TRUE
6711,1000_radii_1,1000,L,0,18,140.6341674,0,-278.2841187,813.3613892,314.710228,-0.011,-0.989999995,-0.384999998,-0.006381781,0.132608439,0.016576055,TRUE
6712,1000_radii_1,1000,L,0,18,140.650783,0,-278.3789978,813.4553223,314.7038002,-0.011,-0.989999995,-0.384999998,-0.006425942,0.133526078,0.01669076,TRUE
6713,1000_radii_1,1000,L,0,18,140.6675051,0,-278.473877,813.5492554,314.6973801,-0.011,-0.989999995,-0.384999998,-0.006424315,0.13349227,0.016686534,TRUE
6714,1000_radii_1,1000,L,0,18,140.6841603,0,-278.5687866,813.6431885,314.6909523,-0.011,-0.989999995,-0.384999998,-0.00642571,0.133521248,0.016690156,TRUE
6715,1000_radii_1,1000,L,0,18,140.7008568,0,-278.6637573,813.7371216,314.6845207,-0.011,-0.989999995,-0.384999998,-0.006428151,0.13357196,0.016696495,TRUE
6716,1000_radii_1,1000,L,0,18,140.7175532,0,-278.7582703,813.8306274,314.6781273,-0.011,-0.989999995,-0.384999998,-0.006397354,0.132932027,0.016616503,TRUE
6717,1000_radii_1,1000,L,0,18,140.7342497,0,-278.8536682,813.9249268,314.6716728,-0.011,-0.989999995,-0.384999998,-0.006455577,0.134141861,0.016767733,TRUE
6718,1000_radii_1,1000,L,0,18,140.7509067,0,-278.9484863,814.0186768,314.664669,-0.012,-1.080000009,-0.420000004,-0.00699947,0.133323231,0.016665404,TRUE
6719,1000_radii_1,1000,L,0,18,140.7674966,0,-279.0426941,814.1118164,314.6577187,-0.012,-1.080000009,-0.420000004,-0.00695421,0.132461134,0.016557642,TRUE
6720,1000_radii_1,1000,L,0,18,140.7842055,0,-279.13797,814.2059326,314.6506844,-0.012,-1.080000009,-0.420000004,-0.007031418,0.133931771,0.016741471,TRUE
6721,1000_radii_1,1000,L,0,18,140.8009047,0,-279.2326355,814.2994385,314.6431198,-0.013,-1.170000024,-0.455000009,-0.0075682,0.133067258,0.016633407,TRUE
6722,1000_radii_1,1000,L,0,18,140.8175369,0,-279.3276672,814.3933105,314.6349373,-0.014,-1.260000039,-0.490000015,-0.008181579,0.133576789,0.016697099,TRUE
6723,1000_radii_1,1000,L,0,18,140.8342542,0,-279.422821,814.4872437,314.6261635,-0.015,-1.34999997,-0.524999988,-0.008775168,0.13371685,0.016714606,TRUE
6724,1000_radii_1,1000,L,0,18,140.8508351,0,-279.5170593,814.5802612,314.6174698,-0.015,-1.34999997,-0.524999988,-0.008690226,0.132422497,0.016552812,TRUE
6725,1000_radii_1,1000,L,0,18,140.8675965,0,-279.6126709,814.6746216,314.6080666,-0.016000001,-1.440000068,-0.560000027,-0.009403116,0.134330219,0.016791277,TRUE
6726,1000_radii_1,1000,L,0,18,140.884184,0,-279.7071533,814.7678223,314.5987778,-0.016000001,-1.440000068,-0.560000027,-0.009288677,0.132695373,0.016586922,TRUE
6727,1000_radii_1,1000,L,0,18,140.9008664,0,-279.802002,814.8613281,314.5894547,-0.016000001,-1.440000068,-0.560000027,-0.009324175,0.133202489,0.016650311,TRUE
6728,1000_radii_1,1000,L,0,18,140.9175613,0,-279.8972473,814.9552002,314.5800934,-0.016000001,-1.440000068,-0.560000027,-0.009362716,0.133753073,0.016719134,TRUE
6729,1000_radii_1,1000,L,0,18,140.9341984,0,-279.9920654,815.048645,314.5707741,-0.016000001,-1.440000068,-0.560000027,-0.009318089,0.133115555,0.016639444,TRUE
6730,1000_radii_1,1000,L,0,18,140.9509869,0,-280.0870056,815.1421509,314.5614471,-0.016000001,-1.440000068,-0.560000027,-0.009328063,0.133258031,0.016657254,TRUE
6731,1000_radii_1,1000,L,0,18,140.9675476,0,-280.1821594,815.2358398,314.5520973,-0.016000001,-1.440000068,-0.560000027,-0.009347502,0.133535737,0.016691967,TRUE
6732,1000_radii_1,1000,L,0,18,140.9842993,0,-280.2776489,815.329834,314.5427132,-0.016000001,-1.440000068,-0.560000027,-0.009381141,0.13401629,0.016752036,TRUE
6733,1000_radii_1,1000,L,0,18,141.00079,0,-280.37146,815.4221802,314.5335045,-0.016000001,-1.440000068,-0.560000027,-0.009214469,0.131635259,0.016454407,TRUE
6734,1000_radii_1,1000,L,0,18,141.017552,0,-280.4671021,815.5162964,314.5241127,-0.016000001,-1.440000068,-0.560000027,-0.00939179,0.134168425,0.016771053,TRUE
6735,1000_radii_1,1000,L,0,18,141.0342373,0,-280.5624084,815.6100464,314.5147552,-0.016000001,-1.440000068,-0.560000027,-0.009356461,0.133663723,0.016707965,TRUE
6736,1000_radii_1,1000,L,0,18,141.0508477,0,-280.6572266,815.7032471,314.5054474,-0.016000001,-1.440000068,-0.560000027,-0.009307609,0.132965835,0.016620729,TRUE
6737,1000_radii_1,1000,L,0,18,141.067562,0,-280.7524109,815.796814,314.4961052,-0.016000001,-1.440000068,-0.560000027,-0.009341248,0.133446388,0.016680799,TRUE
6738,1000_radii_1,1000,L,0,18,141.0841589,0,-280.8472595,815.8900146,314.4867973,-0.016000001,-1.440000068,-0.560000027,-0.009308454,0.132977909,0.016622239,TRUE
6739,1000_radii_1,1000,L,0,18,141.1008488,0,-280.9425659,815.9836426,314.4774475,-0.016000001,-1.440000068,-0.560000027,-0.009351221,0.133588863,0.016698608,TRUE
6740,1000_radii_1,1000,L,0,18,141.1174725,0,-281.0370483,816.076416,314.4681778,-0.016000001,-1.440000068,-0.560000027,-0.009268223,0.132403178,0.016550397,TRUE
6741,1000_radii_1,1000,L,0,18,141.1341536,0,-281.1325073,816.170105,314.4588127,-0.016000001,-1.440000068,-0.560000027,-0.009364575,0.133779636,0.016722454,TRUE
6742,1000_radii_1,1000,L,0,18,141.1509042,0,-281.2282104,816.2640381,314.4494286,-0.016000001,-1.440000068,-0.560000027,-0.009386381,0.13409115,0.016761394,TRUE
6743,1000_radii_1,1000,L,0,18,141.1675288,0,-281.3229065,816.3569336,314.4401398,-0.016000001,-1.440000068,-0.560000027,-0.00928631,0.132661566,0.016582696,TRUE
6744,1000_radii_1,1000,L,0,18,141.1841308,0,-281.4179077,816.4500732,314.4308281,-0.016000001,-1.440000068,-0.560000027,-0.009314032,0.133057599,0.0166322,TRUE
6745,1000_radii_1,1000,L,0,18,141.2008596,0,-281.5136719,816.5439453,314.4208488,-0.017000001,-1.530000083,-0.595000032,-0.009973389,0.13409598,0.016761997,TRUE
6746,1000_radii_1,1000,L,0,18,141.2175468,0,-281.6088562,816.637207,314.4109421,-0.017000001,-1.530000083,-0.595000032,-0.009911965,0.133270105,0.016658763,TRUE
6747,1000_radii_1,1000,L,0,18,141.2341394,0,-281.7038574,816.7302856,314.4010506,-0.017000001,-1.530000083,-0.595000032,-0.009889873,0.13297308,0.016621635,TRUE
6748,1000_radii_1,1000,L,0,18,141.2507879,0,-281.7990112,816.8234863,314.3911438,-0.017000001,-1.530000083,-0.595000032,-0.009905319,0.133180756,0.016647594,TRUE
6749,1000_radii_1,1000,L,0,18,141.2676827,0,-281.8952026,816.9176636,314.3805428,-0.017999999,-1.61999993,-0.629999973,-0.010600183,0.13460551,0.016825689,TRUE
6750,1000_radii_1,1000,L,0,18,141.284116,0,-281.989563,817.0100098,314.3701439,-0.017999999,-1.61999993,-0.629999973,-0.010397274,0.132028878,0.01650361,TRUE
6751,1000_radii_1,1000,L,0,18,141.3008865,0,-282.0850525,817.1033936,314.3590469,-0.018999999,-1.709999945,-0.664999979,-0.011102767,0.13356713,0.016695891,TRUE
6752,1000_radii_1,1000,L,0,18,141.317541,0,-282.1807251,817.1969604,314.3479233,-0.018999999,-1.709999945,-0.664999979,-0.011123443,0.133815858,0.016726982,TRUE
6753,1000_radii_1,1000,L,0,18,141.3342363,0,-282.2758484,817.289978,314.3368607,-0.018999999,-1.709999945,-0.664999979,-0.011058004,0.133028621,0.016628578,TRUE
6754,1000_radii_1,1000,L,0,18,141.3508395,0,-282.3710022,817.3829346,314.3258018,-0.018999999,-1.709999945,-0.664999979,-0.011058807,0.13303828,0.016629785,TRUE
6755,1000_radii_1,1000,L,0,18,141.3675475,0,-282.4667969,817.4765015,314.3146744,-0.018999999,-1.709999945,-0.664999979,-0.011131071,0.133907622,0.016738453,TRUE
6756,1000_radii_1,1000,L,0,18,141.3841821,0,-282.5620422,817.569519,314.3036079,-0.018999999,-1.709999945,-0.664999979,-0.011065632,0.133120385,0.016640048,TRUE
6757,1000_radii_1,1000,L,0,18,141.4007995,0,-282.6569824,817.6621704,314.2925797,-0.018999999,-1.709999945,-0.664999979,-0.011028697,0.132676055,0.016584507,TRUE
6758,1000_radii_1,1000,L,0,18,141.4175253,0,-282.7529602,817.7557983,314.2814369,-0.018999999,-1.709999945,-0.664999979,-0.01114452,0.134069416,0.016758677,TRUE
6759,1000_radii_1,1000,L,0,18,141.4341152,0,-282.8479919,817.8484497,314.2703972,-0.018999999,-1.709999945,-0.664999979,-0.011034317,0.13274367,0.016592959,TRUE
6760,1000_radii_1,1000,L,0,18,141.4507474,0,-282.9431763,817.9412231,314.2593536,-0.018999999,-1.709999945,-0.664999979,-0.011048971,0.132919953,0.016614994,TRUE
6761,1000_radii_1,1000,L,0,18,141.4676102,0,-283.0398865,818.0354614,314.2481232,-0.018999999,-1.709999945,-0.664999979,-0.011225014,0.135037767,0.016879721,TRUE
6762,1000_radii_1,1000,L,0,18,141.4842442,0,-283.1351929,818.1282959,314.2370644,-0.018999999,-1.709999945,-0.664999979,-0.011061416,0.133069673,0.016633709,TRUE
6763,1000_radii_1,1000,L,0,18,141.5008469,0,-283.230011,818.2205811,314.2260666,-0.018999999,-1.709999945,-0.664999979,-0.01099939,0.132323488,0.016540436,TRUE
6764,1000_radii_1,1000,L,0,18,141.5174905,0,-283.3256226,818.3136597,314.2149734,-0.018999999,-1.709999945,-0.664999979,-0.011090924,0.133424654,0.016678082,TRUE
6765,1000_radii_1,1000,L,0,18,141.5341629,0,-283.42099,818.4064331,314.2039108,-0.018999999,-1.709999945,-0.664999979,-0.011060212,0.133055184,0.016631898,TRUE
6766,1000_radii_1,1000,L,0,18,141.5508074,0,-283.5164185,818.4992676,314.192852,-0.018999999,-1.709999945,-0.664999979,-0.011065029,0.13311314,0.016639143,TRUE
6767,1000_radii_1,1000,L,0,18,141.5675477,0,-283.6127014,818.5928345,314.1816864,-0.018999999,-1.709999945,-0.664999979,-0.011161181,0.134269848,0.016783731,TRUE
6768,1000_radii_1,1000,L,0,18,141.5841636,0,-283.7082214,818.6856689,314.1706161,-0.018999999,-1.709999945,-0.664999979,-0.011072256,0.133200074,0.016650009,TRUE
6769,1000_radii_1,1000,L,0,18,141.6008079,0,-283.8037109,818.7784424,314.1595459,-0.018999999,-1.709999945,-0.664999979,-0.01106804,0.133149363,0.01664367,TRUE
6770,1000_radii_1,1000,L,0,18,141.6175693,0,-283.8995361,818.871521,314.1478615,-0.02,-1.79999996,-0.699999984,-0.011689025,0.133588863,0.016698608,TRUE
6771,1000_radii_1,1000,L,0,18,141.6341586,0,-283.9951172,818.9642944,314.1362,-0.02,-1.79999996,-0.699999984,-0.011656274,0.133214564,0.01665182,TRUE
6772,1000_radii_1,1000,L,0,18,141.6508092,0,-284.090332,819.0567017,314.1245956,-0.02,-1.79999996,-0.699999984,-0.011608098,0.13266398,0.016582998,TRUE
6773,1000_radii_1,1000,L,0,18,141.6674737,0,-284.1862183,819.1497192,314.1129074,-0.02,-1.79999996,-0.699999984,-0.011689025,0.133588863,0.016698608,TRUE
6774,1000_radii_1,1000,L,0,18,141.684166,0,-284.2822876,819.2428589,314.1012001,-0.02,-1.79999996,-0.699999984,-0.011708042,0.133806199,0.016725775,TRUE
6775,1000_radii_1,1000,L,0,18,141.7007511,0,-284.3775635,819.3352051,314.0895882,-0.02,-1.79999996,-0.699999984,-0.011610211,0.132688129,0.016586016,TRUE
6776,1000_radii_1,1000,L,0,18,141.7174283,0,-284.4732056,819.4278564,314.0779381,-0.02,-1.79999996,-0.699999984,-0.01165078,0.133151778,0.016643972,TRUE
6777,1000_radii_1,1000,L,0,18,141.7341151,0,-284.5693054,819.520874,314.0662346,-0.02,-1.79999996,-0.699999984,-0.011703394,0.133753073,0.016719134,TRUE
6778,1000_radii_1,1000,L,0,18,141.750766,0,-284.6645813,819.6130981,314.0546265,-0.02,-1.79999996,-0.699999984,-0.011603238,0.132608439,0.016576055,TRUE
6779,1000_radii_1,1000,L,0,18,141.767484,0,-284.7607117,819.7061157,314.042923,-0.02,-1.79999996,-0.699999984,-0.011703605,0.133755487,0.016719436,TRUE
6780,1000_radii_1,1000,L,0,18,141.7842176,0,-284.8572998,819.7995605,314.0311661,-0.02,-1.79999996,-0.699999984,-0.01175812,0.134378516,0.016797314,TRUE
6781,1000_radii_1,1000,L,0,18,141.8007659,0,-284.9524841,819.8916016,314.0195847,-0.02,-1.79999996,-0.699999984,-0.011585489,0.132405593,0.016550699,TRUE
6782,1000_radii_1,1000,L,0,18,141.8175215,0,-285.0485229,819.984436,314.0078926,-0.02,-1.79999996,-0.699999984,-0.011687758,0.133574374,0.016696797,TRUE
6783,1000_radii_1,1000,L,0,18,141.8341112,0,-285.1441956,820.0768433,313.9962578,-0.02,-1.79999996,-0.699999984,-0.011638314,0.133009302,0.016626163,TRUE
6784,1000_radii_1,1000,L,0,18,141.8508949,0,-285.2409058,820.1702271,313.9844971,-0.02,-1.79999996,-0.699999984,-0.011761923,0.134421983,0.016802748,TRUE
6785,1000_radii_1,1000,L,0,18,141.8675072,0,-285.3365784,820.2625732,313.9728584,-0.02,-1.79999996,-0.699999984,-0.011636201,0.132985154,0.016623144,TRUE
6786,1000_radii_1,1000,L,0,18,141.8841373,0,-285.4321899,820.3547974,313.9612312,-0.02,-1.79999996,-0.699999984,-0.011623523,0.132840264,0.016605033,TRUE
6787,1000_radii_1,1000,L,0,18,141.9007755,0,-285.5281372,820.4473267,313.9495735,-0.02,-1.79999996,-0.699999984,-0.011663669,0.133299083,0.016662385,TRUE
6788,1000_radii_1,1000,L,0,18,141.9174623,0,-285.6242065,820.539917,313.9378967,-0.02,-1.79999996,-0.699999984,-0.011675713,0.133436729,0.016679591,TRUE
6789,1000_radii_1,1000,L,0,18,141.934247,0,-285.7204285,820.6326294,313.9262047,-0.02,-1.79999996,-0.699999984,-0.011693674,0.13364199,0.016705249,TRUE
6790,1000_radii_1,1000,L,0,18,141.9508203,0,-285.8163757,820.7250366,313.914547,-0.02,-1.79999996,-0.699999984,-0.011654795,0.13319766,0.016649707,TRUE
6791,1000_radii_1,1000,L,0,18,141.9675636,0,-285.9129333,820.8179932,313.9028168,-0.02,-1.79999996,-0.699999984,-0.011726636,0.134018705,0.016752338,TRUE
6792,1000_radii_1,1000,L,0,18,141.9842157,0,-286.008667,820.9100952,313.8911972,-0.02,-1.79999996,-0.699999984,-0.011625213,0.132859582,0.016607448,TRUE
6793,1000_radii_1,1000,L,0,18,142.0008434,0,-286.1045837,821.0023804,313.8795509,-0.02,-1.79999996,-0.699999984,-0.011646977,0.133108311,0.016638539,TRUE
6794,1000_radii_1,1000,L,0,18,142.0173618,0,-286.2000427,821.0941772,313.8679581,-0.02,-1.79999996,-0.699999984,-0.011587179,0.132424911,0.016553114,TRUE
6795,1000_radii_1,1000,L,0,18,142.0340927,0,-286.2965393,821.1869507,313.8562508,-0.02,-1.79999996,-0.699999984,-0.011711846,0.133849666,0.016731208,TRUE
6796,1000_radii_1,1000,L,0,18,142.0507605,0,-286.3925171,821.2791748,313.8446045,-0.02,-1.79999996,-0.699999984,-0.011645498,0.133091407,0.016636426,TRUE
6797,1000_radii_1,1000,L,0,18,142.0674265,0,-286.4888611,821.3717041,313.8329163,-0.02,-1.79999996,-0.699999984,-0.01168818,0.133579204,0.016697401,TRUE
6798,1000_radii_1,1000,L,0,18,142.0840783,0,-286.5849609,821.4639893,313.8212585,-0.02,-1.79999996,-0.699999984,-0.011656908,0.133221808,0.016652726,TRUE
6799,1000_radii_1,1000,L,0,18,142.1007673,0,-286.6808777,821.5560303,313.8096275,-0.02,-1.79999996,-0.699999984,-0.011631552,0.132932027,0.016616503,TRUE
6800,1000_radii_1,1000,L,0,18,142.1175202,0,-286.7780151,821.649231,313.7972603,-0.021,-1.889999975,-0.73499999,-0.012366881,0.13460551,0.016825689,TRUE
6801,1000_radii_1,1000,L,0,18,142.1342164,0,-286.8740234,821.741272,313.7850418,-0.021,-1.889999975,-0.73499999,-0.012221783,0.133026206,0.016628276,TRUE
6802,1000_radii_1,1000,L,0,18,142.1507789,0,-286.9698792,821.8331299,313.7728462,-0.021,-1.889999975,-0.73499999,-0.012198487,0.132772648,0.016596581,TRUE
6803,1000_radii_1,1000,L,0,18,142.1675333,0,-287.066864,821.9260254,313.7599144,-0.022,-1.979999989,-0.769999996,-0.012926494,0.134301241,0.016787655,TRUE
6804,1000_radii_1,1000,L,0,18,142.1841565,0,-287.1627502,822.0178223,313.7471352,-0.022,-1.979999989,-0.769999996,-0.012777973,0.132758159,0.01659477,TRUE
6805,1000_radii_1,1000,L,0,18,142.2008186,0,-287.2592163,822.1101685,313.7336998,-0.023,-2.070000004,-0.805000002,-0.013435819,0.133523663,0.016690458,TRUE
6806,1000_radii_1,1000,L,0,18,142.2174499,0,-287.3551636,822.2019653,313.7203369,-0.023,-2.070000004,-0.805000002,-0.013361706,0.132787137,0.016598392,TRUE
6807,1000_radii_1,1000,L,0,18,142.234134,0,-287.4517822,822.2943726,313.7068901,-0.023,-2.070000004,-0.805000002,-0.013450641,0.133670968,0.016708871,TRUE
6808,1000_radii_1,1000,L,0,18,142.2507758,0,-287.5480652,822.3864136,313.6934814,-0.023,-2.070000004,-0.805000002,-0.013402043,0.133188,0.0166485,TRUE
6809,1000_radii_1,1000,L,0,18,142.2674953,0,-287.6443176,822.4783936,313.6800919,-0.023,-2.070000004,-0.805000002,-0.013396454,0.133132459,0.016641557,TRUE
6810,1000_radii_1,1000,L,0,18,142.2841531,0,-287.7411194,822.5708008,313.6666183,-0.023,-2.070000004,-0.805000002,-0.013466679,0.133830347,0.016728793,TRUE
6811,1000_radii_1,1000,L,0,18,142.3007775,0,-287.8373718,822.6626587,313.6532364,-0.023,-2.070000004,-0.805000002,-0.013389164,0.133060014,0.016632502,TRUE
6812,1000_radii_1,1000,L,0,18,142.3175126,0,-287.9340515,822.7548828,313.6397858,-0.023,-2.070000004,-0.805000002,-0.01344651,0.133629916,0.016703739,TRUE
6813,1000_radii_1,1000,L,0,18,142.3341653,0,-288.030426,822.8468018,313.6263885,-0.023,-2.070000004,-0.805000002,-0.013401314,0.133180756,0.016647594,TRUE
6814,1000_radii_1,1000,L,0,18,142.3508163,0,-288.1270142,822.9388428,313.612957,-0.023,-2.070000004,-0.805000002,-0.013424884,0.133414995,0.016676874,TRUE
6815,1000_radii_1,1000,L,0,18,142.3675055,0,-288.2237549,823.0310059,313.5995178,-0.023,-2.070000004,-0.805000002,-0.013443351,0.133598523,0.016699815,TRUE
6816,1000_radii_1,1000,L,0,18,142.3841335,0,-288.3198853,823.1225586,313.5861588,-0.023,-2.070000004,-0.805000002,-0.013357818,0.1327485,0.016593562,TRUE
6817,1000_radii_1,1000,L,0,18,142.4007723,0,-288.4165039,823.2145386,313.5727386,-0.023,-2.070000004,-0.805000002,-0.013421482,0.133381187,0.016672648,TRUE
6818,1000_radii_1,1000,L,0,18,142.4174392,0,-288.513092,823.3064575,313.5593185,-0.023,-2.070000004,-0.805000002,-0.013415893,0.133325646,0.016665706,TRUE
6819,1000_radii_1,1000,L,0,18,142.4341231,0,-288.6092834,823.3979492,313.5459633,-0.023,-2.070000004,-0.805000002,-0.013356117,0.132731596,0.016591449,TRUE
6820,1000_radii_1,1000,L,0,18,142.4507637,0,-288.7062683,823.4901123,313.5325089,-0.023,-2.070000004,-0.805000002,-0.01346352,0.133798954,0.016724869,TRUE
6821,1000_radii_1,1000,L,0,18,142.4675163,0,-288.803009,823.5820313,313.5190773,-0.023,-2.070000004,-0.805000002,-0.013426585,0.133431899,0.016678987,TRUE
6822,1000_radii_1,1000,L,0,18,142.4841679,0,-288.8998413,823.6739502,313.5056419,-0.023,-2.070000004,-0.805000002,-0.013434847,0.133514003,0.01668925,TRUE
6823,1000_radii_1,1000,L,0,18,142.5008312,0,-288.996582,823.7657471,313.4922218,-0.023,-2.070000004,-0.805000002,-0.013421239,0.133378773,0.016672347,TRUE
6824,1000_radii_1,1000,L,0,18,142.5174851,0,-289.0934448,823.857666,313.4787865,-0.023,-2.070000004,-0.805000002,-0.013435819,0.133523663,0.016690458,TRUE
6825,1000_radii_1,1000,L,0,18,142.5341013,0,-289.1899109,823.9491577,313.4654045,-0.023,-2.070000004,-0.805000002,-0.013376528,0.132934442,0.016616805,TRUE
6826,1000_radii_1,1000,L,0,18,142.5507474,0,-289.2864075,824.0405884,313.4520302,-0.023,-2.070000004,-0.805000002,-0.0133775,0.132944102,0.016618013,TRUE
6827,1000_radii_1,1000,L,0,18,142.567503,0,-289.3838196,824.1328735,313.43853,-0.023,-2.070000004,-0.805000002,-0.01350167,0.134178084,0.016772261,TRUE
6828,1000_radii_1,1000,L,0,18,142.5840963,0,-289.4798279,824.2238159,313.4252243,-0.023,-2.070000004,-0.805000002,-0.013304845,0.132222065,0.016527758,TRUE
6829,1000_radii_1,1000,L,0,18,142.6008734,0,-289.5773315,824.3161011,313.4117165,-0.023,-2.070000004,-0.805000002,-0.013509689,0.134257774,0.016782222,TRUE
6830,1000_radii_1,1000,L,0,18,142.6174359,0,-289.6738281,824.4073486,313.3983536,-0.023,-2.070000004,-0.805000002,-0.013364865,0.13281853,0.016602316,TRUE
6831,1000_radii_1,1000,L,0,18,142.6342999,0,-289.7716064,824.4998169,313.3848076,-0.023,-2.070000004,-0.805000002,-0.013539577,0.134554799,0.01681935,TRUE
6832,1000_radii_1,1000,L,0,18,142.6507268,0,-289.8674011,824.590332,313.3715439,-0.023,-2.070000004,-0.805000002,-0.013262079,0.131797053,0.016474632,TRUE
6833,1000_radii_1,1000,L,0,18,142.6674834,0,-289.9647827,824.682312,313.3580666,-0.023,-2.070000004,-0.805000002,-0.0134798,0.133960749,0.016745094,TRUE
6834,1000_radii_1,1000,L,0,18,142.684105,0,-290.0617065,824.7738037,313.3446503,-0.023,-2.070000004,-0.805000002,-0.013413463,0.133301498,0.016662687,TRUE
6835,1000_radii_1,1000,L,0,18,142.7007188,0,-290.1583862,824.8650513,313.3312798,-0.023,-2.070000004,-0.805000002,-0.013375313,0.132922368,0.016615296,TRUE
6836,1000_radii_1,1000,L,0,18,142.7174666,0,-290.2556458,824.9568481,313.3178253,-0.023,-2.070000004,-0.805000002,-0.013456473,0.133728924,0.016716116,TRUE
6837,1000_radii_1,1000,L,0,18,142.7342042,0,-290.353241,825.0488892,313.3049088,-0.022,-1.979999989,-0.769999996,-0.012909062,0.134120128,0.016765016,TRUE
6838,1000_radii_1,1000,L,0,18,142.7508161,0,-290.4499512,825.1400146,313.2927017,-0.021,-1.889999975,-0.73499999,-0.01220958,0.13289339,0.016611674,TRUE
6839,1000_radii_1,1000,L,0,18,142.7674284,0,-290.5466919,825.2311401,313.2804909,-0.021,-1.889999975,-0.73499999,-0.012212021,0.132919953,0.016614994,TRUE
6840,1000_radii_1,1000,L,0,18,142.7841635,0,-290.6437378,825.3225098,313.2688293,-0.02,-1.79999996,-0.699999984,-0.011662613,0.133287009,0.016660876,TRUE
6841,1000_radii_1,1000,L,0,18,142.8008136,0,-290.7411499,825.4141846,313.2577095,-0.018999999,-1.709999945,-0.664999979,-0.011120833,0.133784465,0.016723058,TRUE
6842,1000_radii_1,1000,L,0,18,142.8174331,0,-290.8379211,825.505249,313.2466621,-0.018999999,-1.709999945,-0.664999979,-0.011046361,0.13288856,0.01661107,TRUE
6843,1000_radii_1,1000,L,0,18,142.8341435,0,-290.9353638,825.5968628,313.2361298,-0.017999999,-1.61999993,-0.629999973,-0.010533244,0.133755487,0.016719436,TRUE
6844,1000_radii_1,1000,L,0,18,142.8507265,0,-291.0318298,825.687561,313.2257042,-0.017999999,-1.61999993,-0.629999973,-0.01042694,0.132405593,0.016550699,TRUE
6845,1000_radii_1,1000,L,0,18,142.8674869,0,-291.1296997,825.779541,313.2157097,-0.017000001,-1.530000083,-0.595000032,-0.009990451,0.134325389,0.016790674,TRUE
6846,1000_radii_1,1000,L,0,18,142.8840802,0,-291.2261963,825.8702393,313.2058601,-0.017000001,-1.530000083,-0.595000032,-0.009848565,0.132417667,0.016552208,TRUE
6847,1000_radii_1,1000,L,0,18,142.9007906,0,-291.3238831,825.9619751,313.1964836,-0.016000001,-1.440000068,-0.560000027,-0.009381817,0.134025949,0.016753244,TRUE
6848,1000_radii_1,1000,L,0,18,142.9174201,0,-291.4206543,826.0528564,313.1871834,-0.016000001,-1.440000068,-0.560000027,-0.009293241,0.132760574,0.016595072,TRUE
6849,1000_radii_1,1000,L,0,18,142.9340876,0,-291.5180054,826.1442261,313.1778412,-0.016000001,-1.440000068,-0.560000027,-0.009347502,0.133535737,0.016691967,TRUE
6850,1000_radii_1,1000,L,0,18,142.9509012,0,-291.6158752,826.236084,313.1684456,-0.016000001,-1.440000068,-0.560000027,-0.009395171,0.134216721,0.01677709,TRUE
6851,1000_radii_1,1000,L,0,18,142.9675376,0,-291.7131958,826.3273926,313.1596909,-0.015,-1.34999997,-0.524999988,-0.008756944,0.133439144,0.016679893,TRUE
6852,1000_radii_1,1000,L,0,18,142.984136,0,-291.8100586,826.4182129,313.1509743,-0.015,-1.34999997,-0.524999988,-0.008713839,0.132782307,0.016597788,TRUE
6853,1000_radii_1,1000,L,0,18,143.0008446,0,-291.907135,826.5092163,313.1428261,-0.014,-1.260000039,-0.490000015,-0.00814963,0.133055184,0.016631898,TRUE
6854,1000_radii_1,1000,L,0,18,143.0175604,0,-292.0051575,826.6010742,313.1351814,-0.013,-1.170000024,-0.455000009,-0.00764113,0.134349538,0.016793692,TRUE
6855,1000_radii_1,1000,L,0,18,143.0341407,0,-292.1019592,826.6917725,313.1282196,-0.012,-1.080000009,-0.420000004,-0.006964098,0.132649491,0.016581186,TRUE
6856,1000_radii_1,1000,L,0,18,143.0507288,0,-292.1986084,826.7822876,313.1212654,-0.012,-1.080000009,-0.420000004,-0.006953322,0.13244423,0.016555529,TRUE
6857,1000_radii_1,1000,L,0,18,143.0674772,0,-292.2966003,826.8740845,313.1148071,-0.011,-0.989999995,-0.384999998,-0.006461039,0.134255359,0.01678192,TRUE
6858,1000_radii_1,1000,L,0,18,143.0841309,0,-292.3934326,826.9647217,313.109005,-0.01,-0.89999998,-0.349999992,-0.00580257,0.132630173,0.016578772,TRUE
6859,1000_radii_1,1000,L,0,18,143.1007603,0,-292.4909363,827.0559692,313.103157,-0.01,-0.89999998,-0.349999992,-0.005842928,0.133552641,0.01669408,TRUE
6860,1000_radii_1,1000,L,0,18,143.117494,0,-292.5883179,827.1470947,313.097908,-0.009,-0.809999965,-0.314999986,-0.005252264,0.133390847,0.016673856,TRUE
6861,1000_radii_1,1000,L,0,18,143.1341503,0,-292.6860352,827.2385254,313.0926361,-0.009,-0.809999965,-0.314999986,-0.005269189,0.133820688,0.016727586,TRUE
6862,1000_radii_1,1000,L,0,18,143.1507617,0,-292.7826843,827.3289795,313.0874214,-0.009,-0.809999965,-0.314999986,-0.005212044,0.13236937,0.016546171,TRUE
6863,1000_radii_1,1000,L,0,18,143.1674911,0,-292.8806152,827.4205933,313.0821457,-0.009,-0.809999965,-0.314999986,-0.005280314,0.134103224,0.016762903,TRUE
6864,1000_radii_1,1000,L,0,18,143.1840952,0,-292.9777527,827.5114136,313.0769081,-0.009,-0.809999965,-0.314999986,-0.005237146,0.133006887,0.016625861,TRUE
6865,1000_radii_1,1000,L,0,18,143.2007694,0,-293.0752563,827.6026001,313.0716553,-0.009,-0.809999965,-0.314999986,-0.005255592,0.133475366,0.016684421,TRUE
6866,1000_radii_1,1000,L,0,18,143.2174296,0,-293.1724243,827.6934204,313.0664177,-0.009,-0.809999965,-0.314999986,-0.005237336,0.133011717,0.016626465,TRUE
6867,1000_radii_1,1000,L,0,18,143.2341267,0,-293.2702026,827.78479,313.061142,-0.009,-0.809999965,-0.314999986,-0.005270045,0.133842422,0.016730303,TRUE
6868,1000_radii_1,-1,R,0,19,143.2505132,0,-293.3659668,827.8742676,313.0559807,-0.009,-0.809999965,-0.314999986,-0.005161459,0.131084676,0.016385585,FALSE
6869,1000_radii_1,-1,R,0,19,143.2672055,0,-293.463562,827.9654541,313.0507278,-0.009,-0.809999965,-0.314999986,-0.00525854,0.133550226,0.016693778,FALSE
6870,1000_radii_1,-1,R,0,19,143.2838609,0,-293.5609131,828.0563965,313.0454826,-0.009,-0.809999965,-0.314999986,-0.005245799,0.133226638,0.01665333,FALSE
6871,1000_radii_1,-1,R,0,19,143.3005055,0,-293.6582336,828.1472778,313.0402374,-0.009,-0.809999965,-0.314999986,-0.005243517,0.133168682,0.016646085,FALSE
6872,1000_radii_1,-1,R,0,19,143.3172304,0,-293.756012,828.2385864,313.0349693,-0.009,-0.809999965,-0.314999986,-0.005267858,0.13378688,0.01672336,FALSE
6873,1000_radii_1,-1,R,0,19,143.3339767,0,-293.8539429,828.3300171,313.0296936,-0.009,-0.809999965,-0.314999986,-0.005274799,0.133963163,0.016745395,FALSE
6874,1000_radii_1,-1,R,0,19,143.3505482,0,-293.9508362,828.4204712,313.0244713,-0.009,-0.809999965,-0.314999986,-0.005218414,0.132531164,0.016566396,FALSE
6875,1000_radii_1,-1,R,0,19,143.3672148,0,-294.0483398,828.5114746,313.0192223,-0.009,-0.809999965,-0.314999986,-0.005251314,0.133366698,0.016670837,FALSE
6876,1000_radii_1,-1,R,0,19,143.3838386,0,-294.1455688,828.6022339,313.0139885,-0.009,-0.809999965,-0.314999986,-0.005236766,0.132997228,0.016624654,FALSE
6877,1000_radii_1,-1,R,0,19,143.4005133,0,-294.243103,828.6932373,313.0087357,-0.009,-0.809999965,-0.314999986,-0.00525255,0.133398091,0.016674761,FALSE
6878,1000_radii_1,-1,R,0,19,143.4171923,0,-294.3406677,828.7842407,313.003479,-0.009,-0.809999965,-0.314999986,-0.005254071,0.133436729,0.016679591,FALSE
6879,1000_radii_1,-1,R,0,19,143.4338318,0,-294.4380188,828.875061,312.9982414,-0.009,-0.809999965,-0.314999986,-0.00524152,0.13311797,0.016639746,FALSE
6880,1000_radii_1,-1,R,0,19,143.4504875,0,-294.5354614,828.9659424,312.9929924,-0.009,-0.809999965,-0.314999986,-0.005246559,0.133245956,0.016655745,FALSE
6881,1000_radii_1,-1,R,0,19,143.4672471,0,-294.6335144,829.057373,312.9877167,-0.009,-0.809999965,-0.314999986,-0.005278032,0.134045268,0.016755658,FALSE
6882,1000_radii_1,-1,R,0,19,143.4838814,0,-294.7308655,829.1481323,312.9824753,-0.009,-0.809999965,-0.314999986,-0.005240854,0.133101066,0.016637633,FALSE
6883,1000_radii_1,-1,R,0,19,143.5005381,0,-294.8283386,829.2389526,312.9772263,-0.009,-0.809999965,-0.314999986,-0.005246749,0.133250786,0.016656348,FALSE
6884,1000_radii_1,-1,R,0,19,143.5172243,0,-294.9259949,829.3299561,312.9719734,-0.009,-0.809999965,-0.314999986,-0.005256068,0.13348744,0.01668593,FALSE
6885,1000_radii_1,-1,R,0,19,143.5338465,0,-295.0232849,829.4205933,312.966732,-0.009,-0.809999965,-0.314999986,-0.0052361,0.132980324,0.016622541,FALSE
6886,1000_radii_1,-1,R,0,19,143.550546,0,-295.1210632,829.5116577,312.9614754,-0.009,-0.809999965,-0.314999986,-0.005260917,0.133610597,0.016701325,FALSE
6887,1000_radii_1,-1,R,0,19,143.5672229,0,-295.218689,829.6026001,312.9562225,-0.009,-0.809999965,-0.314999986,-0.00525293,0.133407751,0.016675969,FALSE
6888,1000_radii_1,-1,R,0,19,143.5839318,0,-295.3165283,829.6936646,312.9509544,-0.009,-0.809999965,-0.314999986,-0.005263199,0.133668553,0.016708569,FALSE
6889,1000_radii_1,-1,R,0,19,143.6004994,0,-295.4135437,829.7839966,312.9457359,-0.009,-0.809999965,-0.314999986,-0.005218605,0.132535994,0.016566999,FALSE
6890,1000_radii_1,-1,R,0,19,143.6171751,0,-295.5112,829.8748779,312.9404869,-0.009,-0.809999965,-0.314999986,-0.005253215,0.133414995,0.016676874,FALSE
6891,1000_radii_1,-1,R,0,19,143.6338248,0,-295.6087036,829.9656372,312.9352379,-0.009,-0.809999965,-0.314999986,-0.005244658,0.13319766,0.016649707,FALSE
6892,1000_radii_1,-1,R,0,19,143.6504887,0,-295.7062988,830.0564575,312.9299889,-0.009,-0.809999965,-0.314999986,-0.005249127,0.133311157,0.016663895,FALSE
6893,1000_radii_1,-1,R,0,19,143.6672679,0,-295.8045959,830.1478882,312.9247093,-0.009,-0.809999965,-0.314999986,-0.005285544,0.13423604,0.016779505,FALSE
6894,1000_radii_1,-1,R,0,19,143.6838201,0,-295.9015503,830.2380981,312.9194908,-0.009,-0.809999965,-0.314999986,-0.005214136,0.132422497,0.016552812,FALSE
6895,1000_radii_1,-1,R,0,19,143.7005229,0,-295.9993896,830.3291016,312.9142265,-0.009,-0.809999965,-0.314999986,-0.005261202,0.133617842,0.01670223,FALSE
6896,1000_radii_1,-1,R,0,19,143.7172288,0,-296.0972595,830.420105,312.9089699,-0.009,-0.809999965,-0.314999986,-0.005262153,0.13364199,0.016705249,FALSE
6897,1000_radii_1,-1,R,0,19,143.7338099,0,-296.1944275,830.510437,312.9037437,-0.009,-0.809999965,-0.314999986,-0.005223454,0.132659151,0.016582394,FALSE
6898,1000_radii_1,-1,R,0,19,143.7504741,0,-296.2920837,830.6011963,312.8984985,-0.009,-0.809999965,-0.314999986,-0.005248841,0.133303913,0.016662989,FALSE
6899,1000_radii_1,-1,R,0,19,143.7671525,0,-296.3898315,830.6920166,312.8932419,-0.009,-0.809999965,-0.314999986,-0.005254071,0.133436729,0.016679591,FALSE
6900,1000_radii_1,-1,R,0,19,143.7838074,0,-296.4874268,830.7827148,312.8879967,-0.009,-0.809999965,-0.314999986,-0.005245608,0.133221808,0.016652726,FALSE
6901,1000_radii_1,-1,R,0,19,143.8005343,0,-296.5854797,830.8737793,312.8827324,-0.009,-0.809999965,-0.314999986,-0.005269665,0.133832762,0.016729095,FALSE
6902,1000_radii_1,-1,R,0,19,143.8172686,0,-296.6835632,830.9649048,312.8774567,-0.009,-0.809999965,-0.314999986,-0.005271186,0.1338714,0.016733925,FALSE
6903,1000_radii_1,-1,R,0,19,143.8337954,0,-296.7804565,831.0548706,312.8722458,-0.009,-0.809999965,-0.314999986,-0.005205863,0.132212406,0.016526551,FALSE
6904,1000_radii_1,-1,R,0,19,143.8504614,0,-296.8781738,831.1455688,312.8670006,-0.009,-0.809999965,-0.314999986,-0.005249982,0.133332891,0.016666611,FALSE
6905,1000_radii_1,-1,R,0,19,143.867231,0,-296.9765015,831.2368164,312.8617172,-0.009,-0.809999965,-0.314999986,-0.005282216,0.134151521,0.01676894,FALSE
6906,1000_radii_1,-1,R,0,19,143.8838273,0,-297.073822,831.3271484,312.8564911,-0.009,-0.809999965,-0.314999986,-0.005227923,0.132772648,0.016596581,FALSE
6907,1000_radii_1,-1,R,0,19,143.9005313,0,-297.1717834,831.4180298,312.8512306,-0.009,-0.809999965,-0.314999986,-0.005261773,0.133632331,0.016704041,FALSE
6908,1000_radii_1,-1,R,0,19,143.9172471,0,-297.2698364,831.5089722,312.8453789,-0.01,-0.89999998,-0.349999992,-0.005851063,0.133738583,0.016717323,FALSE
6909,1000_radii_1,-1,R,0,19,143.9338117,0,-297.3669739,831.5990601,312.8395805,-0.01,-0.89999998,-0.349999992,-0.005797076,0.132504601,0.016563075,FALSE
6910,1000_radii_1,-1,R,0,19,143.9505592,0,-297.46521,831.6901245,312.8337173,-0.01,-0.89999998,-0.349999992,-0.005860571,0.133955919,0.01674449,FALSE
6911,1000_radii_1,-1,R,0,19,143.9672352,0,-297.5630188,831.7808228,312.8278809,-0.01,-0.89999998,-0.349999992,-0.005834899,0.133369113,0.016671139,FALSE
6912,1000_radii_1,-1,R,0,19,143.9838384,0,-297.6604309,831.8711548,312.8220749,-0.01,-0.89999998,-0.349999992,-0.005811867,0.132842678,0.016605335,FALSE
6913,1000_radii_1,-1,R,0,19,144.0004978,0,-297.7582092,831.961731,312.8162384,-0.01,-0.89999998,-0.349999992,-0.005831835,0.133299083,0.016662385,FALSE
6914,1000_radii_1,-1,R,0,19,144.0171695,0,-297.8560486,832.0523682,312.8104019,-0.01,-0.89999998,-0.349999992,-0.005835638,0.133386017,0.016673252,FALSE
6915,1000_radii_1,-1,R,0,19,144.0339143,0,-297.9543152,832.1433716,312.8045464,-0.01,-0.89999998,-0.349999992,-0.005859937,0.13394143,0.016742679,FALSE
6916,1000_radii_1,-1,R,0,19,144.0505344,0,-298.0518799,832.2337036,312.7987289,-0.01,-0.89999998,-0.349999992,-0.005817995,0.132982739,0.016622842,FALSE
6917,1000_radii_1,-1,R,0,19,144.0672795,0,-298.150177,832.324707,312.7928658,-0.01,-0.89999998,-0.349999992,-0.005860466,0.133953504,0.016744188,FALSE
6918,1000_radii_1,-1,R,0,19,144.0838462,0,-298.2474365,832.4147339,312.7870674,-0.01,-0.89999998,-0.349999992,-0.00579845,0.132535994,0.016566999,FALSE
6919,1000_radii_1,-1,R,0,19,144.1004552,0,-298.3449402,832.5050049,312.7812576,-0.01,-0.89999998,-0.349999992,-0.00581324,0.132874071,0.016609259,FALSE
6920,1000_radii_1,-1,R,0,19,144.117145,0,-298.4429321,832.5957031,312.7754135,-0.01,-0.89999998,-0.349999992,-0.005841554,0.133521248,0.016690156,FALSE
6921,1000_radii_1,-1,R,0,19,144.1338041,0,-298.5407715,832.6862183,312.7695808,-0.01,-0.89999998,-0.349999992,-0.005830778,0.133274934,0.016659367,FALSE
6922,1000_radii_1,-1,R,0,19,144.1504499,0,-298.6385193,832.7766724,312.7637558,-0.01,-0.89999998,-0.349999992,-0.005825918,0.133163852,0.016645481,FALSE
6923,1000_radii_1,-1,R,0,19,144.1671805,0,-298.7367859,832.8675537,312.7579041,-0.01,-0.89999998,-0.349999992,-0.005855395,0.133837592,0.016729699,FALSE
6924,1000_radii_1,-1,R,0,19,144.1838087,0,-298.8344727,832.9578857,312.752079,-0.01,-0.89999998,-0.349999992,-0.005820002,0.133028621,0.016628578,FALSE
6925,1000_radii_1,-1,R,0,19,144.2004566,0,-298.9322815,833.0482788,312.7462502,-0.01,-0.89999998,-0.349999992,-0.005827081,0.133190415,0.016648802,FALSE
6926,1000_radii_1,-1,R,0,19,144.2171658,0,-299.0304565,833.1390381,312.7404022,-0.01,-0.89999998,-0.349999992,-0.005848105,0.133670968,0.016708871,FALSE
6927,1000_radii_1,-1,R,0,19,144.2338134,0,-299.1282654,833.2294312,312.7345772,-0.01,-0.89999998,-0.349999992,-0.005826447,0.133175926,0.016646991,FALSE
6928,1000_radii_1,-1,R,0,19,144.2504492,0,-299.2260132,833.3197632,312.7287598,-0.01,-0.89999998,-0.349999992,-0.005822855,0.133093822,0.016636728,FALSE
6929,1000_radii_1,-1,R,0,19,144.2671331,0,-299.3240662,833.4103394,312.7229195,-0.01,-0.89999998,-0.349999992,-0.005839653,0.133477781,0.016684723,TRUE
6930,1000_radii_1,-1,R,0,19,144.2838413,0,-299.4222412,833.5010376,312.7170677,-0.01,-0.89999998,-0.349999992,-0.005847154,0.133649234,0.016706154,TRUE
6931,1000_radii_1,-1,R,0,19,144.3004856,0,-299.5200806,833.5913696,312.7112503,-0.01,-0.89999998,-0.349999992,-0.005826235,0.133171096,0.016646387,TRUE
6932,1000_radii_1,-1,R,0,19,144.3175202,0,-299.6201477,833.6837158,312.7052879,-0.01,-0.89999998,-0.349999992,-0.00595798,0.1361824,0.0170228,TRUE
6933,1000_radii_1,-1,R,0,19,144.334655,0,-299.7208557,833.7766724,312.6992912,-0.01,-0.89999998,-0.349999992,-0.005995908,0.137049327,0.017131166,TRUE
6934,1000_radii_1,-1,R,0,19,144.3505014,0,-299.8140564,833.8626709,312.6937447,-0.01,-0.89999998,-0.349999992,-0.005548167,0.126815242,0.015851905,TRUE
6935,1000_radii_1,-1,R,0,19,144.367223,0,-299.9124146,833.9534302,312.6878891,-0.01,-0.89999998,-0.349999992,-0.005854232,0.133811029,0.016726379,TRUE
6936,1000_radii_1,-1,R,0,19,144.3838386,0,-300.0101318,834.0435791,312.6820717,-0.01,-0.89999998,-0.349999992,-0.00581567,0.132929613,0.016616202,TRUE
6937,1000_radii_1,-1,R,0,19,144.4004457,0,-300.1078186,834.133667,312.6762543,-0.01,-0.89999998,-0.349999992,-0.005813557,0.132881316,0.016610164,TRUE
6938,1000_radii_1,-1,R,0,19,144.4171658,0,-300.2061462,834.2243652,312.6704063,-0.01,-0.89999998,-0.349999992,-0.005852119,0.133762732,0.016720341,TRUE
6939,1000_radii_1,-1,R,0,19,144.43381,0,-300.3040466,834.3146362,312.6645775,-0.01,-0.89999998,-0.349999992,-0.005825284,0.133149363,0.01664367,TRUE
6940,1000_radii_1,-1,R,0,19,144.4504431,0,-300.401886,834.4047852,312.6587601,-0.01,-0.89999998,-0.349999992,-0.005821375,0.133060014,0.016632502,TRUE
6941,1000_radii_1,-1,R,0,19,144.467143,0,-300.5001221,834.4953003,312.6529121,-0.01,-0.89999998,-0.349999992,-0.005844301,0.133584034,0.016698004,TRUE
6942,1000_radii_1,-1,R,0,19,144.4837918,0,-300.5980835,834.5855713,312.6470871,-0.01,-0.89999998,-0.349999992,-0.005827926,0.133209734,0.016651217,TRUE
6943,1000_radii_1,-1,R,0,19,144.5004584,0,-300.696167,834.6759033,312.6412544,-0.01,-0.89999998,-0.349999992,-0.005833208,0.133330476,0.016666309,TRUE
6944,1000_radii_1,-1,R,0,19,144.5172029,0,-300.7947083,834.7666626,312.6353912,-0.01,-0.89999998,-0.349999992,-0.005860466,0.133953504,0.016744188,TRUE
6945,1000_radii_1,-1,R,0,19,144.5338981,0,-300.8929749,834.8571167,312.6295509,-0.01,-0.89999998,-0.349999992,-0.005842928,0.133552641,0.01669408,TRUE
6946,1000_radii_1,-1,R,0,19,144.5505074,0,-300.9907532,834.9471436,312.6237373,-0.01,-0.89999998,-0.349999992,-0.005813769,0.132886145,0.016610768,TRUE
6947,1000_radii_1,-1,R,0,19,144.5671447,0,-301.088623,835.0372314,312.6179161,-0.01,-0.89999998,-0.349999992,-0.005820002,0.133028621,0.016628578,TRUE
6948,1000_radii_1,-1,R,0,19,144.5837972,0,-301.1867065,835.1275024,312.6120834,-0.01,-0.89999998,-0.349999992,-0.005831835,0.133299083,0.016662385,TRUE
6949,1000_radii_1,-1,R,0,19,144.6004553,0,-301.28479,835.2177124,312.6062508,-0.01,-0.89999998,-0.349999992,-0.005830778,0.133274934,0.016659367,TRUE
6950,1000_radii_1,-1,R,0,19,144.6171657,0,-301.3831177,835.3081665,312.6004105,-0.01,-0.89999998,-0.349999992,-0.00584483,0.133596108,0.016699514,TRUE
6951,1000_radii_1,-1,R,0,19,144.6338251,0,-301.4812622,835.3984375,312.5945778,-0.01,-0.89999998,-0.349999992,-0.005833842,0.133344965,0.016668121,TRUE
6952,1000_radii_1,-1,R,0,19,144.65046,0,-301.5792236,835.4885254,312.5887527,-0.01,-0.89999998,-0.349999992,-0.005822432,0.133084162,0.01663552,TRUE
6953,1000_radii_1,-1,R,0,19,144.6671486,0,-301.6774597,835.5787964,312.5829124,-0.01,-0.89999998,-0.349999992,-0.00583754,0.133429484,0.016678686,TRUE
6954,1000_radii_1,-1,R,0,19,144.683776,0,-301.7754517,835.6688843,312.577095,-0.01,-0.89999998,-0.349999992,-0.005823172,0.133101066,0.016637633,TRUE
6955,1000_radii_1,-1,R,0,19,144.7004562,0,-301.8737183,835.7591553,312.5712509,-0.01,-0.89999998,-0.349999992,-0.005838279,0.133446388,0.016680799,TRUE
6956,1000_radii_1,-1,R,0,19,144.7171382,0,-301.9718933,835.8493652,312.5654221,-0.01,-0.89999998,-0.349999992,-0.005832046,0.133303913,0.016662989,TRUE
6957,1000_radii_1,-1,R,0,19,144.733803,0,-302.0701904,835.9396362,312.5595894,-0.01,-0.89999998,-0.349999992,-0.00583923,0.133468122,0.016683515,TRUE
6958,1000_radii_1,-1,R,0,19,144.7504476,0,-302.1682739,836.0297241,312.5537567,-0.01,-0.89999998,-0.349999992,-0.005825707,0.133159022,0.016644878,TRUE
6959,1000_radii_1,-1,R,0,19,144.7671746,0,-302.2668457,836.1202393,312.547905,-0.01,-0.89999998,-0.349999992,-0.005854232,0.133811029,0.016726379,TRUE
6960,1000_radii_1,-1,R,0,19,144.7838867,0,-302.3653259,836.2106323,312.5414696,-0.011,-0.989999995,-0.384999998,-0.006434077,0.133695116,0.01671189,TRUE
6961,1000_radii_1,-1,R,0,19,144.8005337,0,-302.4634399,836.3006592,312.5350609,-0.011,-0.989999995,-0.384999998,-0.006408975,0.133173511,0.016646689,TRUE
6962,1000_radii_1,-1,R,0,19,144.8171895,0,-302.561615,836.3907471,312.5286484,-0.011,-0.989999995,-0.384999998,-0.006412345,0.133243542,0.016655443,TRUE
6963,1000_radii_1,-1,R,0,19,144.8338655,0,-302.6599426,836.480896,312.5222282,-0.011,-0.989999995,-0.384999998,-0.006420248,0.133407751,0.016675969,TRUE
6964,1000_radii_1,-1,R,0,19,144.8505112,0,-302.7580872,836.5709229,312.5158157,-0.011,-0.989999995,-0.384999998,-0.006408975,0.133173511,0.016646689,TRUE
6965,1000_radii_1,-1,R,0,19,144.8671948,0,-302.8564758,836.6611328,312.508812,-0.012,-1.080000009,-0.420000004,-0.007007203,0.133470536,0.016683817,TRUE
6966,1000_radii_1,-1,R,0,19,144.8837793,0,-302.9542847,836.7507935,312.5018425,-0.012,-1.080000009,-0.420000004,-0.006965113,0.13266881,0.016583601,TRUE
6967,1000_radii_1,-1,R,0,19,144.9004546,0,-303.0526428,836.8409424,312.4948425,-0.012,-1.080000009,-0.420000004,-0.007003527,0.133400506,0.016675063,TRUE
6968,1000_radii_1,-1,R,0,19,144.917155,0,-303.1510925,836.9311523,312.4878349,-0.012,-1.080000009,-0.420000004,-0.007010626,0.133535737,0.016691967,TRUE
6969,1000_radii_1,-1,R,0,19,144.9337761,0,-303.2492065,837.0209961,312.4808502,-0.012,-1.080000009,-0.420000004,-0.00698451,0.13303828,0.016629785,TRUE
6970,1000_radii_1,-1,R,0,19,144.9504795,0,-303.3476868,837.1112061,312.4738388,-0.012,-1.080000009,-0.420000004,-0.00701088,0.133540567,0.016692571,TRUE
6971,1000_radii_1,-1,R,0,19,144.967144,0,-303.4459839,837.2011719,312.4668427,-0.012,-1.080000009,-0.420000004,-0.006995666,0.133250786,0.016656348,TRUE
6972,1000_radii_1,-1,R,0,19,144.9839039,0,-303.5449524,837.291748,312.4598007,-0.012,-1.080000009,-0.420000004,-0.007042701,0.134146691,0.016768336,TRUE
6973,1000_radii_1,-1,R,0,19,145.0005153,0,-303.6430359,837.3815308,312.4528198,-0.012,-1.080000009,-0.420000004,-0.006980326,0.132958591,0.016619824,TRUE
6974,1000_radii_1,-1,R,0,19,145.0171888,0,-303.7414551,837.4715576,312.445816,-0.012,-1.080000009,-0.420000004,-0.0070034,0.133398091,0.016674761,TRUE
6975,1000_radii_1,-1,R,0,19,145.0338328,0,-303.8396606,837.5613403,312.4388313,-0.012,-1.080000009,-0.420000004,-0.006985904,0.133064844,0.016633105,TRUE
6976,1000_radii_1,-1,R,0,19,145.0505112,0,-303.9381714,837.6514282,312.4318161,-0.012,-1.080000009,-0.420000004,-0.007008978,0.133504344,0.016688043,TRUE
6977,1000_radii_1,-1,R,0,19,145.0671147,0,-304.0361633,837.7410278,312.4248505,-0.012,-1.080000009,-0.420000004,-0.00696955,0.132753329,0.016594166,TRUE
6978,1000_radii_1,-1,R,0,19,145.0837789,0,-304.1346436,837.8310547,312.4178467,-0.012,-1.080000009,-0.420000004,-0.007003653,0.133402921,0.016675365,TRUE
6979,1000_radii_1,-1,R,0,19,145.1004582,0,-304.2331543,837.9210815,312.4108391,-0.012,-1.080000009,-0.420000004,-0.007005809,0.133443973,0.016680497,TRUE
6980,1000_radii_1,-1,R,0,19,145.1170916,0,-304.3313904,838.0108032,312.4038544,-0.012,-1.080000009,-0.420000004,-0.006986158,0.133069673,0.016633709,TRUE
6981,1000_radii_1,-1,R,0,19,145.1337691,0,-304.4299011,838.100769,312.3968506,-0.012,-1.080000009,-0.420000004,-0.007004668,0.13342224,0.01667778,TRUE
6982,1000_radii_1,-1,R,0,19,145.1504405,0,-304.5283813,838.1906738,312.3898468,-0.012,-1.080000009,-0.420000004,-0.007001752,0.133366698,0.016670837,TRUE
6983,1000_radii_1,-1,R,0,19,145.167115,0,-304.6268311,838.2805176,312.3828468,-0.012,-1.080000009,-0.420000004,-0.006998202,0.133299083,0.016662385,TRUE
6984,1000_radii_1,-1,R,0,19,145.1837656,0,-304.7252808,838.3703613,312.3758545,-0.012,-1.080000009,-0.420000004,-0.006997948,0.133294253,0.016661782,TRUE
6985,1000_radii_1,-1,R,0,19,145.2005161,0,-304.8242798,838.4606934,312.3688164,-0.012,-1.080000009,-0.420000004,-0.007034587,0.133992142,0.016749018,TRUE
6986,1000_radii_1,-1,R,0,19,145.2171314,0,-304.9224243,838.5502319,312.3618431,-0.012,-1.080000009,-0.420000004,-0.006974748,0.132852338,0.016606542,TRUE
6987,1000_radii_1,-1,R,0,19,145.2338249,0,-305.0211792,838.6402588,312.3548279,-0.012,-1.080000009,-0.420000004,-0.007016078,0.133639575,0.016704947,TRUE
6988,1000_radii_1,-1,R,0,19,145.2504281,0,-305.1193237,838.7297363,312.3478508,-0.012,-1.080000009,-0.420000004,-0.006972719,0.1328137,0.016601713,TRUE
6989,1000_radii_1,-1,R,0,19,145.2671735,0,-305.2183228,838.8199463,312.3408241,-0.012,-1.080000009,-0.420000004,-0.007032813,0.133958334,0.016744792,TRUE
6990,1000_radii_1,-1,R,0,19,145.2838196,0,-305.3167725,838.909668,312.3338318,-0.012,-1.080000009,-0.420000004,-0.006991736,0.133175926,0.016646991,TRUE
6991,1000_radii_1,-1,R,0,19,145.3004479,0,-305.4151001,838.9992676,312.3268471,-0.012,-1.080000009,-0.420000004,-0.006984256,0.133033451,0.016629181,TRUE
6992,1000_radii_1,-1,R,0,19,145.3173587,0,-305.5139771,839.0893555,312.3198204,-0.012,-1.080000009,-0.420000004,-0.007022417,0.133760317,0.01672004,TRUE
6993,1000_radii_1,-1,R,0,19,145.333766,0,-305.6121521,839.178772,312.3128471,-0.012,-1.080000009,-0.420000004,-0.006971198,0.132784722,0.01659809,TRUE
6994,1000_radii_1,-1,R,0,19,145.3505108,0,-305.7112122,839.2689209,312.3058205,-0.012,-1.080000009,-0.420000004,-0.007031925,0.13394143,0.016742679,TRUE
6995,1000_radii_1,-1,R,0,19,145.3670929,0,-305.8093262,839.3582153,312.298851,-0.012,-1.080000009,-0.420000004,-0.006965113,0.13266881,0.016583601,TRUE
6996,1000_radii_1,-1,R,0,19,145.3837601,0,-305.907959,839.447937,312.291851,-0.012,-1.080000009,-0.420000004,-0.007000357,0.133340135,0.016667517,TRUE
6997,1000_radii_1,-1,R,0,19,145.4004445,0,-306.0066833,839.5377808,312.2848473,-0.012,-1.080000009,-0.420000004,-0.007007203,0.133470536,0.016683817,TRUE
6998,1000_radii_1,-1,R,0,19,145.4172035,0,-306.1058655,839.6279907,312.2778091,-0.012,-1.080000009,-0.420000004,-0.007038518,0.134067002,0.016758375,TRUE
6999,1000_radii_1,-1,R,0,19,145.4337696,0,-306.2039185,839.7171631,312.2708511,-0.012,-1.080000009,-0.420000004,-0.006958393,0.132540824,0.016567603,TRUE
7000,1000_radii_1,-1,R,0,19,145.4504546,0,-306.3027039,839.8069458,312.2638435,-0.012,-1.080000009,-0.420000004,-0.00700771,0.133480196,0.016685024,TRUE
7001,1000_radii_1,-1,R,0,19,145.4671599,0,-306.4016113,839.8967896,312.2568283,-0.012,-1.080000009,-0.420000004,-0.007015571,0.133629916,0.016703739,TRUE
7002,1000_radii_1,-1,R,0,19,145.4837664,0,-306.499939,839.986145,312.249855,-0.012,-1.080000009,-0.420000004,-0.006974367,0.132845093,0.016605637,TRUE
7003,1000_radii_1,-1,R,0,19,145.5005151,0,-306.5991211,840.0762329,312.2428169,-0.012,-1.080000009,-0.420000004,-0.007034841,0.133996971,0.016749621,TRUE
7004,1000_radii_1,-1,R,0,19,145.5171401,0,-306.6975098,840.1655884,312.235836,-0.012,-1.080000009,-0.420000004,-0.006977917,0.132912709,0.016614089,TRUE
7005,1000_radii_1,-1,R,0,19,145.5337904,0,-306.7962036,840.255188,312.2288399,-0.012,-1.080000009,-0.420000004,-0.006998075,0.133296668,0.016662084,TRUE
7006,1000_radii_1,-1,R,0,19,145.5504627,0,-306.8949585,840.3447876,312.2218399,-0.012,-1.080000009,-0.420000004,-0.007000864,0.133349794,0.016668724,TRUE
7007,1000_radii_1,-1,R,0,19,145.5670838,0,-306.9934387,840.4341431,312.214859,-0.012,-1.080000009,-0.420000004,-0.00698134,0.132977909,0.016622239,TRUE
7008,1000_radii_1,-1,R,0,19,145.583741,0,-307.0921326,840.5236816,312.2078629,-0.012,-1.080000009,-0.420000004,-0.006996681,0.133270105,0.016658763,TRUE
7009,1000_radii_1,-1,R,0,19,145.6004206,0,-307.190979,840.6133423,312.2008591,-0.012,-1.080000009,-0.420000004,-0.007005809,0.133443973,0.016680497,TRUE
7010,1000_radii_1,-1,R,0,19,145.61708,0,-307.2897034,840.7028809,312.1938591,-0.012,-1.080000009,-0.420000004,-0.006996807,0.13327252,0.016659065,TRUE
7011,1000_radii_1,-1,R,0,19,145.6338121,0,-307.3888855,840.7927856,312.1868324,-0.012,-1.080000009,-0.420000004,-0.007027488,0.133856911,0.016732114,TRUE
7012,1000_radii_1,-1,R,0,19,145.6504144,0,-307.4873047,840.881958,312.1798553,-0.012,-1.080000009,-0.420000004,-0.006972719,0.1328137,0.016601713,TRUE
7013,1000_radii_1,-1,R,0,19,145.6671079,0,-307.5862732,840.9716187,312.1728477,-0.012,-1.080000009,-0.420000004,-0.00701126,0.133547811,0.016693476,TRUE
7014,1000_radii_1,-1,R,0,19,145.6838119,0,-307.6853333,841.0613403,312.1658325,-0.012,-1.080000009,-0.420000004,-0.007016205,0.13364199,0.016705249,TRUE
7015,1000_radii_1,-1,R,0,19,145.700417,0,-307.783783,841.1505127,312.1588593,-0.012,-1.080000009,-0.420000004,-0.006974241,0.132842678,0.016605335,TRUE
7016,1000_radii_1,-1,R,0,19,145.7173148,0,-307.8831177,841.2404175,312.151825,-0.012,-1.080000009,-0.420000004,-0.007034461,0.133989727,0.016748716,TRUE
7017,1000_radii_1,-1,R,0,19,145.7338018,0,-307.981781,841.3297119,312.1448364,-0.012,-1.080000009,-0.420000004,-0.006986538,0.133076918,0.016634615,TRUE
7018,1000_radii_1,-1,R,0,19,145.7504681,0,-308.080658,841.4191895,312.1378326,-0.012,-1.080000009,-0.420000004,-0.007000484,0.13334255,0.016667819,TRUE
7019,1000_radii_1,-1,R,0,19,145.7671359,0,-308.1794739,841.508606,312.1308365,-0.012,-1.080000009,-0.420000004,-0.0069963,0.13326286,0.016657858,TRUE
7020,1000_radii_1,-1,R,0,19,145.7838596,0,-308.2787476,841.5983887,312.1238136,-0.012,-1.080000009,-0.420000004,-0.007027488,0.133856911,0.016732114,TRUE
7021,1000_radii_1,-1,R,0,19,145.8004224,0,-308.3770447,841.6872559,312.1168518,-0.012,-1.080000009,-0.420000004,-0.006956745,0.132509431,0.016563679,TRUE
7022,1000_radii_1,-1,R,0,19,145.8170799,0,-308.4758911,841.7766113,312.1098595,-0.012,-1.080000009,-0.420000004,-0.006996173,0.133260445,0.016657556,TRUE
7023,1000_radii_1,-1,R,0,19,145.8337565,0,-308.5748596,841.8660889,312.1028519,-0.012,-1.080000009,-0.420000004,-0.007003527,0.133400506,0.016675063,TRUE
7024,1000_radii_1,-1,R,0,19,145.8504128,0,-308.6737366,841.9554443,312.0958557,-0.012,-1.080000009,-0.420000004,-0.006996173,0.133260445,0.016657556,TRUE
7025,1000_radii_1,-1,R,0,19,145.8671715,0,-308.7731018,842.0452271,312.0888329,-0.012,-1.080000009,-0.420000004,-0.007029643,0.133897963,0.016737245,TRUE
7026,1000_radii_1,-1,R,0,19,145.8837071,0,-308.8713989,842.1340332,312.0818787,-0.012,-1.080000009,-0.420000004,-0.006954083,0.132458719,0.01655734,TRUE
7027,1000_radii_1,-1,R,0,19,145.90048,0,-308.9709778,842.223938,312.0748291,-0.012,-1.080000009,-0.420000004,-0.007044857,0.134187743,0.016773468,TRUE
7028,1000_radii_1,-1,R,0,19,145.9170651,0,-309.069458,842.3128662,312.0678673,-0.012,-1.080000009,-0.420000004,-0.006965493,0.132676055,0.016584507,TRUE
7029,1000_radii_1,-1,R,0,19,145.9337951,0,-309.1688232,842.4025269,312.0608368,-0.012,-1.080000009,-0.420000004,-0.007026474,0.133837592,0.016729699,TRUE
7030,1000_radii_1,-1,R,0,19,145.9504931,0,-309.2680054,842.4920044,312.0538254,-0.012,-1.080000009,-0.420000004,-0.007012655,0.133574374,0.016696797,TRUE
7031,1000_radii_1,-1,R,0,19,145.9671808,0,-309.3669739,842.5812988,312.046833,-0.012,-1.080000009,-0.420000004,-0.006996934,0.133274934,0.016659367,TRUE
7032,1000_radii_1,-1,R,0,19,145.9837554,0,-309.4655762,842.6702271,312.0398598,-0.012,-1.080000009,-0.420000004,-0.006971705,0.132794382,0.016599298,TRUE
7033,1000_radii_1,-1,R,0,19,146.0005086,0,-309.5651245,842.7599487,312.0328178,-0.012,-1.080000009,-0.420000004,-0.007036489,0.134028364,0.016753546,TRUE
7034,1000_radii_1,-1,R,0,19,146.0171737,0,-309.664032,842.8491211,312.0258255,-0.012,-1.080000009,-0.420000004,-0.006991863,0.133178341,0.016647293,TRUE
7035,1000_radii_1,-1,R,0,19,146.033783,0,-309.7628479,842.9381714,312.0188446,-0.012,-1.080000009,-0.420000004,-0.006984763,0.13304311,0.016630389,TRUE
7036,1000_radii_1,-1,R,0,19,146.0504224,0,-309.8617249,843.0272827,312.0118599,-0.012,-1.080000009,-0.420000004,-0.006987933,0.133103481,0.016637935,TRUE
7037,1000_radii_1,-1,R,0,19,146.0670685,0,-309.9606934,843.116394,312.0048637,-0.012,-1.080000009,-0.420000004,-0.006992117,0.133183171,0.016647896,TRUE
7038,1000_radii_1,-1,R,0,19,146.0837348,0,-310.0597839,843.2056274,311.9978676,-0.012,-1.080000009,-0.420000004,-0.007000104,0.133335305,0.016666913,TRUE
7039,1000_radii_1,-1,R,0,19,146.1004147,0,-310.1589661,843.2949219,311.99086,-0.012,-1.080000009,-0.420000004,-0.007005555,0.133439144,0.016679893,TRUE
7040,1000_radii_1,-1,R,0,19,146.1171326,0,-310.2583618,843.3843994,311.9838371,-0.012,-1.080000009,-0.420000004,-0.007021656,0.133745828,0.016718228,TRUE
7041,1000_radii_1,-1,R,0,19,146.1337914,0,-310.3574219,843.4735718,311.976841,-0.012,-1.080000009,-0.420000004,-0.006996934,0.133274934,0.016659367,TRUE
7042,1000_radii_1,-1,R,0,19,146.1504127,0,-310.4562683,843.5625,311.9698563,-0.012,-1.080000009,-0.420000004,-0.006980453,0.132961005,0.016620126,TRUE
7043,1000_radii_1,-1,R,0,19,146.1671289,0,-310.5556946,843.6519165,311.962841,-0.012,-1.080000009,-0.420000004,-0.007020515,0.133724094,0.016715512,TRUE
7044,1000_radii_1,-1,R,0,19,146.1837432,0,-310.6545105,843.7407837,311.955864,-0.012,-1.080000009,-0.420000004,-0.00697779,0.132910294,0.016613787,TRUE
7045,1000_radii_1,-1,R,0,19,146.2004693,0,-310.7540283,843.8302612,311.9488373,-0.012,-1.080000009,-0.420000004,-0.007025333,0.133815858,0.016726982,TRUE
7046,1000_radii_1,-1,R,0,19,146.2170852,0,-310.8529053,843.9191284,311.9418602,-0.012,-1.080000009,-0.420000004,-0.006978678,0.132927198,0.0166159,TRUE
7047,1000_radii_1,-1,R,0,19,146.2337672,0,-310.952179,844.0083008,311.9348526,-0.012,-1.080000009,-0.420000004,-0.007006569,0.133458462,0.016682308,TRUE
7048,1000_radii_1,-1,R,0,19,146.250451,0,-311.0514526,844.0974731,311.927845,-0.012,-1.080000009,-0.420000004,-0.00700695,0.133465707,0.016683213,TRUE
7049,1000_radii_1,-1,R,0,19,146.2671334,0,-311.1507263,844.1866455,311.9208412,-0.012,-1.080000009,-0.420000004,-0.007006316,0.133453633,0.016681704,TRUE
7050,1000_radii_1,-1,R,0,19,146.2837508,0,-311.2496643,844.2754517,311.9138603,-0.012,-1.080000009,-0.420000004,-0.006979946,0.132951346,0.016618918,TRUE
7051,1000_radii_1,-1,R,0,19,146.3004633,0,-311.3491516,844.3647461,311.9068413,-0.012,-1.080000009,-0.420000004,-0.007019501,0.133704776,0.016713097,TRUE
7052,1000_radii_1,-1,R,0,19,146.3170846,0,-311.4481201,844.4535522,311.8998566,-0.012,-1.080000009,-0.420000004,-0.006980453,0.132961005,0.016620126,TRUE
7053,1000_radii_1,-1,R,0,19,146.3337793,0,-311.5473938,844.5426025,311.8928566,-0.012,-1.080000009,-0.420000004,-0.007002512,0.133381187,0.016672648,TRUE
7054,1000_radii_1,-1,R,0,19,146.3504703,0,-311.6468811,844.6318359,311.8858376,-0.012,-1.080000009,-0.420000004,-0.007016838,0.133654064,0.016706758,TRUE
7055,1000_radii_1,-1,R,0,19,146.3671043,0,-311.7459717,844.7207031,311.8788528,-0.012,-1.080000009,-0.420000004,-0.006986919,0.133084162,0.01663552,TRUE
7056,1000_radii_1,-1,R,0,19,146.3838174,0,-311.8455505,844.8099976,311.8718338,-0.012,-1.080000009,-0.420000004,-0.007021402,0.133740998,0.016717625,TRUE
7057,1000_radii_1,-1,R,0,19,146.4004152,0,-311.9444275,844.8986206,311.8648605,-0.012,-1.080000009,-0.420000004,-0.006971198,0.132784722,0.01659809,TRUE
7058,1000_radii_1,-1,R,0,19,146.4171081,0,-312.0438843,844.9877319,311.8578491,-0.012,-1.080000009,-0.420000004,-0.007011007,0.133542982,0.016692873,TRUE
7059,1000_radii_1,-1,R,0,19,146.4337494,0,-312.1430359,845.0765991,311.8508568,-0.012,-1.080000009,-0.420000004,-0.006989454,0.133132459,0.016641557,TRUE
7060,1000_radii_1,-1,R,0,19,146.4504661,0,-312.2426453,845.1658325,311.8438377,-0.012,-1.080000009,-0.420000004,-0.007021276,0.133738583,0.016717323,TRUE
7061,1000_radii_1,-1,R,0,19,146.4671306,0,-312.3419495,845.2547607,311.8368416,-0.012,-1.080000009,-0.420000004,-0.006998963,0.133313572,0.016664196,TRUE
7062,1000_radii_1,-1,R,0,19,146.4838183,0,-312.4414063,845.343811,311.829834,-0.012,-1.080000009,-0.420000004,-0.007007584,0.133477781,0.016684723,TRUE
7063,1000_radii_1,-1,R,0,19,146.5004843,0,-312.5407715,845.4327393,311.822834,-0.012,-1.080000009,-0.420000004,-0.007000104,0.133335305,0.016666913,TRUE
7064,1000_radii_1,-1,R,0,19,146.5171247,0,-312.6399841,845.5214844,311.8158379,-0.012,-1.080000009,-0.420000004,-0.006989074,0.133125215,0.016640652,TRUE
7065,1000_radii_1,-1,R,0,19,146.5337315,0,-312.7390137,845.6100464,311.8088646,-0.012,-1.080000009,-0.420000004,-0.006975128,0.132859582,0.016607448,TRUE
7066,1000_radii_1,-1,R,0,19,146.5505771,0,-312.8394165,845.6998291,311.8017921,-0.012,-1.080000009,-0.420000004,-0.007072621,0.134716593,0.016839574,TRUE
7067,1000_radii_1,-1,R,0,19,146.5670982,0,-312.9379578,845.7879639,311.7948494,-0.012,-1.080000009,-0.420000004,-0.006940391,0.132197917,0.01652474,TRUE
7068,1000_radii_1,-1,R,0,19,146.5837609,0,-313.0373535,845.8768311,311.7878571,-0.012,-1.080000009,-0.420000004,-0.006998963,0.133313572,0.016664196,TRUE
7069,1000_radii_1,-1,R,0,19,146.6004463,0,-313.1368713,845.9657593,311.7808456,-0.012,-1.080000009,-0.420000004,-0.007008217,0.133489855,0.016686232,TRUE
7070,1000_radii_1,-1,R,0,19,146.6170604,0,-313.2359924,846.0543213,311.7738686,-0.012,-1.080000009,-0.420000004,-0.006978044,0.132915124,0.01661439,TRUE
7071,1000_radii_1,-1,R,0,19,146.6337879,0,-313.3357849,846.1434937,311.7668419,-0.012,-1.080000009,-0.420000004,-0.007025586,0.133820688,0.016727586,TRUE
7072,1000_radii_1,-1,R,0,19,146.6503776,0,-313.4347839,846.2318726,311.7598763,-0.012,-1.080000009,-0.420000004,-0.006968155,0.132726766,0.016590846,TRUE
7073,1000_radii_1,-1,R,0,19,146.6670813,0,-313.5344543,846.3208618,311.752861,-0.012,-1.080000009,-0.420000004,-0.00701519,0.133622671,0.016702834,TRUE
7074,1000_radii_1,-1,R,0,19,146.6837346,0,-313.6338501,846.4096069,311.7458649,-0.012,-1.080000009,-0.420000004,-0.006994779,0.133233882,0.016654235,TRUE
7075,1000_radii_1,-1,R,0,19,146.7004167,0,-313.733429,846.4984741,311.7388611,-0.012,-1.080000009,-0.420000004,-0.007006189,0.133451218,0.016681402,TRUE
7076,1000_radii_1,-1,R,0,19,146.7171291,0,-313.8331909,846.5874634,311.7318459,-0.012,-1.080000009,-0.420000004,-0.00701912,0.133697531,0.016712191,TRUE
7077,1000_radii_1,-1,R,0,19,146.73379,0,-313.9326477,846.6762085,311.7248421,-0.012,-1.080000009,-0.420000004,-0.006997695,0.133289424,0.016661178,TRUE
7078,1000_radii_1,-1,R,0,19,146.7505046,0,-314.0324402,846.7651978,311.7178192,-0.012,-1.080000009,-0.420000004,-0.007020515,0.133724094,0.016715512,TRUE
7079,1000_radii_1,-1,R,0,19,146.7671187,0,-314.1316528,846.8536377,311.7108459,-0.012,-1.080000009,-0.420000004,-0.00697779,0.132910294,0.016613787,TRUE
7080,1000_radii_1,-1,R,0,19,146.7837346,0,-314.230896,846.9420776,311.7038612,-0.012,-1.080000009,-0.420000004,-0.006978551,0.132924783,0.016615598,TRUE
7081,1000_radii_1,-1,R,0,19,146.8004211,0,-314.3305664,847.0308838,311.6968613,-0.012,-1.080000009,-0.420000004,-0.007007964,0.133485025,0.016685628,TRUE
7082,1000_radii_1,-1,R,0,19,146.817073,0,-314.4300232,847.1195068,311.6898651,-0.012,-1.080000009,-0.420000004,-0.006994018,0.133219393,0.016652424,TRUE
7083,1000_radii_1,-1,R,0,19,146.8338006,0,-314.5299683,847.2084961,311.6828346,-0.012,-1.080000009,-0.420000004,-0.007025586,0.133820688,0.016727586,TRUE
7084,1000_radii_1,-1,R,0,19,146.8503983,0,-314.6291504,847.296814,311.675869,-0.012,-1.080000009,-0.420000004,-0.006971452,0.132789552,0.016598694,TRUE
7085,1000_radii_1,-1,R,0,19,146.8670538,0,-314.7286682,847.385437,311.668869,-0.012,-1.080000009,-0.420000004,-0.00699554,0.133248371,0.016656046,TRUE
7086,1000_radii_1,-1,R,0,19,146.8837165,0,-314.8282471,847.4740601,311.661869,-0.012,-1.080000009,-0.420000004,-0.006998329,0.133301498,0.016662687,TRUE
7087,1000_radii_1,-1,R,0,19,146.9003858,0,-314.927887,847.5626831,311.6548729,-0.012,-1.080000009,-0.420000004,-0.007000991,0.133352209,0.016669026,TRUE
7088,1000_radii_1,-1,R,0,19,146.9170557,0,-315.0275269,847.6513062,311.6478691,-0.012,-1.080000009,-0.420000004,-0.007000737,0.13334738,0.016668422,TRUE
7089,1000_radii_1,-1,R,0,19,146.9337139,0,-315.1271057,847.7398682,311.6408691,-0.012,-1.080000009,-0.420000004,-0.006996934,0.133274934,0.016659367,TRUE
7090,1000_radii_1,-1,R,0,19,146.9504614,0,-315.2272339,847.8288574,311.6338425,-0.012,-1.080000009,-0.420000004,-0.007033193,0.133965578,0.016745697,TRUE
7091,1000_radii_1,-1,R,0,19,146.9670975,0,-315.3267212,847.9172974,311.6268539,-0.012,-1.080000009,-0.420000004,-0.006987679,0.133098651,0.016637331,TRUE
7092,1000_radii_1,-1,R,0,19,146.9838106,0,-315.4266357,848.0061035,311.6198349,-0.012,-1.080000009,-0.420000004,-0.007017853,0.133673383,0.016709173,TRUE
7093,1000_radii_1,-1,R,0,19,147.0005424,0,-315.5267029,848.0950317,311.6128082,-0.012,-1.080000009,-0.420000004,-0.007027234,0.133852081,0.01673151,TRUE
7094,1000_radii_1,-1,R,0,19,147.0171607,0,-315.6260986,848.1832886,311.6058273,-0.012,-1.080000009,-0.420000004,-0.006979439,0.132941687,0.016617711,TRUE
7095,1000_radii_1,-1,R,0,19,147.0337081,0,-315.7250977,848.2712402,311.598877,-0.012,-1.080000009,-0.420000004,-0.006951801,0.132415252,0.016551906,TRUE
7096,1000_radii_1,-1,R,0,19,147.0504267,0,-315.8251038,848.3600464,311.5918541,-0.012,-1.080000009,-0.420000004,-0.007021656,0.133745828,0.016718228,TRUE
7097,1000_radii_1,-1,R,0,19,147.0671633,0,-315.9252014,848.4489136,311.5848236,-0.012,-1.080000009,-0.420000004,-0.007026854,0.133844836,0.016730605,TRUE
7098,1000_radii_1,-1,R,0,19,147.0837261,0,-316.024353,848.5368652,311.5778694,-0.012,-1.080000009,-0.420000004,-0.00695852,0.132543238,0.016567905,TRUE
7099,1000_radii_1,-1,R,0,19,147.1004138,0,-316.1242371,848.6254883,311.5708618,-0.012,-1.080000009,-0.420000004,-0.007009739,0.133518833,0.016689854,TRUE
7100,1000_radii_1,-1,R,0,19,147.1171046,0,-316.2241516,848.7141113,311.5638504,-0.012,-1.080000009,-0.420000004,-0.007010499,0.133533322,0.016691665,TRUE
7101,1000_radii_1,-1,R,0,19,147.1337168,0,-316.3235779,848.8023071,311.5568733,-0.012,-1.080000009,-0.420000004,-0.006976649,0.13288856,0.01661107,TRUE
7102,1000_radii_1,-1,R,0,19,147.1504046,0,-316.4234924,848.8908691,311.5498657,-0.012,-1.080000009,-0.420000004,-0.007008978,0.133504344,0.016688043,TRUE
7103,1000_radii_1,-1,R,0,19,147.1671289,0,-316.5235901,848.9796143,311.5428429,-0.012,-1.080000009,-0.420000004,-0.007022924,0.133769976,0.016721247,TRUE
7104,1000_radii_1,-1,R,0,19,147.1837964,0,-316.6234131,849.0680542,311.5358353,-0.012,-1.080000009,-0.420000004,-0.007001371,0.133359454,0.016669932,TRUE
7105,1000_radii_1,-1,R,0,19,147.2004099,0,-316.7229004,849.156189,311.5288582,-0.012,-1.080000009,-0.420000004,-0.006977917,0.132912709,0.016614089,TRUE
7106,1000_radii_1,-1,R,0,19,147.2171284,0,-316.8230286,849.244873,311.5218391,-0.012,-1.080000009,-0.420000004,-0.007021656,0.133745828,0.016718228,TRUE
7107,1000_radii_1,-1,R,0,19,147.2337555,0,-316.9226074,849.3330688,311.5148582,-0.012,-1.080000009,-0.420000004,-0.006983369,0.133016547,0.016627068,TRUE
7108,1000_radii_1,-1,R,0,19,147.2504064,0,-317.0223389,849.4213867,311.5078621,-0.012,-1.080000009,-0.420000004,-0.006993131,0.133202489,0.016650311,TRUE
7109,1000_radii_1,-1,R,0,19,147.2670325,0,-317.1219482,849.5095215,311.5008812,-0.012,-1.080000009,-0.420000004,-0.006983242,0.133014132,0.016626766,TRUE
7110,1000_radii_1,-1,R,0,19,147.2837067,0,-317.2218628,849.5979004,311.4938736,-0.012,-1.080000009,-0.420000004,-0.007003146,0.133393262,0.016674158,TRUE
7111,1000_radii_1,-1,R,0,19,147.3004415,0,-317.3221436,849.6865845,311.4868469,-0.012,-1.080000009,-0.420000004,-0.007028629,0.133878644,0.016734831,TRUE
7112,1000_radii_1,-1,R,0,19,147.3170342,0,-317.4215698,849.7745361,311.4798813,-0.012,-1.080000009,-0.420000004,-0.006969043,0.13274367,0.016592959,TRUE
7113,1000_radii_1,-1,R,0,19,147.3336779,0,-317.5213318,849.8627319,311.4728889,-0.012,-1.080000009,-0.420000004,-0.006989961,0.133142118,0.016642765,TRUE
7114,1000_radii_1,-1,R,0,19,147.3504094,0,-317.6216125,849.951355,311.4658585,-0.012,-1.080000009,-0.420000004,-0.007026347,0.133835177,0.016729397,TRUE
7115,1000_radii_1,-1,R,0,19,147.367114,0,-317.7217712,850.039856,311.458847,-0.012,-1.080000009,-0.420000004,-0.007016585,0.133649234,0.016706154,TRUE
7116,1000_radii_1,-1,R,0,19,147.3837667,0,-317.8216248,850.1280518,311.4518509,-0.012,-1.080000009,-0.420000004,-0.006994399,0.133226638,0.01665333,TRUE
7117,1000_radii_1,-1,R,0,19,147.4004225,0,-317.9215088,850.2162476,311.4448586,-0.012,-1.080000009,-0.420000004,-0.006996173,0.133260445,0.016657556,TRUE
7118,1000_radii_1,-1,R,0,19,147.4170269,0,-318.0210571,850.3041382,311.4378853,-0.012,-1.080000009,-0.420000004,-0.006972846,0.132816115,0.016602014,TRUE
7119,1000_radii_1,-1,R,0,19,147.4337101,0,-318.1211243,850.3924561,311.4308739,-0.012,-1.080000009,-0.420000004,-0.007007076,0.133468122,0.016683515,TRUE
7120,1000_radii_1,-1,R,0,19,147.4504223,0,-318.2213745,850.480957,311.4238586,-0.012,-1.080000009,-0.420000004,-0.007019501,0.133704776,0.016713097,TRUE
7121,1000_radii_1,-1,R,0,19,147.4671327,0,-318.3216248,850.569397,311.4168358,-0.012,-1.080000009,-0.420000004,-0.007018233,0.133680627,0.016710078,TRUE
7122,1000_radii_1,-1,R,0,19,147.4837809,0,-318.4215088,850.6574707,311.4098473,-0.012,-1.080000009,-0.420000004,-0.006991863,0.133178341,0.016647293,TRUE
7123,1000_radii_1,-1,R,0,19,147.5004071,0,-318.5212402,850.7454224,311.4028625,-0.012,-1.080000009,-0.420000004,-0.006981974,0.132989984,0.016623748,TRUE
7124,1000_radii_1,-1,R,0,19,147.5170878,0,-318.6213684,850.8336792,311.3958588,-0.012,-1.080000009,-0.420000004,-0.007007203,0.133470536,0.016683817,TRUE
7125,1000_radii_1,-1,R,0,19,147.5337077,0,-318.7210999,850.9215698,311.3888741,-0.012,-1.080000009,-0.420000004,-0.006980326,0.132958591,0.016619824,TRUE
7126,1000_radii_1,-1,R,0,19,147.5503818,0,-318.821167,851.0097656,311.3818741,-0.012,-1.080000009,-0.420000004,-0.00700302,0.133390847,0.016673856,TRUE
7127,1000_radii_1,-1,R,0,19,147.5670856,0,-318.9214172,851.0980835,311.3748589,-0.012,-1.080000009,-0.420000004,-0.00701481,0.133615427,0.016701928,TRUE
7128,1000_radii_1,-1,R,0,19,147.5837449,0,-319.0214539,851.1861572,311.3678627,-0.012,-1.080000009,-0.420000004,-0.006997822,0.133291838,0.01666148,TRUE
7129,1000_radii_1,-1,R,0,19,147.6003913,0,-319.1213684,851.2741699,311.3608704,-0.012,-1.080000009,-0.420000004,-0.006990342,0.133149363,0.01664367,TRUE
7130,1000_radii_1,-1,R,0,19,147.6170244,0,-319.2212524,851.3621216,311.3538818,-0.012,-1.080000009,-0.420000004,-0.006986665,0.133079333,0.016634917,TRUE
7131,1000_radii_1,-1,R,0,19,147.6337469,0,-319.3216858,851.4505005,311.3468628,-0.012,-1.080000009,-0.420000004,-0.007023684,0.133784465,0.016723058,TRUE
7132,1000_radii_1,-1,R,0,19,147.6503821,0,-319.4216003,851.5383911,311.3398743,-0.012,-1.080000009,-0.420000004,-0.006986792,0.133081747,0.016635218,TRUE
7133,1000_radii_1,-1,R,0,19,147.6670179,0,-319.5215149,851.6262817,311.3328896,-0.012,-1.080000009,-0.420000004,-0.006986919,0.133084162,0.01663552,TRUE
7134,1000_radii_1,-1,R,0,19,147.6836779,0,-319.6216125,851.7142944,311.3258896,-0.012,-1.080000009,-0.420000004,-0.006997695,0.133289424,0.016661178,TRUE
7135,1000_radii_1,-1,R,0,19,147.70042,0,-319.7221985,851.8027344,311.3188591,-0.012,-1.080000009,-0.420000004,-0.007031798,0.133939015,0.016742377,TRUE
7136,1000_radii_1,-1,R,0,19,147.7171307,0,-319.8226013,851.8909912,311.3118401,-0.012,-1.080000009,-0.420000004,-0.007018233,0.133680627,0.016710078,TRUE
7137,1000_radii_1,-1,R,0,19,147.7337287,0,-319.9223328,851.9786377,311.3048668,-0.012,-1.080000009,-0.420000004,-0.006971578,0.132791967,0.016598996,TRUE
7138,1000_radii_1,-1,R,0,19,147.7504491,0,-320.0228271,852.0669556,311.2978401,-0.012,-1.080000009,-0.420000004,-0.007022797,0.133767562,0.016720945,TRUE
7139,1000_radii_1,-1,R,0,19,147.7670067,0,-320.122345,852.1543579,311.2908897,-0.012,-1.080000009,-0.420000004,-0.006954083,0.132458719,0.01655734,TRUE
7140,1000_radii_1,-1,R,0,19,147.7836691,0,-320.2225037,852.2423096,311.2838898,-0.012,-1.080000009,-0.420000004,-0.006997948,0.133294253,0.016661782,TRUE
7141,1000_radii_1,-1,R,0,19,147.8004009,0,-320.3230896,852.3306274,311.2768669,-0.012,-1.080000009,-0.420000004,-0.007026854,0.133844836,0.016730605,TRUE
7142,1000_radii_1,-1,R,0,19,147.8170775,0,-320.4233704,852.4186401,311.2698631,-0.012,-1.080000009,-0.420000004,-0.007004668,0.13342224,0.01667778,TRUE
7143,1000_radii_1,-1,R,0,19,147.8337046,0,-320.5233459,852.5063477,311.2628784,-0.012,-1.080000009,-0.420000004,-0.006982862,0.133006887,0.016625861,TRUE
7144,1000_radii_1,-1,R,0,19,147.8504291,0,-320.6239319,852.5946045,311.2558517,-0.012,-1.080000009,-0.420000004,-0.007024318,0.13379654,0.016724567,TRUE
7145,1000_radii_1,-1,R,0,19,147.8670867,0,-320.7241211,852.6824951,311.2488594,-0.012,-1.080000009,-0.420000004,-0.006996554,0.13326769,0.016658461,TRUE
7146,1000_radii_1,-1,R,0,19,147.8837397,0,-320.8242798,852.7703247,311.2418594,-0.012,-1.080000009,-0.420000004,-0.006994525,0.133229053,0.016653632,TRUE
7147,1000_radii_1,-1,R,0,19,147.9004262,0,-320.9246521,852.8583374,311.2348518,-0.012,-1.080000009,-0.420000004,-0.007008217,0.133489855,0.016686232,TRUE
7148,1000_radii_1,-1,R,0,19,147.9170711,0,-321.0247803,852.946106,311.2278633,-0.012,-1.080000009,-0.420000004,-0.006991102,0.133163852,0.016645481,TRUE
7149,1000_radii_1,-1,R,0,19,147.933665,0,-321.1246033,853.0335693,311.2208939,-0.012,-1.080000009,-0.420000004,-0.00696917,0.132746085,0.016593261,TRUE
7150,1000_radii_1,-1,R,0,19,147.95042,0,-321.2254028,853.1218872,311.2138596,-0.012,-1.080000009,-0.420000004,-0.007035729,0.134013875,0.016751734,TRUE
7151,1000_radii_1,-1,R,0,19,147.9670616,0,-321.3255615,853.2095947,311.206871,-0.012,-1.080000009,-0.420000004,-0.006990088,0.133144533,0.016643067,TRUE
7152,1000_radii_1,-1,R,0,19,147.9836657,0,-321.4255066,853.2971191,311.199894,-0.012,-1.080000009,-0.420000004,-0.006973987,0.132837849,0.016604731,TRUE
7153,1000_radii_1,-1,R,0,19,148.0004649,0,-321.5266113,853.3856201,311.1928368,-0.012,-1.080000009,-0.420000004,-0.007054619,0.134373686,0.016796711,TRUE
7154,1000_radii_1,-1,R,0,19,148.0170554,0,-321.6264648,853.4730225,311.1858749,-0.012,-1.080000009,-0.420000004,-0.006967141,0.132707447,0.016588431,TRUE
7155,1000_radii_1,-1,R,0,19,148.0337048,0,-321.7267151,853.56073,311.1788788,-0.012,-1.080000009,-0.420000004,-0.006994018,0.133219393,0.016652424,TRUE
7156,1000_radii_1,-1,R,0,19,148.0503672,0,-321.8270569,853.6484985,311.171875,-0.012,-1.080000009,-0.420000004,-0.006999216,0.133318402,0.0166648,TRUE
7157,1000_radii_1,-1,R,0,19,148.0670338,0,-321.9274292,853.7362671,311.1648827,-0.012,-1.080000009,-0.420000004,-0.006999723,0.133328061,0.016666008,TRUE
7158,1000_radii_1,-1,R,0,19,148.0837554,0,-322.0281372,853.8243408,311.157856,-0.012,-1.080000009,-0.420000004,-0.00702229,0.133757902,0.016719738,TRUE
7159,1000_radii_1,-1,R,0,19,148.100393,0,-322.1283569,853.9119263,311.1508713,-0.012,-1.080000009,-0.420000004,-0.006988947,0.1331228,0.01664035,TRUE
7160,1000_radii_1,-1,R,0,19,148.1170155,0,-322.2284851,853.9994507,311.1438866,-0.012,-1.080000009,-0.420000004,-0.006981847,0.132987569,0.016623446,TRUE
7161,1000_radii_1,-1,R,0,19,148.1336855,0,-322.3289185,854.0871582,311.1368866,-0.012,-1.080000009,-0.420000004,-0.007000737,0.13334738,0.016668422,TRUE
7162,1000_radii_1,-1,R,0,19,148.1503587,0,-322.4293823,854.1749268,311.1298828,-0.012,-1.080000009,-0.420000004,-0.007002512,0.133381187,0.016672648,TRUE
7163,1000_radii_1,-1,R,0,19,148.1670434,0,-322.5299072,854.2626953,311.1228752,-0.012,-1.080000009,-0.420000004,-0.007006569,0.133458462,0.016682308,TRUE
7164,1000_radii_1,-1,R,0,19,148.1837206,0,-322.6304321,854.3504639,311.1158714,-0.012,-1.080000009,-0.420000004,-0.007005302,0.133434314,0.016679289,TRUE
7165,1000_radii_1,-1,R,0,19,148.2004074,0,-322.7310181,854.4382324,311.1088638,-0.012,-1.080000009,-0.420000004,-0.007009358,0.133511589,0.016688949,TRUE
7166,1000_radii_1,-1,R,0,19,148.2170433,0,-322.8312683,854.5256958,311.1018753,-0.012,-1.080000009,-0.420000004,-0.006986031,0.133067258,0.016633407,TRUE
7167,1000_radii_1,-1,R,0,19,148.2336773,0,-322.9315491,854.6131592,311.0948906,-0.012,-1.080000009,-0.420000004,-0.006986665,0.133079333,0.016634917,TRUE
7168,1000_radii_1,-1,R,0,19,148.2504773,0,-323.0328369,854.7015381,311.0878334,-0.012,-1.080000009,-0.420000004,-0.007056647,0.134412323,0.01680154,TRUE
7169,1000_radii_1,-1,R,0,19,148.2670174,0,-323.1325378,854.7885132,311.080883,-0.012,-1.080000009,-0.420000004,-0.006945589,0.132296925,0.016537116,TRUE
7170,1000_radii_1,-1,R,0,19,148.2837142,0,-323.2332458,854.8762817,311.0738716,-0.012,-1.080000009,-0.420000004,-0.007014176,0.133603353,0.016700419,TRUE
7171,1000_radii_1,-1,R,0,19,148.3003941,0,-323.3338318,854.9639282,311.0668678,-0.012,-1.080000009,-0.420000004,-0.007004668,0.13342224,0.01667778,TRUE
7172,1000_radii_1,-1,R,0,19,148.3169971,0,-323.43396,855.0512085,311.0598946,-0.012,-1.080000009,-0.420000004,-0.006973353,0.132825775,0.016603222,TRUE
7173,1000_radii_1,-1,R,0,19,148.3336477,0,-323.5343933,855.1387329,311.0529022,-0.012,-1.080000009,-0.420000004,-0.006993511,0.133209734,0.016651217,TRUE
7174,1000_radii_1,-1,R,0,19,148.3503792,0,-323.6352844,855.2266235,311.0458794,-0.012,-1.080000009,-0.420000004,-0.007023684,0.133784465,0.016723058,TRUE
7175,1000_radii_1,-1,R,0,19,148.3670407,0,-323.7358093,855.3141479,311.0388794,-0.012,-1.080000009,-0.420000004,-0.006998455,0.133303913,0.016662989,TRUE
7176,1000_radii_1,-1,R,0,19,148.3836653,0,-323.8361511,855.4014893,311.0318947,-0.012,-1.080000009,-0.420000004,-0.00698451,0.13303828,0.016629785,TRUE
7177,1000_radii_1,-1,R,0,19,148.4003434,0,-323.9367371,855.4890137,311.0248947,-0.012,-1.080000009,-0.420000004,-0.007000991,0.133352209,0.016669026,TRUE
7178,1000_radii_1,-1,R,0,19,148.4170097,0,-324.037384,855.5765991,311.0178909,-0.012,-1.080000009,-0.420000004,-0.007004161,0.13341258,0.016676573,TRUE
7179,1000_radii_1,-1,R,0,19,148.4337086,0,-324.1381836,855.6642456,311.0108719,-0.012,-1.080000009,-0.420000004,-0.007013542,0.133591278,0.01669891,TRUE
7180,1000_radii_1,-1,R,0,19,148.4504625,0,-324.2393188,855.7521973,311.0038414,-0.012,-1.080000009,-0.420000004,-0.007036362,0.134025949,0.016753244,TRUE
7181,1000_radii_1,-1,R,0,19,148.4670279,0,-324.339325,855.8391724,310.9968834,-0.012,-1.080000009,-0.420000004,-0.006957379,0.132521505,0.016565188,TRUE
7182,1000_radii_1,-1,R,0,19,148.4836632,0,-324.4397888,855.9265137,310.9898949,-0.012,-1.080000009,-0.420000004,-0.006987426,0.133093822,0.016636728,TRUE
7183,1000_radii_1,-1,R,0,19,148.500424,0,-324.5409851,856.0144653,310.9828529,-0.012,-1.080000009,-0.420000004,-0.007038898,0.134074246,0.016759281,TRUE
7184,1000_radii_1,-1,R,0,19,148.5170042,0,-324.6411133,856.1014404,310.9758949,-0.012,-1.080000009,-0.420000004,-0.006963845,0.132644662,0.016580583,TRUE
7185,1000_radii_1,-1,R,0,19,148.533669,0,-324.7417603,856.1888428,310.968895,-0.012,-1.080000009,-0.420000004,-0.006999723,0.133328061,0.016666008,TRUE
7186,1000_radii_1,-1,R,0,19,148.5503393,0,-324.8424683,856.2763062,310.9618912,-0.012,-1.080000009,-0.420000004,-0.007002005,0.133371528,0.016671441,TRUE
7187,1000_radii_1,-1,R,0,19,148.5669977,0,-324.9430847,856.3636475,310.954895,-0.012,-1.080000009,-0.420000004,-0.006995793,0.133253201,0.01665665,TRUE
7188,1000_radii_1,-1,R,0,19,148.5837304,0,-325.0441589,856.451355,310.9478645,-0.012,-1.080000009,-0.420000004,-0.007026981,0.133847251,0.016730906,TRUE
7189,1000_radii_1,-1,R,0,19,148.6003379,0,-325.1445313,856.5384521,310.9408875,-0.012,-1.080000009,-0.420000004,-0.006975762,0.132871656,0.016608957,TRUE
7190,1000_radii_1,-1,R,0,19,148.6169625,0,-325.2449951,856.6256104,310.9339104,-0.012,-1.080000009,-0.420000004,-0.006983115,0.133011717,0.016626465,TRUE
7191,1000_radii_1,-1,R,0,19,148.6336521,0,-325.3458557,856.7130737,310.9268951,-0.012,-1.080000009,-0.420000004,-0.007009358,0.133511589,0.016688949,TRUE
7192,1000_radii_1,-1,R,0,19,148.6503269,0,-325.4465942,856.800415,310.919899,-0.012,-1.080000009,-0.420000004,-0.006999343,0.133320816,0.016665102,TRUE
7193,1000_radii_1,-1,R,0,19,148.6670925,0,-325.5480042,856.8883057,310.9128532,-0.012,-1.080000009,-0.420000004,-0.007045617,0.134202232,0.016775279,TRUE
7194,1000_radii_1,-1,R,0,19,148.6836842,0,-325.6483154,856.9752197,310.9058876,-0.012,-1.080000009,-0.420000004,-0.006968536,0.132734011,0.016591751,TRUE
7195,1000_radii_1,-1,R,0,19,148.7003705,0,-325.7492065,857.0626221,310.8988762,-0.012,-1.080000009,-0.420000004,-0.007008598,0.1334971,0.016687137,TRUE
7196,1000_radii_1,-1,R,0,19,148.7169698,0,-325.8495789,857.1495361,310.8919067,-0.012,-1.080000009,-0.420000004,-0.006971452,0.132789552,0.016598694,TRUE
7197,1000_radii_1,-1,R,0,19,148.7337022,0,-325.9507751,857.2371826,310.8848763,-0.012,-1.080000009,-0.420000004,-0.007027741,0.13386174,0.016732718,TRUE
7198,1000_radii_1,-1,R,0,19,148.7503259,0,-326.0512695,857.3241577,310.8778992,-0.012,-1.080000009,-0.420000004,-0.006977917,0.132912709,0.016614089,TRUE
7199,1000_radii_1,-1,R,0,19,148.7669587,0,-326.151947,857.4113159,310.8709068,-0.012,-1.080000009,-0.420000004,-0.006989454,0.133132459,0.016641557,TRUE
7200,1000_radii_1,-1,R,0,19,148.7836866,0,-326.2531433,857.4989014,310.8638878,-0.012,-1.080000009,-0.420000004,-0.007025586,0.133820688,0.016727586,TRUE
7201,1000_radii_1,-1,R,0,19,148.8003427,0,-326.3539124,857.5860596,310.8568916,-0.012,-1.080000009,-0.420000004,-0.00699554,0.133248371,0.016656046,TRUE
7202,1000_radii_1,-1,R,0,19,148.8169664,0,-326.4544983,857.6730347,310.8499031,-0.012,-1.080000009,-0.420000004,-0.006982355,0.132997228,0.016624654,TRUE
7203,1000_radii_1,-1,R,0,19,148.8336551,0,-326.555481,857.760376,310.8428955,-0.012,-1.080000009,-0.420000004,-0.007008471,0.133494685,0.016686836,TRUE
7204,1000_radii_1,-1,R,0,19,148.8504165,0,-326.6569214,857.8480835,310.8358612,-0.012,-1.080000009,-0.420000004,-0.007040039,0.13409598,0.016761997,TRUE
7205,1000_radii_1,-1,R,0,19,148.8670375,0,-326.7575378,857.9350586,310.8288765,-0.012,-1.080000009,-0.420000004,-0.00698096,0.132970665,0.016621333,TRUE
7206,1000_radii_1,-1,R,0,19,148.8836271,0,-326.8579712,858.0218506,310.8219109,-0.012,-1.080000009,-0.420000004,-0.006968029,0.132724351,0.016590544,TRUE
7207,1000_radii_1,-1,R,0,19,148.9003339,0,-326.9591064,858.1091919,310.8148918,-0.012,-1.080000009,-0.420000004,-0.007016331,0.133644405,0.016705551,TRUE
7208,1000_radii_1,-1,R,0,19,148.9171058,0,-327.0606689,858.1968994,310.8078499,-0.012,-1.080000009,-0.420000004,-0.007044476,0.134180499,0.016772562,TRUE
7209,1000_radii_1,-1,R,0,19,148.933783,0,-327.1616211,858.2840576,310.8008461,-0.012,-1.080000009,-0.420000004,-0.007003146,0.133393262,0.016674158,TRUE
7210,1000_radii_1,-1,R,0,19,148.9504822,0,-327.2627563,858.3713379,310.7938309,-0.012,-1.080000009,-0.420000004,-0.007013542,0.133591278,0.01669891,TRUE
7211,1000_radii_1,-1,R,0,19,148.9669886,0,-327.3627319,858.4576416,310.7868996,-0.012,-1.080000009,-0.420000004,-0.006933037,0.132057856,0.016507232,TRUE
7212,1000_radii_1,-1,R,0,19,148.983679,0,-327.4638367,858.5448608,310.7798882,-0.012,-1.080000009,-0.420000004,-0.00701126,0.133547811,0.016693476,TRUE
7213,1000_radii_1,-1,R,0,19,149.0003408,0,-327.5647583,858.631897,310.7728882,-0.012,-1.080000009,-0.420000004,-0.006996934,0.133274934,0.016659367,TRUE
7214,1000_radii_1,-1,R,0,19,149.0169706,0,-327.6654968,858.71875,310.7659073,-0.012,-1.080000009,-0.420000004,-0.006984003,0.133028621,0.016628578,TRUE
7215,1000_radii_1,-1,R,0,19,149.0336831,0,-327.7667542,858.8060303,310.7588921,-0.012,-1.080000009,-0.420000004,-0.007017979,0.133675798,0.016709475,TRUE
7216,1000_radii_1,-1,R,0,19,149.0503449,0,-327.8676758,858.8930054,310.7518921,-0.012,-1.080000009,-0.420000004,-0.006995666,0.133250786,0.016656348,TRUE
7217,1000_radii_1,-1,R,0,19,149.0669692,0,-327.9684753,858.9798584,310.7449074,-0.012,-1.080000009,-0.420000004,-0.006986665,0.133079333,0.016634917,TRUE
7218,1000_radii_1,-1,R,0,19,149.0836835,0,-328.0697937,859.0671387,310.7378845,-0.012,-1.080000009,-0.420000004,-0.007020388,0.13372168,0.01671521,TRUE
7219,1000_radii_1,-1,R,0,19,149.1003067,0,-328.1704102,859.1538086,310.7309151,-0.012,-1.080000009,-0.420000004,-0.006972593,0.132811286,0.016601411,TRUE
7220,1000_radii_1,-1,R,0,19,149.1169745,0,-328.2715759,859.2409058,310.7238998,-0.012,-1.080000009,-0.420000004,-0.007009358,0.133511589,0.016688949,TRUE
7221,1000_radii_1,-1,R,0,19,149.1336335,0,-328.3725891,859.3278809,310.7169037,-0.012,-1.080000009,-0.420000004,-0.006997314,0.133282179,0.016660272,TRUE
7222,1000_radii_1,-1,R,0,19,149.1503762,0,-328.4740601,859.4152222,310.709877,-0.012,-1.080000009,-0.420000004,-0.007027741,0.13386174,0.016732718,TRUE
7223,1000_radii_1,-1,R,0,19,149.1670833,0,-328.5754395,859.5024414,310.702858,-0.012,-1.080000009,-0.420000004,-0.007020769,0.133728924,0.016716116,TRUE
7224,1000_radii_1,-1,R,0,19,149.1837481,0,-328.6765137,859.5893555,310.695858,-0.012,-1.080000009,-0.420000004,-0.006998836,0.133311157,0.016663895,TRUE
7225,1000_radii_1,-1,R,0,19,149.2003244,0,-328.7770081,859.6757813,310.6889,-0.012,-1.080000009,-0.420000004,-0.006959281,0.132557727,0.016569716,TRUE
7226,1000_radii_1,-1,R,0,19,149.2170179,0,-328.8783264,859.7628784,310.6818886,-0.012,-1.080000009,-0.420000004,-0.007014937,0.133617842,0.01670223,TRUE
7227,1000_radii_1,-1,R,0,19,149.2336655,0,-328.9793091,859.8496704,310.6748962,-0.012,-1.080000009,-0.420000004,-0.006991863,0.133178341,0.016647293,TRUE
7228,1000_radii_1,-1,R,0,19,149.2503505,0,-329.0804749,859.9366455,310.6678925,-0.012,-1.080000009,-0.420000004,-0.007003653,0.133402921,0.016675365,TRUE
7229,1000_radii_1,-1,R,0,19,149.2669601,0,-329.1813049,860.0233154,310.6609077,-0.012,-1.080000009,-0.420000004,-0.006979946,0.132951346,0.016618918,TRUE
7230,1000_radii_1,1000,L,0,20,149.2836273,0,-329.2824402,860.1101685,310.6539116,-0.012,-1.080000009,-0.420000004,-0.007000104,0.133335305,0.016666913,FALSE
7231,1000_radii_1,1000,L,0,20,149.3004104,0,-329.3843079,860.1976318,310.646862,-0.012,-1.080000009,-0.420000004,-0.007049167,0.134269848,0.016783731,FALSE
7232,1000_radii_1,1000,L,0,20,149.3169521,0,-329.4847107,860.2838135,310.6399155,-0.012,-1.080000009,-0.420000004,-0.00694749,0.132333147,0.016541643,FALSE
7233,1000_radii_1,1000,L,0,20,149.3336096,0,-329.5858459,860.3706055,310.6329193,-0.012,-1.080000009,-0.420000004,-0.0069963,0.13326286,0.016657858,FALSE
7234,1000_radii_1,1000,L,0,20,149.3510526,0,-329.6916809,860.4614258,310.6255951,-0.012,-1.080000009,-0.420000004,-0.007322376,0.139473825,0.017434228,FALSE
7235,1000_radii_1,1000,L,0,20,149.366945,0,-329.788208,860.5442505,310.6189156,-0.012,-1.080000009,-0.420000004,-0.006676437,0.127170223,0.015896278,FALSE
7236,1000_radii_1,1000,L,0,20,149.3835965,0,-329.8893433,860.6309814,310.6119232,-0.012,-1.080000009,-0.420000004,-0.006995032,0.133238712,0.016654839,FALSE
7237,1000_radii_1,1000,L,0,20,149.4003271,0,-329.9909058,860.7180786,310.6049004,-0.012,-1.080000009,-0.420000004,-0.007022924,0.133769976,0.016721247,FALSE
7238,1000_radii_1,1000,L,0,20,149.4170351,0,-330.0924377,860.8051147,310.5978813,-0.012,-1.080000009,-0.420000004,-0.007021276,0.133738583,0.016717323,FALSE
7239,1000_radii_1,1000,L,0,20,149.43365,0,-330.1933594,860.8916016,310.5909004,-0.012,-1.080000009,-0.420000004,-0.006978551,0.132924783,0.016615598,FALSE
7240,1000_radii_1,1000,L,0,20,149.4502442,0,-330.2941589,860.9779663,310.583931,-0.012,-1.080000009,-0.420000004,-0.00696955,0.132753329,0.016594166,FALSE
7241,1000_radii_1,1000,L,0,20,149.4669144,0,-330.3954468,861.0646973,310.5769272,-0.012,-1.080000009,-0.420000004,-0.007001371,0.133359454,0.016669932,FALSE
7242,1000_radii_1,1000,L,0,20,149.4836396,0,-330.4970703,861.1517334,310.5699043,-0.012,-1.080000009,-0.420000004,-0.007025206,0.133813443,0.01672668,FALSE
7243,1000_radii_1,1000,L,0,20,149.5002546,0,-330.5980225,861.2381592,310.5629272,-0.012,-1.080000009,-0.420000004,-0.006977157,0.13289822,0.016612277,FALSE
7244,1000_radii_1,1000,L,0,20,149.5169158,0,-330.6992798,861.3248291,310.5559311,-0.012,-1.080000009,-0.420000004,-0.006997948,0.133294253,0.016661782,FALSE
7245,1000_radii_1,1000,L,0,20,149.5335664,0,-330.8005066,861.411438,310.5489311,-0.012,-1.080000009,-0.420000004,-0.006993891,0.133216978,0.016652122,FALSE
7246,1000_radii_1,1000,L,0,20,149.55024,0,-330.9018555,861.4981689,310.541935,-0.012,-1.080000009,-0.420000004,-0.007002639,0.133383602,0.01667295,FALSE
7247,1000_radii_1,1000,L,0,20,149.5669654,0,-331.00354,861.585144,310.5349045,-0.012,-1.080000009,-0.420000004,-0.007024826,0.133806199,0.016725775,FALSE
7248,1000_radii_1,1000,L,0,20,149.5835967,0,-331.1046753,861.6716309,310.5279236,-0.012,-1.080000009,-0.420000004,-0.006985524,0.133057599,0.0166322,FALSE
7249,1000_radii_1,1000,L,0,20,149.600235,0,-331.2058411,861.7581177,310.5209351,-0.012,-1.080000009,-0.420000004,-0.006987426,0.133093822,0.016636728,FALSE
7250,1000_radii_1,1000,L,0,20,149.6169019,0,-331.3071899,861.8447266,310.5139351,-0.012,-1.080000009,-0.420000004,-0.007000357,0.133340135,0.016667517,FALSE
7251,1000_radii_1,1000,L,0,20,149.633653,0,-331.4090576,861.9317627,310.5069008,-0.012,-1.080000009,-0.420000004,-0.007035475,0.134009045,0.016751131,FALSE
7252,1000_radii_1,1000,L,0,20,149.6503733,0,-331.5107117,862.0186157,310.4998817,-0.012,-1.080000009,-0.420000004,-0.007018867,0.133692702,0.016711588,FALSE
7253,1000_radii_1,1000,L,0,20,149.6669434,0,-331.6115723,862.1047363,310.4929161,-0.012,-1.080000009,-0.420000004,-0.006963464,0.132637417,0.016579677,FALSE
7254,1000_radii_1,1000,L,0,20,149.6836794,0,-331.7133789,862.1916504,310.4858894,-0.012,-1.080000009,-0.420000004,-0.007028756,0.133881059,0.016735132,FALSE
7255,1000_radii_1,1000,L,0,20,149.700206,0,-331.8139343,862.2775269,310.4789467,-0.012,-1.080000009,-0.420000004,-0.006941658,0.132222065,0.016527758,FALSE
7256,1000_radii_1,1000,L,0,20,149.7169507,0,-331.9158325,862.364502,310.4719124,-0.012,-1.080000009,-0.420000004,-0.007032179,0.13394626,0.016743282,FALSE
7257,1000_radii_1,1000,L,0,20,149.7335857,0,-332.0170593,862.4508667,310.4649277,-0.012,-1.080000009,-0.420000004,-0.006986538,0.133076918,0.016634615,FALSE
7258,1000_radii_1,1000,L,0,20,149.75021,0,-332.1182556,862.5371704,310.457943,-0.012,-1.080000009,-0.420000004,-0.006982608,0.133002058,0.016625257,FALSE
7259,1000_radii_1,1000,L,0,20,149.7669038,0,-332.2198792,862.6238403,310.4509315,-0.012,-1.080000009,-0.420000004,-0.007011387,0.133550226,0.016693778,FALSE
7260,1000_radii_1,1000,L,0,20,149.783616,0,-332.3216248,862.7105713,310.4439163,-0.012,-1.080000009,-0.420000004,-0.007018867,0.133692702,0.016711588,FALSE
7261,1000_radii_1,1000,L,0,20,149.8002062,0,-332.4226379,862.7966919,310.4369469,-0.012,-1.080000009,-0.420000004,-0.006968409,0.132731596,0.016591449,FALSE
7262,1000_radii_1,1000,L,0,20,149.8168756,0,-332.5241394,862.8831787,310.4299431,-0.012,-1.080000009,-0.420000004,-0.007000737,0.13334738,0.016668422,FALSE
7263,1000_radii_1,1000,L,0,20,149.8336475,0,-332.6262817,862.9702148,310.4229012,-0.012,-1.080000009,-0.420000004,-0.007043842,0.134168425,0.016771053,FALSE
7264,1000_radii_1,1000,L,0,20,149.850274,0,-332.7275391,863.0564575,310.4159164,-0.012,-1.080000009,-0.420000004,-0.006983876,0.133026206,0.016628276,FALSE
7265,1000_radii_1,1000,L,0,20,149.8668911,0,-332.8287354,863.1426392,310.4089355,-0.012,-1.080000009,-0.420000004,-0.006978932,0.132932027,0.016616503,FALSE
7266,1000_radii_1,1000,L,0,20,149.8836166,0,-332.9306335,863.2293701,310.4019165,-0.012,-1.080000009,-0.420000004,-0.007025079,0.133811029,0.016726379,FALSE
7267,1000_radii_1,1000,L,0,20,149.9002699,0,-333.032074,863.3157349,310.3949203,-0.012,-1.080000009,-0.420000004,-0.006993891,0.133216978,0.016652122,FALSE
7268,1000_radii_1,1000,L,0,20,149.9169338,0,-333.133606,863.4020996,310.3879204,-0.012,-1.080000009,-0.420000004,-0.006998963,0.133313572,0.016664196,FALSE
7269,1000_radii_1,1000,L,0,20,149.933559,0,-333.2349243,863.4882813,310.3809357,-0.012,-1.080000009,-0.420000004,-0.006982608,0.133002058,0.016625257,FALSE
7270,1000_radii_1,1000,L,0,20,149.9503714,0,-333.3372192,863.5752563,310.3738899,-0.012,-1.080000009,-0.420000004,-0.007049421,0.134274678,0.016784335,FALSE
7271,1000_radii_1,1000,L,0,20,149.9669267,0,-333.4382935,863.6611938,310.3669243,-0.012,-1.080000009,-0.420000004,-0.006964352,0.132654321,0.01658179,FALSE
7272,1000_radii_1,1000,L,0,20,149.9835637,0,-333.5397034,863.7473755,310.3599358,-0.012,-1.080000009,-0.420000004,-0.006987806,0.133101066,0.016637633,FALSE
7273,1000_radii_1,1000,L,0,20,150.000233,0,-333.6412964,863.8337402,310.3529396,-0.012,-1.080000009,-0.420000004,-0.006999723,0.133328061,0.016666008,FALSE
7274,1000_radii_1,1000,L,0,20,150.0169165,0,-333.7430115,863.920166,310.345932,-0.012,-1.080000009,-0.420000004,-0.007007076,0.133468122,0.016683515,FALSE
7275,1000_radii_1,1000,L,0,20,150.0335563,0,-333.8444824,864.0063477,310.3389359,-0.012,-1.080000009,-0.420000004,-0.006989834,0.133139704,0.016642463,FALSE
7276,1000_radii_1,1000,L,0,20,150.0503376,0,-333.9467163,864.0931396,310.3318977,-0.012,-1.080000009,-0.420000004,-0.007040673,0.134108054,0.016763507,FALSE
7277,1000_radii_1,1000,L,0,20,150.0669076,0,-334.0478516,864.1790161,310.3249359,-0.012,-1.080000009,-0.420000004,-0.00696562,0.132678469,0.016584809,FALSE
7278,1000_radii_1,1000,L,0,20,150.0835857,0,-334.1495972,864.2653809,310.3179283,-0.012,-1.080000009,-0.420000004,-0.007006443,0.133456047,0.016682006,FALSE
7279,1000_radii_1,1000,L,0,20,150.1002092,0,-334.2510071,864.3514404,310.3109474,-0.012,-1.080000009,-0.420000004,-0.006981847,0.132987569,0.016623446,FALSE
7280,1000_radii_1,1000,L,0,20,150.1168706,0,-334.3526306,864.4376831,310.3039474,-0.012,-1.080000009,-0.420000004,-0.006997441,0.133284594,0.016660574,FALSE
7281,1000_radii_1,1000,L,0,20,150.1336058,0,-334.4547424,864.524292,310.296917,-0.012,-1.080000009,-0.420000004,-0.00702939,0.133893133,0.016736642,FALSE
7282,1000_radii_1,1000,L,0,20,150.1503331,0,-334.5566711,864.6107178,310.2899055,-0.012,-1.080000009,-0.420000004,-0.007016078,0.133639575,0.016704947,FALSE
7283,1000_radii_1,1000,L,0,20,150.1670054,0,-334.6585388,864.6970825,310.2828903,-0.012,-1.080000009,-0.420000004,-0.00701088,0.133540567,0.016692571,FALSE
7284,1000_radii_1,1000,L,0,20,150.1836153,0,-334.7599182,864.78302,310.2759171,-0.012,-1.080000009,-0.420000004,-0.006976269,0.132881316,0.016610164,FALSE
7285,1000_radii_1,1000,L,0,20,150.2002064,0,-334.8612061,864.8688354,310.2689476,-0.012,-1.080000009,-0.420000004,-0.006969043,0.13274367,0.016592959,FALSE
7286,1000_radii_1,1000,L,0,20,150.21687,0,-334.9629211,864.9550171,310.2619476,-0.012,-1.080000009,-0.420000004,-0.006998582,0.133306327,0.016663291,FALSE
7287,1000_radii_1,1000,L,0,20,150.2335559,0,-335.0647888,865.0412598,310.25494,-0.012,-1.080000009,-0.420000004,-0.007008091,0.13348744,0.01668593,FALSE
7288,1000_radii_1,1000,L,0,20,150.2502407,0,-335.1666565,865.1275024,310.2479324,-0.012,-1.080000009,-0.420000004,-0.007007203,0.133470536,0.016683817,FALSE
7289,1000_radii_1,1000,L,0,20,150.2668861,0,-335.2683105,865.213562,310.2409401,-0.012,-1.080000009,-0.420000004,-0.006991483,0.133171096,0.016646387,FALSE
7290,1000_radii_1,1000,L,0,20,150.2836019,0,-335.3703918,865.2999268,310.2339211,-0.012,-1.080000009,-0.420000004,-0.007020769,0.133728924,0.016716116,FALSE
7291,1000_radii_1,1000,L,0,20,150.3005061,0,-335.4736328,865.3872681,310.2268181,-0.012,-1.080000009,-0.420000004,-0.007099498,0.135228539,0.016903567,TRUE
7292,1000_radii_1,1000,L,0,20,150.3170749,0,-335.5747986,865.4728394,310.2198639,-0.012,-1.080000009,-0.420000004,-0.006956492,0.132504601,0.016563075,TRUE
7293,1000_radii_1,1000,L,0,20,150.3346018,0,-335.6814575,865.5630493,310.212532,-0.012,-1.080000009,-0.420000004,-0.00733442,0.139703234,0.017462904,TRUE
7294,1000_radii_1,1000,L,0,20,150.3505138,0,-335.778595,865.6451416,310.2058525,-0.012,-1.080000009,-0.420000004,-0.006677197,0.127184712,0.015898089,TRUE
7295,1000_radii_1,1000,L,0,20,150.3671388,0,-335.8806458,865.7313843,310.1988411,-0.012,-1.080000009,-0.420000004,-0.007014556,0.133610597,0.016701325,TRUE
7296,1000_radii_1,1000,L,0,20,150.3837839,0,-335.9823914,865.8173828,310.1918411,-0.012,-1.080000009,-0.420000004,-0.006993384,0.133207319,0.016650915,TRUE
7297,1000_radii_1,1000,L,0,20,150.4005218,0,-336.0842896,865.9034424,310.1848412,-0.012,-1.080000009,-0.420000004,-0.007002893,0.133388432,0.016673554,TRUE
7298,1000_radii_1,1000,L,0,20,150.4171147,0,-336.1860352,865.9893799,310.1778488,-0.012,-1.080000009,-0.420000004,-0.006993004,0.133200074,0.016650009,TRUE
7299,1000_radii_1,1000,L,0,20,150.4337946,0,-336.2875366,866.0750732,310.1708717,-0.012,-1.080000009,-0.420000004,-0.006974748,0.132852338,0.016606542,TRUE
7300,1000_radii_1,1000,L,0,20,150.4504691,0,-336.3895264,866.1611938,310.1638641,-0.012,-1.080000009,-0.420000004,-0.007006823,0.133463292,0.016682911,TRUE
7301,1000_radii_1,1000,L,0,20,150.4671336,0,-336.4917908,866.2474976,310.1568451,-0.012,-1.080000009,-0.420000004,-0.007026474,0.133837592,0.016729699,TRUE
7302,1000_radii_1,1000,L,0,20,150.4837975,0,-336.5932617,866.3331299,310.1498718,-0.012,-1.080000009,-0.420000004,-0.00696955,0.132753329,0.016594166,TRUE
7303,1000_radii_1,1000,L,0,20,150.5005504,0,-336.6959839,866.4197998,310.1428108,-0.012,-1.080000009,-0.420000004,-0.007056013,0.134400249,0.016800031,TRUE
7304,1000_radii_1,1000,L,0,20,150.5171011,0,-336.7971802,866.505127,310.1358681,-0.012,-1.080000009,-0.420000004,-0.006950153,0.132383859,0.016547982,TRUE
7305,1000_radii_1,1000,L,0,20,150.5338601,0,-336.8998413,866.5916748,310.1288147,-0.012,-1.080000009,-0.420000004,-0.007049674,0.134279507,0.016784938,TRUE
7306,1000_radii_1,1000,L,0,20,150.5504407,0,-337.0007935,866.6767578,310.1218834,-0.012,-1.080000009,-0.420000004,-0.006931136,0.132021633,0.016502704,TRUE
7307,1000_radii_1,1000,L,0,20,150.5671327,0,-337.1030273,866.7629395,310.1148643,-0.012,-1.080000009,-0.420000004,-0.00701874,0.133690287,0.016711286,TRUE
7308,1000_radii_1,1000,L,0,20,150.5838077,0,-337.2054443,866.8492432,310.10783,-0.012,-1.080000009,-0.420000004,-0.007031418,0.133931771,0.016741471,TRUE
7309,1000_radii_1,1000,L,0,20,150.6004079,0,-337.3066711,866.9345093,310.1008873,-0.012,-1.080000009,-0.420000004,-0.006948758,0.132357296,0.016544662,TRUE
7310,1000_radii_1,1000,L,0,20,150.6171911,0,-337.4092407,867.020874,310.0938416,-0.012,-1.080000009,-0.420000004,-0.0070408,0.134110469,0.016763809,TRUE
7311,1000_radii_1,1000,L,0,20,150.6337599,0,-337.5108948,867.1064453,310.0868645,-0.012,-1.080000009,-0.420000004,-0.006977157,0.13289822,0.016612277,TRUE
7312,1000_radii_1,1000,L,0,20,150.6504358,0,-337.6130981,867.1924438,310.0798569,-0.012,-1.080000009,-0.420000004,-0.007013542,0.133591278,0.01669891,TRUE
7313,1000_radii_1,1000,L,0,20,150.6670892,0,-337.7149048,867.2780762,310.0728722,-0.012,-1.080000009,-0.420000004,-0.00698451,0.13303828,0.016629785,TRUE
7314,1000_radii_1,1000,L,0,20,150.6837709,0,-337.8170166,867.3640137,310.0658646,-0.012,-1.080000009,-0.420000004,-0.007006443,0.133456047,0.016682006,TRUE
7315,1000_radii_1,1000,L,0,20,150.7005507,0,-337.9199524,867.4505615,310.0582161,-0.013,-1.170000024,-0.455000009,-0.00764992,0.134504087,0.016813011,TRUE
7316,1000_radii_1,1000,L,0,20,150.7170821,0,-338.0209656,867.5354614,310.0507088,-0.013,-1.170000024,-0.455000009,-0.007505709,0.131968507,0.016496063,TRUE
7317,1000_radii_1,1000,L,0,20,150.7337484,0,-338.1231995,867.6213989,310.0431099,-0.013,-1.170000024,-0.455000009,-0.007595257,0.133542982,0.016692873,TRUE
7318,1000_radii_1,1000,L,0,20,150.7504352,0,-338.2249451,867.7069092,310.035553,-0.013,-1.170000024,-0.455000009,-0.0075579,0.132886145,0.016610768,TRUE
7319,1000_radii_1,1000,L,0,20,150.7671794,0,-338.3276062,867.7931519,310.0279274,-0.013,-1.170000024,-0.455000009,-0.007624924,0.134064587,0.016758073,TRUE
7320,1000_radii_1,1000,L,0,20,150.7838113,0,-338.4298706,867.8790283,310.0203323,-0.013,-1.170000024,-0.455000009,-0.007595257,0.133542982,0.016692873,TRUE
7321,1000_radii_1,1000,L,0,20,150.8004492,0,-338.5318604,867.9646606,310.0127563,-0.013,-1.170000024,-0.455000009,-0.007574381,0.133175926,0.016646991,TRUE
7322,1000_radii_1,1000,L,0,20,150.8170724,0,-338.6333008,868.0498047,310.0052261,-0.013,-1.170000024,-0.455000009,-0.00753359,0.132458719,0.01655734,TRUE
7323,1000_radii_1,1000,L,0,20,150.8337939,0,-338.7359619,868.1359863,309.9976006,-0.013,-1.170000024,-0.455000009,-0.007623687,0.134042853,0.016755357,TRUE
7324,1000_radii_1,1000,L,0,20,150.8504104,0,-338.8374023,868.2211304,309.9900703,-0.013,-1.170000024,-0.455000009,-0.007532079,0.132432156,0.016554019,TRUE
7325,1000_radii_1,1000,L,0,20,150.8671169,0,-338.9403687,868.3074951,309.9824257,-0.013,-1.170000024,-0.455000009,-0.007644701,0.134412323,0.01680154,TRUE
7326,1000_radii_1,1000,L,0,20,150.883766,0,-339.0422363,868.3928833,309.974865,-0.013,-1.170000024,-0.455000009,-0.007560372,0.132929613,0.016616202,TRUE
7327,1000_radii_1,1000,L,0,20,150.9004576,0,-339.1447754,868.4788208,309.9672546,-0.013,-1.170000024,-0.455000009,-0.007609678,0.13379654,0.016724567,TRUE
7328,1000_radii_1,1000,L,0,20,150.9171016,0,-339.2467651,868.5643311,309.9596825,-0.013,-1.170000024,-0.455000009,-0.007569437,0.133088992,0.016636124,TRUE
7329,1000_radii_1,1000,L,0,20,150.933783,0,-339.3487854,868.6497803,309.9521141,-0.013,-1.170000024,-0.455000009,-0.007569025,0.133081747,0.016635218,TRUE
7330,1000_radii_1,1000,L,0,20,150.9504451,0,-339.4511108,868.7355347,309.9445267,-0.013,-1.170000024,-0.455000009,-0.007592648,0.1334971,0.016687137,TRUE
7331,1000_radii_1,1000,L,0,20,150.9670565,0,-339.5531616,868.8209839,309.9369545,-0.013,-1.170000024,-0.455000009,-0.007571497,0.133125215,0.016640652,TRUE
7332,1000_radii_1,1000,L,0,20,150.9837602,0,-339.6553345,868.9065552,309.9293747,-0.013,-1.170000024,-0.455000009,-0.007579325,0.13326286,0.016657858,TRUE
7333,1000_radii_1,1000,L,0,20,151.0004395,0,-339.7577209,868.9922485,309.9217796,-0.013,-1.170000024,-0.455000009,-0.007593472,0.133511589,0.016688949,TRUE
7334,1000_radii_1,1000,L,0,20,151.0170663,0,-339.8598938,869.0777588,309.9142036,-0.013,-1.170000024,-0.455000009,-0.00757699,0.133221808,0.016652726,TRUE
7335,1000_radii_1,1000,L,0,20,151.0337567,0,-339.9623718,869.1635132,309.9066048,-0.013,-1.170000024,-0.455000009,-0.007598828,0.133605767,0.016700721,TRUE
7336,1000_radii_1,1000,L,0,20,151.0504188,0,-340.0643616,869.2488403,309.8990402,-0.013,-1.170000024,-0.455000009,-0.00756202,0.132958591,0.016619824,TRUE
7337,1000_radii_1,1000,L,0,20,151.0672019,0,-340.167572,869.335144,309.8913879,-0.013,-1.170000024,-0.455000009,-0.007651843,0.134537895,0.016817237,TRUE
7338,1000_radii_1,1000,L,0,20,151.0837701,0,-340.2693176,869.420166,309.8838501,-0.013,-1.170000024,-0.455000009,-0.007541418,0.132596365,0.016574546,TRUE
7339,1000_radii_1,1000,L,0,20,151.1004488,0,-340.3711548,869.505249,309.876297,-0.013,-1.170000024,-0.455000009,-0.007548835,0.132726766,0.016590846,TRUE
7340,1000_radii_1,1000,L,0,20,151.1170901,0,-340.4736633,869.5908813,309.8687057,-0.013,-1.170000024,-0.455000009,-0.007596493,0.133564715,0.016695589,TRUE
7341,1000_radii_1,1000,L,0,20,151.1337799,0,-340.576355,869.6766357,309.8610954,-0.013,-1.170000024,-0.455000009,-0.007609266,0.133789295,0.016723662,TRUE
7342,1000_radii_1,1000,L,0,20,151.1503964,0,-340.6783447,869.7617798,309.8535385,-0.013,-1.170000024,-0.455000009,-0.007556938,0.132869242,0.016608655,TRUE
7343,1000_radii_1,1000,L,0,20,151.167086,0,-340.7807312,869.847229,309.8459549,-0.013,-1.170000024,-0.455000009,-0.007584682,0.133357039,0.01666963,TRUE
7344,1000_radii_1,1000,L,0,20,151.1837454,0,-340.8832397,869.9327393,309.8383598,-0.013,-1.170000024,-0.455000009,-0.007592922,0.133501929,0.016687741,TRUE
7345,1000_radii_1,1000,L,0,20,151.2004346,0,-340.9857483,870.0182495,309.8307724,-0.013,-1.170000024,-0.455000009,-0.007593334,0.133509174,0.016688647,TRUE
7346,1000_radii_1,1000,L,0,20,151.2171166,0,-341.0879822,870.1035156,309.8231926,-0.013,-1.170000024,-0.455000009,-0.007571634,0.133127629,0.016640954,TRUE
7347,1000_radii_1,1000,L,0,20,151.2337814,0,-341.1906433,870.1890869,309.8155937,-0.013,-1.170000024,-0.455000009,-0.007601712,0.133656479,0.01670706,TRUE
7348,1000_radii_1,1000,L,0,20,151.2503967,0,-341.2926941,870.2741699,309.808033,-0.013,-1.170000024,-0.455000009,-0.007556389,0.132859582,0.016607448,TRUE
7349,1000_radii_1,1000,L,0,20,151.2670908,0,-341.3950195,870.359436,309.8004608,-0.013,-1.170000024,-0.455000009,-0.007576441,0.133212149,0.016651519,TRUE
7350,1000_radii_1,1000,L,0,20,151.2837441,0,-341.4974976,870.4448242,309.7928772,-0.013,-1.170000024,-0.455000009,-0.007585506,0.133371528,0.016671441,TRUE
7351,1000_radii_1,1000,L,0,20,151.3004198,0,-341.5999146,870.5301514,309.7852936,-0.013,-1.170000024,-0.455000009,-0.007580973,0.133291838,0.01666148,TRUE
7352,1000_radii_1,1000,L,0,20,151.3170613,0,-341.7025146,870.6156006,309.7777023,-0.013,-1.170000024,-0.455000009,-0.007592922,0.133501929,0.016687741,TRUE
7353,1000_radii_1,1000,L,0,20,151.3337388,0,-341.8045349,870.7005615,309.770153,-0.013,-1.170000024,-0.455000009,-0.007550346,0.132753329,0.016594166,TRUE
7354,1000_radii_1,1000,L,0,20,151.3504362,0,-341.9076538,870.786377,309.7625198,-0.013,-1.170000024,-0.455000009,-0.00763028,0.134158765,0.016769846,TRUE
7355,1000_radii_1,1000,L,0,20,151.3670313,0,-342.0097656,870.8713379,309.7549667,-0.013,-1.170000024,-0.455000009,-0.00755529,0.132840264,0.016605033,TRUE
7356,1000_radii_1,1000,L,0,20,151.3838117,0,-342.1127625,870.9570313,309.7473488,-0.013,-1.170000024,-0.455000009,-0.007618606,0.133953504,0.016744188,TRUE
7357,1000_radii_1,1000,L,0,20,151.4004291,0,-342.2151184,871.0421753,309.7397766,-0.013,-1.170000024,-0.455000009,-0.007572595,0.133144533,0.016643067,TRUE
7358,1000_radii_1,1000,L,0,20,151.417106,0,-342.3177795,871.1275024,309.7321854,-0.013,-1.170000024,-0.455000009,-0.007592236,0.133489855,0.016686232,TRUE
7359,1000_radii_1,1000,L,0,20,151.4337605,0,-342.4198608,871.2123413,309.7246323,-0.013,-1.170000024,-0.455000009,-0.007549384,0.132736426,0.016592053,TRUE
7360,1000_radii_1,1000,L,0,20,151.4504223,0,-342.5224304,871.2976074,309.7170486,-0.013,-1.170000024,-0.455000009,-0.007585368,0.133369113,0.016671139,TRUE
7361,1000_radii_1,1000,L,0,20,151.4670563,0,-342.6251221,871.3829346,309.7094536,-0.013,-1.170000024,-0.455000009,-0.007594021,0.133521248,0.016690156,TRUE
7362,1000_radii_1,1000,L,0,20,151.4837266,0,-342.7277222,871.4681396,309.7018661,-0.013,-1.170000024,-0.455000009,-0.007584956,0.133361869,0.016670234,TRUE
7363,1000_radii_1,1000,L,0,20,151.5003944,0,-342.8299866,871.5530396,309.6943092,-0.013,-1.170000024,-0.455000009,-0.007558861,0.132903049,0.016612881,TRUE
7364,1000_radii_1,1000,L,0,20,151.5170411,0,-342.9328003,871.6383667,309.6867104,-0.013,-1.170000024,-0.455000009,-0.00759924,0.133613012,0.016701626,TRUE
7365,1000_radii_1,1000,L,0,20,151.5337246,0,-343.0354614,871.7235718,309.6791229,-0.013,-1.170000024,-0.455000009,-0.007586879,0.133395676,0.01667446,TRUE
7366,1000_radii_1,1000,L,0,20,151.5504159,0,-343.1379089,871.8085327,309.6715508,-0.013,-1.170000024,-0.455000009,-0.007569711,0.133093822,0.016636728,TRUE
7367,1000_radii_1,1000,L,0,20,151.5670714,0,-343.2406311,871.8937378,309.6639595,-0.013,-1.170000024,-0.455000009,-0.007590725,0.133463292,0.016682911,TRUE
7368,1000_radii_1,1000,L,0,20,151.5837501,0,-343.3435059,871.9790649,309.6563606,-0.013,-1.170000024,-0.455000009,-0.007601163,0.13364682,0.016705852,TRUE
7369,1000_radii_1,1000,L,0,20,151.6003445,0,-343.4457703,872.0638428,309.6488075,-0.013,-1.170000024,-0.455000009,-0.007554603,0.132828189,0.016603524,TRUE
7370,1000_radii_1,1000,L,0,20,151.6171017,0,-343.5484619,872.1489258,309.6412239,-0.013,-1.170000024,-0.455000009,-0.007584544,0.133354624,0.016669328,TRUE
7371,1000_radii_1,1000,L,0,20,151.6338272,0,-343.6519775,872.2346802,309.6335793,-0.013,-1.170000024,-0.455000009,-0.007645662,0.134429227,0.016803653,TRUE
7372,1000_radii_1,1000,L,0,20,151.6504434,0,-343.754364,872.319458,309.6260147,-0.013,-1.170000024,-0.455000009,-0.007560921,0.132939272,0.016617409,TRUE
7373,1000_radii_1,1000,L,0,20,151.6670632,0,-343.8566284,872.4041748,309.6184654,-0.013,-1.170000024,-0.455000009,-0.007552406,0.132789552,0.016598694,TRUE
7374,1000_radii_1,1000,L,0,20,151.6837253,0,-343.9595032,872.4893188,309.6108704,-0.013,-1.170000024,-0.455000009,-0.007594571,0.133530907,0.016691363,TRUE
7375,1000_radii_1,1000,L,0,20,151.7003786,0,-344.061615,872.5737915,309.6033287,-0.013,-1.170000024,-0.455000009,-0.007537573,0.132528749,0.016566094,TRUE
7376,1000_radii_1,1000,L,0,20,151.7170398,0,-344.1644287,872.6588745,309.5957375,-0.013,-1.170000024,-0.455000009,-0.007589077,0.133434314,0.016679289,TRUE
7377,1000_radii_1,1000,L,0,20,151.7337728,0,-344.2677917,872.7443848,309.5881119,-0.013,-1.170000024,-0.455000009,-0.007629731,0.134149106,0.016768638,TRUE
7378,1000_radii_1,1000,L,0,20,151.750421,0,-344.3703918,872.8292236,309.5805359,-0.013,-1.170000024,-0.455000009,-0.007572321,0.133139704,0.016642463,TRUE
7379,1000_radii_1,1000,L,0,20,151.7670191,0,-344.4729614,872.9140015,309.5729675,-0.013,-1.170000024,-0.455000009,-0.007569711,0.133093822,0.016636728,TRUE
7380,1000_radii_1,1000,L,0,20,151.7837576,0,-344.5757141,872.9989014,309.5653915,-0.013,-1.170000024,-0.455000009,-0.007580699,0.133287009,0.016660876,TRUE
7381,1000_radii_1,1000,L,0,20,151.8003475,0,-344.6784668,873.0838013,309.5578079,-0.013,-1.170000024,-0.455000009,-0.007579737,0.133270105,0.016658763,TRUE
7382,1000_radii_1,1000,L,0,20,151.8170772,0,-344.7816467,873.1690674,309.5501976,-0.013,-1.170000024,-0.455000009,-0.007612151,0.133840007,0.016730001,TRUE
7383,1000_radii_1,1000,L,0,20,151.8337722,0,-344.8845215,873.2540283,309.5426102,-0.013,-1.170000024,-0.455000009,-0.007587291,0.133402921,0.016675365,TRUE
7384,1000_radii_1,1000,L,0,20,151.8503884,0,-344.9871521,873.3387451,309.5350418,-0.013,-1.170000024,-0.455000009,-0.007568338,0.133069673,0.016633709,TRUE
7385,1000_radii_1,1000,L,0,20,151.8670776,0,-345.0901794,873.4237671,309.5274467,-0.013,-1.170000024,-0.455000009,-0.007598004,0.133591278,0.01669891,TRUE
7386,1000_radii_1,1000,L,0,20,151.8837113,0,-345.1924133,873.5081177,309.5199013,-0.013,-1.170000024,-0.455000009,-0.007539358,0.132560142,0.016570018,TRUE
7387,1000_radii_1,1000,L,0,20,151.9003454,0,-345.2952576,873.5929565,309.5123215,-0.013,-1.170000024,-0.455000009,-0.007583171,0.133330476,0.016666309,TRUE
7388,1000_radii_1,1000,L,0,20,151.9170141,0,-345.3978577,873.6775513,309.5047607,-0.013,-1.170000024,-0.455000009,-0.007563668,0.132987569,0.016623446,TRUE
7389,1000_radii_1,1000,L,0,20,151.9337341,0,-345.5015564,873.7630615,309.4971123,-0.013,-1.170000024,-0.455000009,-0.00764319,0.13438576,0.01679822,TRUE
7390,1000_radii_1,1000,L,0,20,151.9504665,0,-345.6045837,873.8479614,309.4895172,-0.013,-1.170000024,-0.455000009,-0.00759306,0.133504344,0.016688043,TRUE
7391,1000_radii_1,1000,L,0,20,151.9670538,0,-345.7072144,873.9325562,309.4819565,-0.013,-1.170000024,-0.455000009,-0.007563119,0.132977909,0.016622239,TRUE
7392,1000_radii_1,1000,L,0,20,151.9837883,0,-345.8105469,874.0177002,309.4743462,-0.013,-1.170000024,-0.455000009,-0.007614485,0.133881059,0.016735132,TRUE
7393,1000_radii_1,1000,L,0,20,152.0004498,0,-345.9130859,874.1021118,309.4667854,-0.013,-1.170000024,-0.455000009,-0.007554054,0.13281853,0.016602316,TRUE
7394,1000_radii_1,1000,L,0,20,152.0170572,0,-346.0160522,874.1868896,309.4592056,-0.013,-1.170000024,-0.455000009,-0.007585781,0.133376358,0.016672045,TRUE
7395,1000_radii_1,1000,L,0,20,152.0336782,0,-346.1186829,874.2713623,309.4516449,-0.013,-1.170000024,-0.455000009,-0.007560372,0.132929613,0.016616202,TRUE
7396,1000_radii_1,1000,L,0,20,152.0503557,0,-346.2214661,874.355957,309.4440689,-0.013,-1.170000024,-0.455000009,-0.007571359,0.1331228,0.01664035,TRUE
7397,1000_radii_1,1000,L,0,20,152.0670712,0,-346.3247986,874.440979,309.4364624,-0.013,-1.170000024,-0.455000009,-0.007610502,0.133811029,0.016726379,TRUE
7398,1000_radii_1,1000,L,0,20,152.0838673,0,-346.4287109,874.5264282,309.4288063,-0.013,-1.170000024,-0.455000009,-0.007652392,0.134547554,0.016818444,TRUE
7399,1000_radii_1,1000,L,0,20,152.1003562,0,-346.5306396,874.6102295,309.4213066,-0.013,-1.170000024,-0.455000009,-0.007505297,0.131961262,0.016495158,TRUE
7400,1000_radii_1,1000,L,0,20,152.1169745,0,-346.6333008,874.6946411,309.4137421,-0.013,-1.170000024,-0.455000009,-0.007558449,0.132895805,0.016611976,TRUE
7401,1000_radii_1,1000,L,0,20,152.1336707,0,-346.7365723,874.77948,309.406147,-0.013,-1.170000024,-0.455000009,-0.007601438,0.133651649,0.016706456,TRUE
7402,1000_radii_1,1000,L,0,20,152.1503358,0,-346.8395996,874.8641357,309.3985596,-0.013,-1.170000024,-0.455000009,-0.007582896,0.133325646,0.016665706,TRUE
7403,1000_radii_1,1000,L,0,20,152.1670854,0,-346.942688,874.9487915,309.3909798,-0.013,-1.170000024,-0.455000009,-0.007587978,0.133414995,0.016676874,TRUE
7404,1000_radii_1,1000,L,0,20,152.1837632,0,-347.0460815,875.0336914,309.3833656,-0.013,-1.170000024,-0.455000009,-0.007608854,0.133782051,0.016722756,TRUE
7405,1000_radii_1,1000,L,0,20,152.2003682,0,-347.1489258,875.118103,309.3757935,-0.013,-1.170000024,-0.455000009,-0.007567926,0.133062429,0.016632804,TRUE
7406,1000_radii_1,1000,L,0,20,152.2169681,0,-347.2515869,875.2023315,309.3682442,-0.013,-1.170000024,-0.455000009,-0.007553642,0.132811286,0.016601411,TRUE
7407,1000_radii_1,1000,L,0,20,152.2336972,0,-347.3548584,875.2870483,309.3606453,-0.013,-1.170000024,-0.455000009,-0.007596493,0.133564715,0.016695589,TRUE
7408,1000_radii_1,1000,L,0,20,152.2503122,0,-347.4574585,875.3712158,309.3530998,-0.013,-1.170000024,-0.455000009,-0.007547324,0.132700203,0.016587525,TRUE
7409,1000_radii_1,1000,L,0,20,152.2670528,0,-347.5609131,875.4560547,309.3454895,-0.013,-1.170000024,-0.455000009,-0.007608992,0.133784465,0.016723058,TRUE
7410,1000_radii_1,1000,L,0,20,152.283733,0,-347.6641235,875.5406494,309.3379021,-0.013,-1.170000024,-0.455000009,-0.007589901,0.133448803,0.0166811,TRUE
7411,1000_radii_1,1000,L,0,20,152.3003978,0,-347.7675781,875.6254272,309.3302917,-0.013,-1.170000024,-0.455000009,-0.007608717,0.133779636,0.016722454,TRUE
7412,1000_radii_1,1000,L,0,20,152.3170275,0,-347.8700867,875.7094116,309.3227577,-0.013,-1.170000024,-0.455000009,-0.007536611,0.132511846,0.016563981,TRUE
7413,1000_radii_1,1000,L,0,20,152.3337723,0,-347.9739075,875.7944336,309.3151207,-0.013,-1.170000024,-0.455000009,-0.007633302,0.134211892,0.016776486,TRUE
7414,1000_radii_1,1000,L,0,20,152.3503339,0,-348.0765381,875.878479,309.3075829,-0.013,-1.170000024,-0.455000009,-0.007544715,0.132654321,0.01658179,TRUE
7415,1000_radii_1,1000,L,0,20,152.3671798,0,-348.1809082,875.9639282,309.2999077,-0.013,-1.170000024,-0.455000009,-0.00767162,0.134885632,0.016860704,TRUE
7416,1000_radii_1,1000,L,0,20,152.3837821,0,-348.2837524,876.0480957,309.2923431,-0.013,-1.170000024,-0.455000009,-0.007558449,0.132895805,0.016611976,TRUE
7417,1000_radii_1,1000,L,0,20,152.4004282,0,-348.3865356,876.1322021,309.2847939,-0.013,-1.170000024,-0.455000009,-0.007554466,0.132825775,0.016603222,TRUE
7418,1000_radii_1,1000,L,0,20,152.4170043,0,-348.4894409,876.2163696,309.2772293,-0.013,-1.170000024,-0.455000009,-0.007560509,0.132932027,0.016616503,TRUE
7419,1000_radii_1,1000,L,0,20,152.4337165,0,-348.592926,876.3010254,309.2696304,-0.013,-1.170000024,-0.455000009,-0.007603773,0.133692702,0.016711588,TRUE
7420,1000_radii_1,1000,L,0,20,152.450371,0,-348.6957703,876.3851318,309.2620697,-0.013,-1.170000024,-0.455000009,-0.007555153,0.132837849,0.016604731,TRUE
7421,1000_radii_1,1000,L,0,20,152.4670545,0,-348.799408,876.4698486,309.2544556,-0.013,-1.170000024,-0.455000009,-0.007613387,0.13386174,0.016732718,TRUE
7422,1000_radii_1,1000,L,0,20,152.4836894,0,-348.9024658,876.5540771,309.246891,-0.013,-1.170000024,-0.455000009,-0.007570123,0.133101066,0.016637633,TRUE
7423,1000_radii_1,1000,L,0,20,152.5003089,0,-349.005188,876.6380005,309.2393417,-0.013,-1.170000024,-0.455000009,-0.007544165,0.132644662,0.016580583,TRUE
7424,1000_radii_1,1000,L,0,20,152.5170885,0,-349.109436,876.7231445,309.231102,-0.014,-1.260000039,-0.490000015,-0.008244588,0.13460551,0.016825689,TRUE
7425,1000_radii_1,1000,L,0,20,152.5336482,0,-349.2120667,876.8069458,309.2229843,-0.014,-1.260000039,-0.490000015,-0.008115611,0.132499771,0.016562471,TRUE
7426,1000_radii_1,1000,L,0,20,152.5502958,0,-349.3150635,876.8909912,309.2148399,-0.014,-1.260000039,-0.490000015,-0.008142826,0.132944102,0.016618013,TRUE
7427,1000_radii_1,1000,L,0,20,152.5670696,0,-349.41922,876.9759521,309.206028,-0.015,-1.34999997,-0.524999988,-0.008820967,0.134414738,0.016801842,TRUE
7428,1000_radii_1,1000,L,0,20,152.5837298,0,-349.5220642,877.0598755,309.1973076,-0.015,-1.34999997,-0.524999988,-0.008709877,0.132721936,0.016590242,TRUE
7429,1000_radii_1,1000,L,0,20,152.600375,0,-349.6257019,877.1444092,309.1885338,-0.015,-1.34999997,-0.524999988,-0.008775485,0.13372168,0.01671521,TRUE
7430,1000_radii_1,1000,L,0,20,152.6170658,0,-349.729126,877.2286987,309.1797752,-0.015,-1.34999997,-0.524999988,-0.008757261,0.133443973,0.016680497,TRUE
7431,1000_radii_1,1000,L,0,20,152.6336714,0,-349.8316956,877.3123169,309.1710968,-0.015,-1.34999997,-0.524999988,-0.008683887,0.132325903,0.016540738,TRUE
7432,1000_radii_1,1000,L,0,20,152.65037,0,-349.9356384,877.3970337,309.1622925,-0.015,-1.34999997,-0.524999988,-0.008799732,0.13409115,0.016761394,TRUE
7433,1000_radii_1,1000,L,0,20,152.6670028,0,-350.0388184,877.4810791,309.1535606,-0.015,-1.34999997,-0.524999988,-0.008733965,0.133088992,0.016636124,TRUE
7434,1000_radii_1,1000,L,0,20,152.6836888,0,-350.1420898,877.5651855,309.1448174,-0.015,-1.34999997,-0.524999988,-0.008739987,0.133180756,0.016647594,TRUE
7435,1000_radii_1,1000,L,0,20,152.7003825,0,-350.2459412,877.6497192,309.1354485,-0.016000001,-1.440000068,-0.560000027,-0.009373027,0.133900378,0.016737547,TRUE
7436,1000_radii_1,1000,L,0,20,152.7169673,0,-350.348877,877.7334595,309.1261597,-0.016000001,-1.440000068,-0.560000027,-0.009290536,0.132721936,0.016590242,TRUE
7437,1000_radii_1,1000,L,0,20,152.73371,0,-350.4525757,877.8178101,309.1167984,-0.016000001,-1.440000068,-0.560000027,-0.009356292,0.133661309,0.016707664,TRUE
7438,1000_radii_1,1000,L,0,20,152.7502991,0,-350.5557556,877.9017334,309.1074905,-0.016000001,-1.440000068,-0.560000027,-0.009308792,0.132982739,0.016622842,TRUE
7439,1000_radii_1,1000,L,0,20,152.7669826,0,-350.6593323,877.9859009,309.0981522,-0.016000001,-1.440000068,-0.560000027,-0.009343276,0.133475366,0.016684421,TRUE
7440,1000_radii_1,1000,L,0,20,152.7836721,0,-350.7627563,878.0699463,309.0888176,-0.016000001,-1.440000068,-0.560000027,-0.009327555,0.133250786,0.016656348,TRUE
7441,1000_radii_1,1000,L,0,20,152.8003182,0,-350.866333,878.1540527,309.0788994,-0.017000001,-1.530000083,-0.595000032,-0.009923818,0.133429484,0.016678686,TRUE
7442,1000_radii_1,1000,L,0,20,152.8169984,0,-350.969574,878.237854,309.0690041,-0.017000001,-1.530000083,-0.595000032,-0.009890233,0.132977909,0.016622239,TRUE
7443,1000_radii_1,1000,L,0,20,152.8336723,0,-351.0734863,878.3222046,309.0590515,-0.017000001,-1.530000083,-0.595000032,-0.009954531,0.133842422,0.016730303,TRUE
7444,1000_radii_1,1000,L,0,20,152.8502894,0,-351.1766663,878.4059448,309.0491676,-0.017000001,-1.530000083,-0.595000032,-0.009882869,0.132878901,0.016609863,TRUE
7445,1000_radii_1,1000,L,0,20,152.8670016,0,-351.2802429,878.4899902,309.0392494,-0.017000001,-1.530000083,-0.595000032,-0.009920226,0.133381187,0.016672648,TRUE
7446,1000_radii_1,1000,L,0,20,152.88366,0,-351.3838806,878.5740356,309.0293274,-0.017000001,-1.530000083,-0.595000032,-0.009923459,0.133424654,0.016678082,TRUE
7447,1000_radii_1,1000,L,0,20,152.9002874,0,-351.4873352,878.6578979,309.0194206,-0.017000001,-1.530000083,-0.595000032,-0.009905499,0.133183171,0.016647896,TRUE
7448,1000_radii_1,1000,L,0,20,152.9169951,0,-351.5912476,878.7420654,309.0094757,-0.017000001,-1.530000083,-0.595000032,-0.009946448,0.133733754,0.016716719,TRUE
7449,1000_radii_1,1000,L,0,20,152.9337169,0,-351.6951294,878.8262329,308.9989471,-0.017999999,-1.61999993,-0.629999973,-0.0105283,0.133692702,0.016711588,TRUE
7450,1000_radii_1,1000,L,0,20,152.9504194,0,-351.7988281,878.9102173,308.9878578,-0.018999999,-1.709999945,-0.664999979,-0.011091125,0.133427069,0.016678384,TRUE
7451,1000_radii_1,1000,L,0,20,152.9669922,0,-351.9020386,878.9937744,308.9768181,-0.018999999,-1.709999945,-0.664999979,-0.011036726,0.132772648,0.016596581,TRUE
7452,1000_radii_1,1000,L,0,20,152.9837219,0,-352.006134,879.0780029,308.9656868,-0.018999999,-1.709999945,-0.664999979,-0.011131673,0.133914867,0.016739358,TRUE
7453,1000_radii_1,1000,L,0,20,153.0004341,0,-352.1100464,879.1620483,308.9539948,-0.02,-1.79999996,-0.699999984,-0.011694942,0.133656479,0.01670706,TRUE
7454,1000_radii_1,1000,L,0,20,153.0170584,0,-352.213501,879.2456665,308.9417725,-0.021,-1.889999975,-0.73499999,-0.012222004,0.133028621,0.016628578,TRUE
7455,1000_radii_1,1000,L,0,20,153.0336861,0,-352.3168945,879.3292236,308.929554,-0.021,-1.889999975,-0.73499999,-0.012214239,0.132944102,0.016618013,TRUE
7456,1000_radii_1,1000,L,0,20,153.0503533,0,-352.4206848,879.4130859,308.9167137,-0.022,-1.979999989,-0.769999996,-0.012841426,0.13341741,0.016677176,TRUE
7457,1000_radii_1,1000,L,0,20,153.0670655,0,-352.5246887,879.4970703,308.9032631,-0.023,-2.070000004,-0.805000002,-0.013452585,0.133690287,0.016711286,TRUE
7458,1000_radii_1,1000,L,0,20,153.083772,0,-352.628418,879.5807495,308.8898468,-0.023,-2.070000004,-0.805000002,-0.013411519,0.133282179,0.016660272,TRUE
7459,1000_radii_1,1000,L,0,20,153.1004926,0,-352.7327881,879.664917,308.8757668,-0.024,-2.160000019,-0.840000007,-0.014081092,0.134105639,0.016763205,TRUE
7460,1000_radii_1,1000,L,0,20,153.117107,0,-352.8355103,879.7477417,308.8619156,-0.024,-2.160000019,-0.840000007,-0.013853144,0.131934699,0.016491837,TRUE
7461,1000_radii_1,1000,L,0,20,153.1337446,0,-352.9395447,879.831543,308.8478851,-0.024,-2.160000019,-0.840000007,-0.014028352,0.133603353,0.016700419,TRUE
7462,1000_radii_1,1000,L,0,20,153.1503578,0,-353.0429382,879.9147949,308.83395,-0.024,-2.160000019,-0.840000007,-0.013937832,0.132741255,0.016592657,TRUE
7463,1000_radii_1,1000,L,0,20,153.1670507,0,-353.1474609,879.9989624,308.8198624,-0.024,-2.160000019,-0.840000007,-0.01408946,0.134185329,0.016773166,TRUE
7464,1000_radii_1,1000,L,0,20,153.1836427,0,-353.2506104,880.0819702,308.8059578,-0.024,-2.160000019,-0.840000007,-0.013902841,0.132408007,0.016551001,TRUE
7465,1000_radii_1,1000,L,0,20,153.2003444,0,-353.355011,880.1658936,308.791893,-0.024,-2.160000019,-0.840000007,-0.014065118,0.133953504,0.016744188,TRUE
7466,1000_radii_1,1000,L,0,20,153.2170016,0,-353.458374,880.2489624,308.7779655,-0.024,-2.160000019,-0.840000007,-0.013926168,0.132630173,0.016578772,TRUE
7467,1000_radii_1,1000,L,0,20,153.2337253,0,-353.5626831,880.3327637,308.7639122,-0.024,-2.160000019,-0.840000007,-0.014050665,0.133815858,0.016726982,TRUE
7468,1000_radii_1,1000,L,0,20,153.2502962,0,-353.6664734,880.4161377,308.749939,-0.024,-2.160000019,-0.840000007,-0.013977641,0.133120385,0.016640048,TRUE
7469,1000_radii_1,1000,L,0,20,153.2670162,0,-353.7708435,880.4998779,308.7358894,-0.024,-2.160000019,-0.840000007,-0.014049905,0.133808614,0.016726077,TRUE
7470,1000_radii_1,1000,L,0,20,153.2837142,0,-353.8746338,880.5831299,308.7219162,-0.024,-2.160000019,-0.840000007,-0.013973076,0.133076918,0.016634615,TRUE
7471,1000_radii_1,1000,L,0,20,153.3003733,0,-353.9788208,880.666687,308.7078934,-0.024,-2.160000019,-0.840000007,-0.014020492,0.133528493,0.016691062,TRUE
7472,1000_radii_1,1000,L,0,20,153.3169977,0,-354.0823059,880.7496338,308.6939659,-0.024,-2.160000019,-0.840000007,-0.013925661,0.132625343,0.016578168,TRUE
7473,1000_radii_1,1000,L,0,20,153.3336495,0,-354.1867981,880.833313,308.6799126,-0.024,-2.160000019,-0.840000007,-0.014055736,0.133864155,0.016733019,TRUE
7474,1000_radii_1,1000,L,0,20,153.3503457,0,-354.290863,880.916626,308.6659126,-0.024,-2.160000019,-0.840000007,-0.013998686,0.133320816,0.016665102,TRUE
7475,1000_radii_1,1000,L,0,20,153.3670056,0,-354.3950195,880.999939,308.6519089,-0.024,-2.160000019,-0.840000007,-0.014005278,0.133383602,0.01667295,TRUE
7476,1000_radii_1,1000,L,0,20,153.3837362,0,-354.4996033,881.0835571,308.6378441,-0.024,-2.160000019,-0.840000007,-0.0140603,0.133907622,0.016738453,TRUE
7477,1000_radii_1,1000,L,0,20,153.4003232,0,-354.6029358,881.1661377,308.6239548,-0.024,-2.160000019,-0.840000007,-0.013891938,0.132304169,0.016538021,TRUE
7478,1000_radii_1,1000,L,0,20,153.4170175,0,-354.707428,881.2496338,308.6099129,-0.024,-2.160000019,-0.840000007,-0.014041537,0.133728924,0.016716116,TRUE
7479,1000_radii_1,1000,L,0,20,153.4337267,0,-354.8120728,881.3331909,308.5958557,-0.024,-2.160000019,-0.840000007,-0.014059286,0.133897963,0.016737245,TRUE
7480,1000_radii_1,1000,L,0,20,153.4502623,0,-354.9155273,881.4157715,308.581955,-0.024,-2.160000019,-0.840000007,-0.013899291,0.1323742,0.016546775,TRUE
7481,1000_radii_1,1000,L,0,20,153.4670455,0,-355.0202942,881.4993286,308.5678825,-0.024,-2.160000019,-0.840000007,-0.01407095,0.134009045,0.016751131,TRUE
7482,1000_radii_1,1000,L,0,20,153.4836568,0,-355.1243286,881.5822754,308.5539169,-0.024,-2.160000019,-0.840000007,-0.013970541,0.133052769,0.016631596,TRUE
7483,1000_radii_1,1000,L,0,20,153.5003053,0,-355.2285461,881.6653442,308.5399246,-0.024,-2.160000019,-0.840000007,-0.013993108,0.13326769,0.016658461,TRUE
7484,1000_radii_1,1000,L,0,20,153.5170308,0,-355.3327332,881.7483521,308.5259399,-0.024,-2.160000019,-0.840000007,-0.013984994,0.133190415,0.016648802,TRUE
7485,1000_radii_1,1000,L,0,20,153.5336702,0,-355.4373169,881.831604,308.5119019,-0.024,-2.160000019,-0.840000007,-0.014034945,0.133666138,0.016708267,TRUE
7486,1000_radii_1,1000,L,0,20,153.5502861,0,-355.5408936,881.9140015,308.4980049,-0.024,-2.160000019,-0.840000007,-0.01389853,0.132366955,0.016545869,TRUE
7487,1000_radii_1,1000,L,0,20,153.5670539,0,-355.6459351,881.9975586,308.4845009,-0.023,-2.070000004,-0.805000002,-0.0135041,0.134202232,0.016775279,TRUE
7488,1000_radii_1,1000,L,0,20,153.5836749,0,-355.7504578,882.0806274,308.4710655,-0.023,-2.070000004,-0.805000002,-0.013436305,0.133528493,0.016691062,TRUE
7489,1000_radii_1,1000,L,0,20,153.6003322,0,-355.8543701,882.163208,308.4577065,-0.023,-2.070000004,-0.805000002,-0.013355874,0.132729181,0.016591148,TRUE
7490,1000_radii_1,1000,L,0,20,153.6170069,0,-355.9590759,882.2463379,308.444252,-0.023,-2.070000004,-0.805000002,-0.013453314,0.133697531,0.016712191,TRUE
7491,1000_radii_1,1000,L,0,20,153.6337336,0,-356.0638733,882.3295288,308.4313774,-0.022,-1.979999989,-0.769999996,-0.012877452,0.13379171,0.016723964,TRUE
7492,1000_radii_1,1000,L,0,20,153.6503411,0,-356.1679688,882.4121094,308.4185867,-0.022,-1.979999989,-0.769999996,-0.012789362,0.132876486,0.016609561,TRUE
7493,1000_radii_1,1000,L,0,20,153.66696,0,-356.2723083,882.494873,308.4057655,-0.022,-1.979999989,-0.769999996,-0.01281795,0.133173511,0.016646689,TRUE
7494,1000_radii_1,1000,L,0,20,153.6837256,0,-356.3773804,882.578186,308.3928642,-0.022,-1.979999989,-0.769999996,-0.012904646,0.134074246,0.016759281,TRUE
7495,1000_radii_1,1000,L,0,20,153.700416,0,-356.4816895,882.6608276,308.3806343,-0.021,-1.889999975,-0.73499999,-0.012227773,0.133091407,0.016636426,TRUE
7496,1000_radii_1,1000,L,0,20,153.7170021,0,-356.5855713,882.743103,308.3684692,-0.021,-1.889999975,-0.73499999,-0.012174082,0.132507016,0.016563377,TRUE
7497,1000_radii_1,1000,L,0,20,153.7336454,0,-356.6901245,882.8258667,308.3562126,-0.021,-1.889999975,-0.73499999,-0.01225129,0.13334738,0.016668422,TRUE
7498,1000_radii_1,1000,L,0,20,153.7503972,0,-356.7955933,882.9093018,308.3444443,-0.02,-1.79999996,-0.699999984,-0.011768262,0.134494428,0.016811803,TRUE
7499,1000_radii_1,1000,L,0,20,153.766975,0,-356.899231,882.991272,308.3328781,-0.02,-1.79999996,-0.699999984,-0.011562669,0.13214479,0.016518099,TRUE
7500,1000_radii_1,1000,L,0,20,153.7836661,0,-357.0043335,883.0744019,308.321743,-0.018999999,-1.709999945,-0.664999979,-0.011138699,0.133999386,0.016749923,TRUE
7501,1000_radii_1,1000,L,0,20,153.8003505,0,-357.1090393,883.1571655,308.3118172,-0.017000001,-1.530000083,-0.595000032,-0.009926692,0.133468122,0.016683515,TRUE
7502,1000_radii_1,1000,L,0,20,153.8170174,0,-357.2136536,883.2398071,308.3024826,-0.016000001,-1.440000068,-0.560000027,-0.009333979,0.13334255,0.016667819,TRUE
7503,1000_radii_1,1000,L,0,20,153.833684,0,-357.3182983,883.3224487,308.2937279,-0.015,-1.34999997,-0.524999988,-0.008750288,0.13333772,0.016667215,TRUE
7504,1000_radii_1,1000,L,0,20,153.8503857,0,-357.4227905,883.4049683,308.2861595,-0.013,-1.170000024,-0.455000009,-0.007572183,0.133137289,0.016642161,TRUE
7505,1000_radii_1,1000,L,0,20,153.8669792,0,-357.5273743,883.4874878,308.2791634,-0.012,-1.080000009,-0.420000004,-0.006994145,0.133221808,0.016652726,TRUE
7506,1000_radii_1,1000,L,0,20,153.8837412,0,-357.6326294,883.5705566,308.2727089,-0.011,-0.989999995,-0.384999998,-0.006453137,0.13409115,0.016761394,TRUE
7507,1000_radii_1,1000,L,0,20,153.9003375,0,-357.7364502,883.6524658,308.2669258,-0.01,-0.89999998,-0.349999992,-0.005785243,0.132234139,0.016529267,TRUE
7508,1000_radii_1,1000,L,0,20,153.9169613,0,-357.8412476,883.7351074,308.2610893,-0.01,-0.89999998,-0.349999992,-0.005839019,0.133463292,0.016682911,TRUE
7509,1000_radii_1,1000,L,0,20,153.9337211,0,-357.9463806,883.8180542,308.2558136,-0.009,-0.809999965,-0.314999986,-0.005272803,0.133912452,0.016739056,TRUE
7510,1000_radii_1,1000,L,0,20,153.9503829,0,-358.0512085,883.9006958,308.2505569,-0.009,-0.809999965,-0.314999986,-0.005256638,0.133501929,0.016687741,TRUE
7511,1000_radii_1,1000,L,0,20,153.9669342,0,-358.1552124,883.982666,308.2453423,-0.009,-0.809999965,-0.314999986,-0.005214801,0.1324394,0.016554925,TRUE
7512,1000_radii_1,1000,L,0,20,153.9836141,0,-358.259613,884.0649414,308.2401047,-0.009,-0.809999965,-0.314999986,-0.005233628,0.132917538,0.016614692,TRUE
7513,1000_radii_1,1000,L,0,20,154.0002985,0,-358.3648376,884.1478882,308.2348366,-0.009,-0.809999965,-0.314999986,-0.005275085,0.133970408,0.016746301,TRUE
7514,1000_radii_1,1000,L,0,20,154.0169721,0,-358.469635,884.2304688,308.2295837,-0.009,-0.809999965,-0.314999986,-0.00525331,0.13341741,0.016677176,TRUE
7515,1000_radii_1,1000,L,0,20,154.0336583,0,-358.5742188,884.3128662,308.2243347,-0.009,-0.809999965,-0.314999986,-0.00524209,0.133132459,0.016641557,TRUE
7516,1000_radii_1,1000,L,0,20,154.0503403,0,-358.6792908,884.3956299,308.2190742,-0.009,-0.809999965,-0.314999986,-0.005265861,0.133736169,0.016717021,TRUE
7517,1000_radii_1,1000,L,0,20,154.0669786,0,-358.7833252,884.4775391,308.2138557,-0.009,-0.809999965,-0.314999986,-0.005214136,0.132422497,0.016552812,TRUE
7518,1000_radii_1,1000,L,0,20,154.0836259,0,-358.8882446,884.5601196,308.2086029,-0.009,-0.809999965,-0.314999986,-0.005257874,0.133533322,0.016691665,TRUE
7519,1000_radii_1,1000,L,0,20,154.100351,0,-358.9934998,884.6430054,308.2033272,-0.009,-0.809999965,-0.314999986,-0.005274894,0.133965578,0.016745697,TRUE
7520,1000_radii_1,1000,L,0,20,154.1169959,0,-359.0982361,884.7254639,308.1980743,-0.009,-0.809999965,-0.314999986,-0.005248271,0.133289424,0.016661178,TRUE
7521,1000_radii_1,1000,L,0,20,154.1335717,0,-359.2025452,884.8075562,308.192852,-0.009,-0.809999965,-0.314999986,-0.005225546,0.132712277,0.016589035,TRUE
7522,1000_radii_1,1000,L,0,20,154.1503201,0,-359.307312,884.8900146,308.187603,-0.009,-0.809999965,-0.314999986,-0.005249507,0.133320816,0.016665102,TRUE
7523,1000_radii_1,1000,L,0,20,154.1670208,0,-359.4128113,884.9730225,308.1823196,-0.009,-0.809999965,-0.314999986,-0.005285354,0.134231211,0.016778901,TRUE
7524,1000_radii_1,1000,L,0,20,154.1836427,0,-359.5173645,885.0552368,308.1770782,-0.009,-0.809999965,-0.314999986,-0.005237051,0.133004473,0.016625559,TRUE
7525,1000_radii_1,1000,L,0,20,154.2003093,0,-359.6218262,885.1373901,308.1718483,-0.009,-0.809999965,-0.314999986,-0.005232392,0.132886145,0.016610768,TRUE
7526,1000_radii_1,1000,L,0,20,154.2169068,0,-359.7265015,885.2196655,308.1666069,-0.009,-0.809999965,-0.314999986,-0.005243326,0.133163852,0.016645481,TRUE
7527,1000_radii_1,1000,L,0,20,154.233613,0,-359.8316345,885.3023071,308.1613426,-0.009,-0.809999965,-0.314999986,-0.00526453,0.133702361,0.016712795,TRUE
7528,1000_radii_1,1000,L,0,20,154.2502657,0,-359.9360046,885.3843384,308.1561127,-0.009,-0.809999965,-0.314999986,-0.005226782,0.13274367,0.016592959,TRUE
7529,1000_radii_1,1000,L,0,20,154.2669441,0,-360.0411072,885.4669189,308.150856,-0.009,-0.809999965,-0.314999986,-0.005263484,0.133675798,0.016709475,TRUE
7530,1000_radii_1,1000,L,0,20,154.2835926,0,-360.1459961,885.5493164,308.1455956,-0.009,-0.809999965,-0.314999986,-0.005251218,0.133364284,0.016670535,TRUE
7531,1000_radii_1,1000,L,0,20,154.3002387,0,-360.2507935,885.6315918,308.1403542,-0.009,-0.809999965,-0.314999986,-0.005246369,0.133241127,0.016655141,TRUE
7532,1000_radii_1,1000,L,0,20,154.3169361,0,-360.3556519,885.7139282,308.1351089,-0.009,-0.809999965,-0.314999986,-0.005248936,0.133306327,0.016663291,TRUE
7533,1000_radii_1,1000,L,0,20,154.3336456,0,-360.460968,885.7966309,308.1298332,-0.009,-0.809999965,-0.314999986,-0.005271566,0.133881059,0.016735132,TRUE
7534,1000_radii_1,1000,L,0,20,154.350326,0,-360.565979,885.8790894,308.1245728,-0.009,-0.809999965,-0.314999986,-0.005256733,0.133504344,0.016688043,TRUE
7535,1000_radii_1,1000,L,0,20,154.3670231,0,-360.6706848,885.9612427,308.1193352,-0.009,-0.809999965,-0.314999986,-0.005240474,0.133091407,0.016636426,TRUE
7536,1000_radii_1,1000,L,0,20,154.3837341,0,-360.776001,886.0438843,308.1140594,-0.009,-0.809999965,-0.314999986,-0.005270425,0.133852081,0.01673151,TRUE
7537,1000_radii_1,1000,L,0,20,154.4002875,0,-360.8804016,886.1257935,308.1088409,-0.009,-0.809999965,-0.314999986,-0.005224975,0.132697788,0.016587224,TRUE
7538,1000_radii_1,1000,L,0,20,154.4169843,0,-360.9855042,886.208252,308.1035805,-0.009,-0.809999965,-0.314999986,-0.005260251,0.133593693,0.016699212,TRUE
7539,1000_radii_1,1000,L,0,20,154.4335984,0,-361.0899048,886.2901001,308.0983543,-0.009,-0.809999965,-0.314999986,-0.005223929,0.132671225,0.016583903,TRUE
7540,1000_radii_1,1000,L,0,20,154.4502889,0,-361.1951904,886.3726196,308.0930862,-0.009,-0.809999965,-0.314999986,-0.005267953,0.133789295,0.016723662,TRUE
7541,1000_radii_1,1000,L,0,20,154.4669202,0,-361.2998657,886.4546509,308.0878487,-0.009,-0.809999965,-0.314999986,-0.00523648,0.132989984,0.016623748,TRUE
7542,1000_radii_1,1000,L,0,20,154.4835922,0,-361.4044495,886.5366211,308.0826225,-0.009,-0.809999965,-0.314999986,-0.005232487,0.13288856,0.01661107,TRUE
7543,1000_radii_1,1000,L,0,20,154.5002552,0,-361.5097656,886.6191406,308.0773506,-0.009,-0.809999965,-0.314999986,-0.005268334,0.133798954,0.016724869,TRUE
7544,1000_radii_1,1000,L,0,20,154.5170015,0,-361.6150818,886.7016602,308.0714951,-0.01,-0.89999998,-0.349999992,-0.005853493,0.133794125,0.016724266,TRUE
7545,1000_radii_1,1000,L,0,20,154.5335764,0,-361.7196045,886.7835083,308.0656853,-0.01,-0.89999998,-0.349999992,-0.005808909,0.132775063,0.016596883,TRUE
7546,1000_radii_1,1000,L,0,20,154.5502575,0,-361.8246765,886.8657837,308.0598488,-0.01,-0.89999998,-0.349999992,-0.005838491,0.133451218,0.016681402,TRUE
7547,1000_radii_1,1000,L,0,20,154.5669274,0,-361.9294434,886.9478149,308.0540276,-0.01,-0.89999998,-0.349999992,-0.005821587,0.133064844,0.016633105,TRUE
7548,1000_radii_1,1000,L,0,20,154.5836604,0,-362.0349121,887.0303955,308.0481682,-0.01,-0.89999998,-0.349999992,-0.005860149,0.13394626,0.016743282,TRUE
7549,1000_radii_1,1000,L,0,20,154.6002902,0,-362.1398926,887.1125488,308.0423355,-0.01,-0.89999998,-0.349999992,-0.00583268,0.133318402,0.0166648,TRUE
7550,1000_radii_1,1000,L,0,20,154.6169188,0,-362.2446594,887.194519,308.0365105,-0.01,-0.89999998,-0.349999992,-0.005819685,0.133021376,0.016627672,TRUE
7551,1000_radii_1,1000,L,0,20,154.6336026,0,-362.3496094,887.2766113,308.0306892,-0.01,-0.89999998,-0.349999992,-0.005829616,0.133248371,0.016656046,TRUE
7552,1000_radii_1,1000,L,0,20,154.6502339,0,-362.4545898,887.3587036,308.0248566,-0.01,-0.89999998,-0.349999992,-0.005830884,0.133277349,0.016659669,TRUE
7553,1000_radii_1,1000,L,0,20,154.6669633,0,-362.5599365,887.4411011,308.019001,-0.01,-0.89999998,-0.349999992,-0.005851063,0.133738583,0.016717323,TRUE
7554,1000_radii_1,1000,L,0,20,154.6835919,0,-362.6643982,887.5227661,308.0131989,-0.01,-0.89999998,-0.349999992,-0.005801725,0.132610854,0.016576357,TRUE
7555,1000_radii_1,1000,L,0,20,154.7002606,0,-362.7696533,887.6050415,308.0073547,-0.01,-0.89999998,-0.349999992,-0.005845463,0.133610597,0.016701325,TRUE
7556,1000_radii_1,1000,L,0,20,154.7169209,0,-362.8748169,887.6872559,308.0015144,-0.01,-0.89999998,-0.349999992,-0.005839336,0.133470536,0.016683817,TRUE
7557,1000_radii_1,1000,L,0,20,154.7335316,0,-362.9795837,887.769104,307.995697,-0.01,-0.89999998,-0.349999992,-0.005817361,0.13296825,0.016621031,TRUE
7558,1000_radii_1,1000,L,0,20,154.7502354,0,-363.0846863,887.8511963,307.9898605,-0.01,-0.89999998,-0.349999992,-0.005834159,0.133352209,0.016669026,TRUE
7559,1000_radii_1,1000,L,0,20,154.7669627,0,-363.1903687,887.9337158,307.9834137,-0.011,-0.989999995,-0.384999998,-0.006452439,0.134076661,0.016759583,TRUE
7560,1000_radii_1,1000,L,0,20,154.7836102,0,-363.2950439,888.0154419,307.9770164,-0.011,-0.989999995,-0.384999998,-0.006391543,0.132811286,0.016601411,TRUE
7561,1000_radii_1,1000,L,0,20,154.8003046,0,-363.4006042,888.0978394,307.969986,-0.012,-1.080000009,-0.420000004,-0.007031291,0.133929356,0.016741169,TRUE
7562,1000_radii_1,1000,L,0,20,154.8169441,0,-363.5053406,888.1795654,307.9630127,-0.012,-1.080000009,-0.420000004,-0.006975255,0.132861997,0.01660775,TRUE
7563,1000_radii_1,1000,L,0,20,154.8335826,0,-363.6104431,888.2615356,307.9560165,-0.012,-1.080000009,-0.420000004,-0.006998075,0.133296668,0.016662084,TRUE
7564,1000_radii_1,1000,L,0,20,154.8502399,0,-363.7155762,888.3435669,307.9490128,-0.012,-1.080000009,-0.420000004,-0.006999723,0.133328061,0.016666008,TRUE
7565,1000_radii_1,1000,L,0,20,154.8670399,0,-363.8210754,888.4258423,307.9419899,-0.012,-1.080000009,-0.420000004,-0.007024445,0.133798954,0.016724869,TRUE
7566,1000_radii_1,1000,L,0,20,154.8836102,0,-363.9259033,888.5075684,307.9350166,-0.012,-1.080000009,-0.420000004,-0.006977537,0.132905464,0.016613183,TRUE
7567,1000_radii_1,1000,L,0,20,154.9002159,0,-364.0308228,888.5893555,307.9280319,-0.012,-1.080000009,-0.420000004,-0.00698451,0.13303828,0.016629785,TRUE
7568,1000_radii_1,1000,L,0,20,154.9169271,0,-364.136322,888.6715698,307.9210052,-0.012,-1.080000009,-0.420000004,-0.007022543,0.133762732,0.016720341,TRUE
7569,1000_radii_1,1000,L,0,20,154.9336493,0,-364.241394,888.753418,307.9140167,-0.012,-1.080000009,-0.420000004,-0.00699275,0.133195245,0.016649406,TRUE
7570,1000_radii_1,1000,L,0,20,154.9504363,0,-364.3477173,888.8362427,307.9069405,-0.012,-1.080000009,-0.420000004,-0.007075791,0.134776964,0.016847121,TRUE
7571,1000_radii_1,1000,L,0,20,154.9669246,0,-364.4518127,888.9172974,307.9000092,-0.012,-1.080000009,-0.420000004,-0.006925558,0.13191538,0.016489423,TRUE
7572,1000_radii_1,1000,L,0,20,154.9835767,0,-364.5565186,888.9987793,307.8930473,-0.012,-1.080000009,-0.420000004,-0.006966127,0.132688129,0.016586016,TRUE
7573,1000_radii_1,1000,L,0,20,155.0003176,0,-364.6626587,889.0814209,307.8859863,-0.012,-1.080000009,-0.420000004,-0.007061845,0.134511332,0.016813916,TRUE
7574,1000_radii_1,1000,L,0,20,155.0169528,0,-364.7671814,889.1627197,307.8790359,-0.012,-1.080000009,-0.420000004,-0.006952054,0.132420082,0.01655251,TRUE
7575,1000_radii_1,1000,L,0,20,155.0335768,0,-364.8722229,889.2444458,307.8720436,-0.012,-1.080000009,-0.420000004,-0.006986285,0.133072088,0.016634011,TRUE
7576,1000_radii_1,1000,L,0,20,155.0504801,0,-364.9792175,889.3276367,307.8649292,-0.012,-1.080000009,-0.420000004,-0.00711636,0.135549712,0.016943714,TRUE
7577,1000_radii_1,1000,L,0,20,155.0671877,0,-365.0848389,889.409729,307.8579102,-0.012,-1.080000009,-0.420000004,-0.007023177,0.133774806,0.016721851,TRUE
7578,1000_radii_1,1000,L,0,20,155.0835694,0,-365.1884155,889.4902344,307.8510208,-0.012,-1.080000009,-0.420000004,-0.006888158,0.131203003,0.016400375,TRUE
7579,1000_radii_1,1000,L,0,20,155.1002623,0,-365.2937012,889.5720215,307.8440208,-0.012,-1.080000009,-0.420000004,-0.00699985,0.133330476,0.016666309,TRUE
7580,1000_radii_1,1000,L,0,20,155.1169977,0,-365.3995667,889.6542358,307.8369789,-0.012,-1.080000009,-0.420000004,-0.007037377,0.134045268,0.016755658,TRUE
7581,1000_radii_1,1000,L,0,20,155.1335858,0,-365.504425,889.7356567,307.8300095,-0.012,-1.080000009,-0.420000004,-0.006970184,0.132765404,0.016595675,TRUE
7582,1000_radii_1,1000,L,0,20,155.1502045,0,-365.6092529,889.8170776,307.82304,-0.012,-1.080000009,-0.420000004,-0.006967521,0.132714692,0.016589336,TRUE
7583,1000_radii_1,1000,L,0,20,155.1669683,0,-365.7153625,889.8994751,307.8159904,-0.012,-1.080000009,-0.420000004,-0.007052083,0.134325389,0.016790674,TRUE
7584,1000_radii_1,1000,L,0,20,155.1836714,0,-365.8209534,889.9814453,307.8089752,-0.012,-1.080000009,-0.420000004,-0.007016712,0.133651649,0.016706456,TRUE
7585,1000_radii_1,1000,L,0,20,155.2002544,0,-365.925354,890.062439,307.8020401,-0.012,-1.080000009,-0.420000004,-0.006938489,0.132161694,0.016520212,TRUE
7586,1000_radii_1,1000,L,0,20,155.2169135,0,-366.0308533,890.1442871,307.7950249,-0.012,-1.080000009,-0.420000004,-0.007010246,0.133528493,0.016691062,TRUE
7587,1000_radii_1,1000,L,0,20,155.2336245,0,-366.1366272,890.2263184,307.788002,-0.012,-1.080000009,-0.420000004,-0.007026727,0.133842422,0.016730303,TRUE
7588,1000_radii_1,1000,L,0,20,155.2502687,0,-366.2414246,890.3075562,307.7810364,-0.012,-1.080000009,-0.420000004,-0.00696169,0.132603609,0.016575451,TRUE
7589,1000_radii_1,1000,L,0,20,155.2668677,0,-366.3466797,890.3891602,307.7740479,-0.012,-1.080000009,-0.420000004,-0.006991102,0.133163852,0.016645481,TRUE
7590,1000_radii_1,1000,L,0,20,155.2835277,0,-366.4520874,890.4708252,307.7670441,-0.012,-1.080000009,-0.420000004,-0.007000104,0.133335305,0.016666913,TRUE
7591,1000_radii_1,1000,L,0,20,155.3002133,0,-366.5578003,890.5527344,307.7600288,-0.012,-1.080000009,-0.420000004,-0.007020008,0.133714435,0.016714304,TRUE
7592,1000_radii_1,-1,R,0,21,155.316726,0,-366.6622009,890.633606,307.7530975,-0.012,-1.080000009,-0.420000004,-0.006932657,0.132050611,0.016506326,FALSE
7593,1000_radii_1,-1,R,0,21,155.3333075,0,-366.7671204,890.7148438,307.7461281,-0.012,-1.080000009,-0.420000004,-0.006966254,0.132690544,0.016586318,FALSE
7594,1000_radii_1,-1,R,0,21,155.3500414,0,-366.8729858,890.796814,307.7391014,-0.012,-1.080000009,-0.420000004,-0.007027995,0.13386657,0.016733321,FALSE
7595,1000_radii_1,-1,R,0,21,155.3674666,0,-366.9831848,890.8820801,307.731781,-0.012,-1.080000009,-0.420000004,-0.007315783,0.139348253,0.017418532,FALSE
7596,1000_radii_1,-1,R,0,21,155.3833146,0,-367.0834961,890.9597168,307.7251282,-0.012,-1.080000009,-0.420000004,-0.006658688,0.126832145,0.015854018,FALSE
7597,1000_radii_1,-1,R,0,21,155.3999854,0,-367.1889954,891.0413208,307.7181206,-0.012,-1.080000009,-0.420000004,-0.007002259,0.133376358,0.016672045,FALSE
7598,1000_radii_1,-1,R,0,21,155.4167368,0,-367.2950134,891.123291,307.7110863,-0.012,-1.080000009,-0.420000004,-0.007035348,0.134006631,0.016750829,FALSE
7599,1000_radii_1,-1,R,0,21,155.4333853,0,-367.4003906,891.2047729,307.7040977,-0.012,-1.080000009,-0.420000004,-0.006992243,0.133185585,0.016648198,FALSE
7600,1000_radii_1,-1,R,0,21,155.4499819,0,-367.5054321,891.2859497,307.6971283,-0.012,-1.080000009,-0.420000004,-0.006970691,0.132775063,0.016596883,FALSE
7601,1000_radii_1,-1,R,0,21,155.4666555,0,-367.6109619,891.3674927,307.6901207,-0.012,-1.080000009,-0.420000004,-0.007002259,0.133376358,0.016672045,FALSE
7602,1000_radii_1,-1,R,0,21,155.4833248,0,-367.7164917,891.4490356,307.6831169,-0.012,-1.080000009,-0.420000004,-0.007002005,0.133371528,0.016671441,FALSE
7603,1000_radii_1,-1,R,0,21,155.5000421,0,-367.8223267,891.5307617,307.6760979,-0.012,-1.080000009,-0.420000004,-0.007021402,0.133740998,0.016717625,FALSE
7604,1000_radii_1,-1,R,0,21,155.5167591,0,-367.9281616,891.6124878,307.6690788,-0.012,-1.080000009,-0.420000004,-0.007021022,0.133733754,0.016716719,FALSE
7605,1000_radii_1,-1,R,0,21,155.5333648,0,-368.0333252,891.6936646,307.6621056,-0.012,-1.080000009,-0.420000004,-0.006974114,0.132840264,0.016605033,FALSE
7606,1000_radii_1,-1,R,0,21,155.5500836,0,-368.1392212,891.7753906,307.6550789,-0.012,-1.080000009,-0.420000004,-0.00702229,0.133757902,0.016719738,FALSE
7607,1000_radii_1,-1,R,0,21,155.5666714,0,-368.2442932,891.8564453,307.6481171,-0.012,-1.080000009,-0.420000004,-0.006966887,0.132702618,0.016587827,FALSE
7608,1000_radii_1,-1,R,0,21,155.5833154,0,-368.3497009,891.9377441,307.6411247,-0.012,-1.080000009,-0.420000004,-0.006990215,0.133146948,0.016643369,FALSE
7609,1000_radii_1,-1,R,0,21,155.5999905,0,-368.4553528,892.0192261,307.6341171,-0.012,-1.080000009,-0.420000004,-0.007004034,0.133410165,0.016676271,FALSE
7610,1000_radii_1,-1,R,0,21,155.6166655,0,-368.5609741,892.100647,307.627121,-0.012,-1.080000009,-0.420000004,-0.007001752,0.133366698,0.016670837,FALSE
7611,1000_radii_1,-1,R,0,21,155.6332986,0,-368.6663818,892.1818848,307.6201286,-0.012,-1.080000009,-0.420000004,-0.006987426,0.133093822,0.016636728,FALSE
7612,1000_radii_1,-1,R,0,21,155.6499335,0,-368.7717896,892.2631226,307.6131477,-0.012,-1.080000009,-0.420000004,-0.006986538,0.133076918,0.016634615,FALSE
7613,1000_radii_1,-1,R,0,21,155.6666584,0,-368.8777771,892.3447876,307.6061211,-0.012,-1.080000009,-0.420000004,-0.007023938,0.133789295,0.016723662,FALSE
7614,1000_radii_1,-1,R,0,21,155.6833422,0,-368.9835205,892.4262085,307.5991173,-0.012,-1.080000009,-0.420000004,-0.007006823,0.133463292,0.016682911,FALSE
7615,1000_radii_1,-1,R,0,21,155.699966,0,-369.0888977,892.5073853,307.5921326,-0.012,-1.080000009,-0.420000004,-0.006982735,0.133004473,0.016625559,FALSE
7616,1000_radii_1,-1,R,0,21,155.7166359,0,-369.1945801,892.5887451,307.5851326,-0.012,-1.080000009,-0.420000004,-0.007002259,0.133376358,0.016672045,FALSE
7617,1000_radii_1,-1,R,0,21,155.7333553,0,-369.3005676,892.6703491,307.5781059,-0.012,-1.080000009,-0.420000004,-0.007021656,0.133745828,0.016718228,FALSE
7618,1000_radii_1,-1,R,0,21,155.750002,0,-369.4060974,892.7515869,307.5711174,-0.012,-1.080000009,-0.420000004,-0.006991736,0.133175926,0.016646991,FALSE
7619,1000_radii_1,-1,R,0,21,155.7666922,0,-369.5119324,892.8330078,307.564106,-0.012,-1.080000009,-0.420000004,-0.007009992,0.133523663,0.016690458,FALSE
7620,1000_radii_1,-1,R,0,21,155.7833042,0,-369.6172791,892.9140015,307.5571289,-0.012,-1.080000009,-0.420000004,-0.006976903,0.13289339,0.016611674,FALSE
7621,1000_radii_1,-1,R,0,21,155.7999756,0,-369.7229919,892.9953003,307.5501251,-0.012,-1.080000009,-0.420000004,-0.007001498,0.133361869,0.016670234,FALSE
7622,1000_radii_1,-1,R,0,21,155.8166446,0,-369.8287048,893.0765991,307.5431252,-0.012,-1.080000009,-0.420000004,-0.007000737,0.13334738,0.016668422,FALSE
7623,1000_radii_1,-1,R,0,21,155.8333079,0,-369.9344177,893.1578369,307.5361252,-0.012,-1.080000009,-0.420000004,-0.006999343,0.133320816,0.016665102,FALSE
7624,1000_radii_1,-1,R,0,21,155.8499782,0,-370.0401611,893.2390747,307.5291252,-0.012,-1.080000009,-0.420000004,-0.007000864,0.133349794,0.016668724,FALSE
7625,1000_radii_1,-1,R,0,21,155.866646,0,-370.1459045,893.3203125,307.5221252,-0.012,-1.080000009,-0.420000004,-0.007000991,0.133352209,0.016669026,FALSE
7626,1000_radii_1,-1,R,0,21,155.8833147,0,-370.2516785,893.4015503,307.5151253,-0.012,-1.080000009,-0.420000004,-0.007000991,0.133352209,0.016669026,FALSE
7627,1000_radii_1,-1,R,0,21,155.8999608,0,-370.3572998,893.482666,307.5081329,-0.012,-1.080000009,-0.420000004,-0.006991356,0.133168682,0.016646085,FALSE
7628,1000_radii_1,-1,R,0,21,155.9166627,0,-370.4632874,893.5640259,307.5011177,-0.012,-1.080000009,-0.420000004,-0.007014556,0.133610597,0.016701325,FALSE
7629,1000_radii_1,-1,R,0,21,155.9332889,0,-370.5688171,893.6450195,307.4941368,-0.012,-1.080000009,-0.420000004,-0.006983496,0.133018962,0.01662737,FALSE
7630,1000_radii_1,-1,R,0,21,155.9500433,0,-370.6751404,893.7265625,307.4871025,-0.012,-1.080000009,-0.420000004,-0.007035348,0.134006631,0.016750829,FALSE
7631,1000_radii_1,-1,R,0,21,155.9666773,0,-370.7807617,893.8075562,307.480114,-0.012,-1.080000009,-0.420000004,-0.006987426,0.133093822,0.016636728,FALSE
7632,1000_radii_1,-1,R,0,21,155.983327,0,-370.8864746,893.8886108,307.4731216,-0.012,-1.080000009,-0.420000004,-0.006993004,0.133200074,0.016650009,FALSE
7633,1000_radii_1,-1,R,0,21,156.0000036,0,-370.9923401,893.9697876,307.466114,-0.012,-1.080000009,-0.420000004,-0.007003527,0.133400506,0.016675063,FALSE
7634,1000_radii_1,-1,R,0,21,156.0167738,0,-371.0987854,894.0513916,307.4590759,-0.012,-1.080000009,-0.420000004,-0.007041687,0.134127372,0.016765922,FALSE
7635,1000_radii_1,-1,R,0,21,156.0332828,0,-371.2036438,894.1317139,307.452137,-0.012,-1.080000009,-0.420000004,-0.006935573,0.132106153,0.016513269,FALSE
7636,1000_radii_1,-1,R,0,21,156.0499334,0,-371.3093872,894.2127075,307.4451447,-0.012,-1.080000009,-0.420000004,-0.006993511,0.133209734,0.016651217,FALSE
7637,1000_radii_1,-1,R,0,21,156.066715,0,-371.4159546,894.2943115,307.4380989,-0.012,-1.080000009,-0.420000004,-0.007047519,0.134238455,0.016779807,FALSE
7638,1000_radii_1,-1,R,0,21,156.083314,0,-371.5213928,894.375061,307.4311256,-0.012,-1.080000009,-0.420000004,-0.006971705,0.132794382,0.016599298,FALSE
7639,1000_radii_1,-1,R,0,21,156.0999481,0,-371.6270752,894.4559326,307.4241409,-0.012,-1.080000009,-0.420000004,-0.006986792,0.133081747,0.016635218,FALSE
7640,1000_radii_1,-1,R,0,21,156.116659,0,-371.7332458,894.5371704,307.4171181,-0.012,-1.080000009,-0.420000004,-0.00701874,0.133690287,0.016711286,FALSE
7641,1000_radii_1,-1,R,0,21,156.1334271,0,-371.8397217,894.6186523,307.41008,-0.012,-1.080000009,-0.420000004,-0.007037757,0.134052512,0.016756564,FALSE
7642,1000_radii_1,-1,R,0,21,156.1499763,0,-371.9449463,894.6990967,307.4031258,-0.012,-1.080000009,-0.420000004,-0.006953956,0.132456304,0.016557038,FALSE
7643,1000_radii_1,-1,R,0,21,156.1666338,0,-372.0508118,894.7800293,307.3961334,-0.012,-1.080000009,-0.420000004,-0.006997314,0.133282179,0.016660272,FALSE
7644,1000_radii_1,-1,R,0,21,156.1833508,0,-372.157074,894.8612671,307.3891106,-0.012,-1.080000009,-0.420000004,-0.007021276,0.133738583,0.016717323,FALSE
7645,1000_radii_1,-1,R,0,21,156.1999655,0,-372.2626648,894.9419556,307.3821297,-0.012,-1.080000009,-0.420000004,-0.006977283,0.132900635,0.016612579,FALSE
7646,1000_radii_1,-1,R,0,21,156.2166285,0,-372.3685913,895.0228882,307.3751297,-0.012,-1.080000009,-0.420000004,-0.00699947,0.133323231,0.016665404,FALSE
7647,1000_radii_1,-1,R,0,21,156.2333368,0,-372.474823,895.1040039,307.3681183,-0.012,-1.080000009,-0.420000004,-0.007017346,0.133663723,0.016707965,FALSE
7648,1000_radii_1,-1,R,0,21,156.2500227,0,-372.5809021,895.1849976,307.3611069,-0.012,-1.080000009,-0.420000004,-0.007008217,0.133489855,0.016686232,FALSE
7649,1000_radii_1,-1,R,0,21,156.2667566,0,-372.6872864,895.2662354,307.3540802,-0.012,-1.080000009,-0.420000004,-0.007027488,0.133856911,0.016732114,FALSE
7650,1000_radii_1,-1,R,0,21,156.2833031,0,-372.792511,895.3465576,307.347126,-0.012,-1.080000009,-0.420000004,-0.006950153,0.132383859,0.016547982,FALSE
7651,1000_radii_1,-1,R,0,21,156.2999368,0,-372.8983154,895.4273071,307.3401451,-0.012,-1.080000009,-0.420000004,-0.006986665,0.133079333,0.016634917,FALSE
7652,1000_radii_1,-1,R,0,21,156.3166457,0,-373.0045776,895.5083618,307.3331261,-0.012,-1.080000009,-0.420000004,-0.007017219,0.133661309,0.016707664,FALSE
7653,1000_radii_1,-1,R,0,21,156.3336308,0,-373.1126099,895.5907593,307.3259964,-0.012,-1.080000009,-0.420000004,-0.007132588,0.135858812,0.016982351,TRUE
7654,1000_radii_1,-1,R,0,21,156.3507411,0,-373.2214661,895.6737671,307.3188095,-0.012,-1.080000009,-0.420000004,-0.007186596,0.136887533,0.017110942,TRUE
7655,1000_radii_1,-1,R,0,21,156.366641,0,-373.3226318,895.7509155,307.3121262,-0.012,-1.080000009,-0.420000004,-0.006679099,0.127220934,0.015902617,TRUE
7656,1000_radii_1,-1,R,0,21,156.3832744,0,-373.4284668,895.831604,307.3051376,-0.012,-1.080000009,-0.420000004,-0.006986665,0.133079333,0.016634917,TRUE
7657,1000_radii_1,-1,R,0,21,156.3999615,0,-373.5345764,895.9124756,307.2981377,-0.012,-1.080000009,-0.420000004,-0.007004541,0.133419825,0.016677478,TRUE
7658,1000_radii_1,-1,R,0,21,156.416655,0,-373.6408386,895.9934082,307.2911263,-0.012,-1.080000009,-0.420000004,-0.007013289,0.133586449,0.016698306,TRUE
7659,1000_radii_1,-1,R,0,21,156.4332927,0,-373.7467346,896.0740356,307.2841339,-0.012,-1.080000009,-0.420000004,-0.006989074,0.133125215,0.016640652,TRUE
7660,1000_radii_1,-1,R,0,21,156.4499291,0,-373.8526001,896.1546631,307.2771492,-0.012,-1.080000009,-0.420000004,-0.006986411,0.133074503,0.016634313,TRUE
7661,1000_radii_1,-1,R,0,21,156.4667674,0,-373.9597778,896.2362671,307.2700768,-0.012,-1.080000009,-0.420000004,-0.00707148,0.13469486,0.016836857,TRUE
7662,1000_radii_1,-1,R,0,21,156.4833513,0,-374.0653687,896.3166504,307.2631111,-0.012,-1.080000009,-0.420000004,-0.006966634,0.132697788,0.016587224,TRUE
7663,1000_radii_1,-1,R,0,21,156.4999965,0,-374.1713562,896.3972778,307.2561188,-0.012,-1.080000009,-0.420000004,-0.006991102,0.133163852,0.016645481,TRUE
7664,1000_radii_1,-1,R,0,21,156.516636,0,-374.2773132,896.4778442,307.2491264,-0.012,-1.080000009,-0.420000004,-0.006988947,0.1331228,0.01664035,TRUE
7665,1000_radii_1,-1,R,0,21,156.5332836,0,-374.3833313,896.5584717,307.2421379,-0.012,-1.080000009,-0.420000004,-0.006992243,0.133185585,0.016648198,TRUE
7666,1000_radii_1,-1,R,0,21,156.550064,0,-374.4902039,896.6397095,307.2350922,-0.012,-1.080000009,-0.420000004,-0.007047139,0.134231211,0.016778901,TRUE
7667,1000_radii_1,-1,R,0,21,156.5666261,0,-374.5957031,896.7199097,307.2281342,-0.012,-1.080000009,-0.420000004,-0.006956492,0.132504601,0.016563075,TRUE
7668,1000_radii_1,-1,R,0,21,156.583306,0,-374.7019653,896.8006592,307.2211304,-0.012,-1.080000009,-0.420000004,-0.007005555,0.133439144,0.016679893,TRUE
7669,1000_radii_1,-1,R,0,21,156.5999431,0,-374.8079529,896.8811646,307.2141418,-0.012,-1.080000009,-0.420000004,-0.006987426,0.133093822,0.016636728,TRUE
7670,1000_radii_1,-1,R,0,21,156.6166257,0,-374.9142456,896.961853,307.2071342,-0.012,-1.080000009,-0.420000004,-0.007006823,0.133463292,0.016682911,TRUE
7671,1000_radii_1,-1,R,0,21,156.6333234,0,-375.0206299,897.0426025,307.2001228,-0.012,-1.080000009,-0.420000004,-0.007012781,0.133576789,0.016697099,TRUE
7672,1000_radii_1,-1,R,0,21,156.6499698,0,-375.1266785,897.1231079,307.1931343,-0.012,-1.080000009,-0.420000004,-0.006990088,0.133144533,0.016643067,TRUE
7673,1000_radii_1,-1,R,0,21,156.6666394,0,-375.2329407,897.2037354,307.1861305,-0.012,-1.080000009,-0.420000004,-0.007002639,0.133383602,0.01667295,TRUE
7674,1000_radii_1,-1,R,0,21,156.6832538,0,-375.3388367,897.2840576,307.1791496,-0.012,-1.080000009,-0.420000004,-0.006978298,0.132919953,0.016614994,TRUE
7675,1000_radii_1,-1,R,0,21,156.699927,0,-375.4451294,897.3646851,307.1721458,-0.012,-1.080000009,-0.420000004,-0.00700302,0.133390847,0.016673856,TRUE
7676,1000_radii_1,-1,R,0,21,156.716648,0,-375.5516968,897.4454956,307.1651268,-0.012,-1.080000009,-0.420000004,-0.007021783,0.133748243,0.01671853,TRUE
7677,1000_radii_1,-1,R,0,21,156.7333013,0,-375.6578674,897.526001,307.1581268,-0.012,-1.080000009,-0.420000004,-0.006995032,0.133238712,0.016654839,TRUE
7678,1000_radii_1,-1,R,0,21,156.7499869,0,-375.7642517,897.6066284,307.1511192,-0.012,-1.080000009,-0.420000004,-0.007008217,0.133489855,0.016686232,TRUE
7679,1000_radii_1,-1,R,0,21,156.7666028,0,-375.8699951,897.6867676,307.1441612,-0.012,-1.080000009,-0.420000004,-0.006965873,0.132683299,0.016585412,TRUE
7680,1000_radii_1,-1,R,0,21,156.7832616,0,-375.9764099,897.767395,307.1371498,-0.012,-1.080000009,-0.420000004,-0.007008851,0.133501929,0.016687741,TRUE
7681,1000_radii_1,-1,R,0,21,156.7999883,0,-376.0830994,897.8482056,307.1301231,-0.012,-1.080000009,-0.420000004,-0.00702584,0.133825518,0.01672819,TRUE
7682,1000_radii_1,-1,R,0,21,156.8166471,0,-376.1893616,897.9286499,307.1231232,-0.012,-1.080000009,-0.420000004,-0.006996807,0.13327252,0.016659065,TRUE
7683,1000_radii_1,-1,R,0,21,156.8333082,0,-376.2956238,898.0090942,307.1161308,-0.012,-1.080000009,-0.420000004,-0.006997441,0.133284594,0.016660574,TRUE
7684,1000_radii_1,-1,R,0,21,156.8499163,0,-376.4015808,898.0892944,307.1091499,-0.012,-1.080000009,-0.420000004,-0.006975382,0.132864412,0.016608051,TRUE
7685,1000_radii_1,-1,R,0,21,156.8666116,0,-376.5080261,898.1698608,307.1021461,-0.012,-1.080000009,-0.420000004,-0.007008344,0.13349227,0.016686534,TRUE
7686,1000_radii_1,-1,R,0,21,156.8832727,0,-376.6143799,898.2503052,307.0951424,-0.012,-1.080000009,-0.420000004,-0.007000991,0.133352209,0.016669026,TRUE
7687,1000_radii_1,-1,R,0,21,156.8999243,0,-376.7206421,898.3306885,307.08815,-0.012,-1.080000009,-0.420000004,-0.006994272,0.133224223,0.016653028,TRUE
7688,1000_radii_1,-1,R,0,21,156.9166271,0,-376.82724,898.4112549,307.081131,-0.012,-1.080000009,-0.420000004,-0.007014937,0.133617842,0.01670223,TRUE
7689,1000_radii_1,-1,R,0,21,156.9332699,0,-376.9334717,898.4915161,307.0741463,-0.012,-1.080000009,-0.420000004,-0.006990342,0.133149363,0.01664367,TRUE
7690,1000_radii_1,-1,R,0,21,156.9500406,0,-377.0404968,898.5723877,307.0671043,-0.012,-1.080000009,-0.420000004,-0.00704156,0.134124958,0.01676562,TRUE
7691,1000_radii_1,-1,R,0,21,156.9666728,0,-377.146698,898.6525879,307.0601158,-0.012,-1.080000009,-0.420000004,-0.006987299,0.133091407,0.016636426,TRUE
7692,1000_radii_1,-1,R,0,21,156.9833168,0,-377.2529602,898.7328491,307.0531235,-0.012,-1.080000009,-0.420000004,-0.006990468,0.133151778,0.016643972,TRUE
7693,1000_radii_1,-1,R,0,21,157.0000245,0,-377.3596497,898.8134155,307.0461044,-0.012,-1.080000009,-0.420000004,-0.007017472,0.133666138,0.016708267,TRUE
7694,1000_radii_1,-1,R,0,21,157.0167004,0,-377.466095,898.8937378,307.0391045,-0.012,-1.080000009,-0.420000004,-0.007001625,0.133364284,0.016670535,TRUE
7695,1000_radii_1,-1,R,0,21,157.0332487,0,-377.5718079,898.9735107,307.0321541,-0.012,-1.080000009,-0.420000004,-0.006952054,0.132420082,0.01655251,TRUE
7696,1000_radii_1,-1,R,0,21,157.0499174,0,-377.6782532,899.053833,307.0251503,-0.012,-1.080000009,-0.420000004,-0.007001245,0.133357039,0.01666963,TRUE
7697,1000_radii_1,-1,R,0,21,157.0666037,0,-377.7846985,899.1340942,307.0181541,-0.012,-1.080000009,-0.420000004,-0.006999596,0.133325646,0.016665706,TRUE
7698,1000_radii_1,-1,R,0,21,157.0832467,0,-377.8911438,899.2143555,307.0111542,-0.012,-1.080000009,-0.420000004,-0.006998709,0.133308742,0.016663593,TRUE
7699,1000_radii_1,-1,R,0,21,157.0999212,0,-377.9976501,899.2946777,307.0041466,-0.012,-1.080000009,-0.420000004,-0.007002639,0.133383602,0.01667295,TRUE
7700,1000_radii_1,-1,R,0,21,157.1166135,0,-378.1042175,899.375,306.9971466,-0.012,-1.080000009,-0.420000004,-0.007006696,0.133460877,0.01668261,TRUE
7701,1000_radii_1,-1,R,0,21,157.1332402,0,-378.2105103,899.4550781,306.9901581,-0.012,-1.080000009,-0.420000004,-0.006987806,0.133101066,0.016637633,TRUE
7702,1000_radii_1,-1,R,0,21,157.1499929,0,-378.3175354,899.5357056,306.98312,-0.012,-1.080000009,-0.420000004,-0.0070337,0.133975238,0.016746905,TRUE
7703,1000_radii_1,-1,R,0,21,157.1666389,0,-378.4239197,899.6158447,306.9761314,-0.012,-1.080000009,-0.420000004,-0.00699199,0.133180756,0.016647594,TRUE
7704,1000_radii_1,-1,R,0,21,157.1832585,0,-378.5301514,899.6958618,306.9691467,-0.012,-1.080000009,-0.420000004,-0.006981721,0.132985154,0.016623144,TRUE
7705,1000_radii_1,-1,R,0,21,157.1999281,0,-378.6367188,899.776062,306.9621468,-0.012,-1.080000009,-0.420000004,-0.007001625,0.133364284,0.016670535,TRUE
7706,1000_radii_1,-1,R,0,21,157.2166373,0,-378.7435303,899.8564453,306.9551277,-0.012,-1.080000009,-0.420000004,-0.007017219,0.133661309,0.016707664,TRUE
7707,1000_radii_1,-1,R,0,21,157.2332818,0,-378.8499451,899.9365234,306.9481392,-0.012,-1.080000009,-0.420000004,-0.006990976,0.133161437,0.01664518,TRUE
7708,1000_radii_1,-1,R,0,21,157.2499808,0,-378.9567261,900.0168457,306.9411278,-0.012,-1.080000009,-0.420000004,-0.007013796,0.133596108,0.016699514,TRUE
7709,1000_radii_1,-1,R,0,21,157.2666253,0,-379.0631104,900.0968018,306.9341393,-0.012,-1.080000009,-0.420000004,-0.006987045,0.133086577,0.016635822,TRUE
7710,1000_radii_1,-1,R,0,21,157.2832551,0,-379.1694946,900.1767578,306.9271507,-0.012,-1.080000009,-0.420000004,-0.006987806,0.133101066,0.016637633,TRUE
7711,1000_radii_1,-1,R,0,21,157.2999263,0,-379.276123,900.256897,306.9201469,-0.012,-1.080000009,-0.420000004,-0.007001879,0.133369113,0.016671139,TRUE
7712,1000_radii_1,-1,R,0,21,157.3166122,0,-379.3827209,900.3369751,306.9131508,-0.012,-1.080000009,-0.420000004,-0.006999723,0.133328061,0.016666008,TRUE
7713,1000_radii_1,-1,R,0,21,157.3332879,0,-379.489502,900.4171753,306.9061356,-0.012,-1.080000009,-0.420000004,-0.007012401,0.133569545,0.016696193,TRUE
7714,1000_radii_1,-1,R,0,21,157.3500163,0,-379.5964966,900.4974976,306.8991089,-0.012,-1.080000009,-0.420000004,-0.007024699,0.133803784,0.016725473,TRUE
7715,1000_radii_1,-1,R,0,21,157.3665876,0,-379.7024231,900.5770264,306.8921547,-0.012,-1.080000009,-0.420000004,-0.006954843,0.132473208,0.016559151,TRUE
7716,1000_radii_1,-1,R,0,21,157.383234,0,-379.809021,900.6570435,306.8851585,-0.012,-1.080000009,-0.420000004,-0.006997441,0.133284594,0.016660574,TRUE
7717,1000_radii_1,-1,R,0,21,157.3999042,0,-379.9157104,900.7371216,306.8781586,-0.012,-1.080000009,-0.420000004,-0.007002132,0.133373943,0.016671743,TRUE
7718,1000_radii_1,-1,R,0,21,157.4165678,0,-380.0223389,900.8171387,306.8711586,-0.012,-1.080000009,-0.420000004,-0.006998202,0.133299083,0.016662385,TRUE
7719,1000_radii_1,-1,R,0,21,157.4332344,0,-380.1290283,900.8971558,306.8641548,-0.012,-1.080000009,-0.420000004,-0.007000611,0.133344965,0.016668121,TRUE
7720,1000_radii_1,-1,R,0,21,157.4499415,0,-380.2359619,900.977356,306.8571434,-0.012,-1.080000009,-0.420000004,-0.007016712,0.133651649,0.016706456,TRUE
7721,1000_radii_1,-1,R,0,21,157.4666721,0,-380.3430481,901.0576172,306.8501167,-0.012,-1.080000009,-0.420000004,-0.007027234,0.133852081,0.01673151,TRUE
7722,1000_radii_1,-1,R,0,21,157.4832191,0,-380.4489746,901.1370239,306.8431625,-0.012,-1.080000009,-0.420000004,-0.006949646,0.1323742,0.016546775,TRUE
7723,1000_radii_1,-1,R,0,21,157.4999679,0,-380.5562134,901.2173462,306.836132,-0.012,-1.080000009,-0.420000004,-0.007034334,0.133987312,0.016748414,TRUE
7724,1000_radii_1,-1,R,0,21,157.5166828,0,-380.6632385,901.2974854,306.829113,-0.012,-1.080000009,-0.420000004,-0.007020261,0.133719265,0.016714908,TRUE
7725,1000_radii_1,-1,R,0,21,157.5332881,0,-380.7695618,901.3771362,306.8221359,-0.012,-1.080000009,-0.420000004,-0.006974114,0.132840264,0.016605033,TRUE
7726,1000_radii_1,-1,R,0,21,157.5500057,0,-380.8766174,901.4572754,306.8151169,-0.012,-1.080000009,-0.420000004,-0.007021529,0.133743413,0.016717927,TRUE
7727,1000_radii_1,-1,R,0,21,157.566567,0,-380.9826965,901.5366821,306.8081551,-0.012,-1.080000009,-0.420000004,-0.006955731,0.132490112,0.016561264,TRUE
7728,1000_radii_1,-1,R,0,21,157.583287,0,-381.0897827,901.6168213,306.8011322,-0.012,-1.080000009,-0.420000004,-0.00702229,0.133757902,0.016719738,TRUE
7729,1000_radii_1,-1,R,0,21,157.5998869,0,-381.1961365,901.6963501,306.7941628,-0.012,-1.080000009,-0.420000004,-0.006972212,0.132804041,0.016600505,TRUE
7730,1000_radii_1,-1,R,0,21,157.6165617,0,-381.302948,901.7762451,306.7871628,-0.012,-1.080000009,-0.420000004,-0.0070034,0.133398091,0.016674761,TRUE
7731,1000_radii_1,-1,R,0,21,157.633305,0,-381.4102173,901.8564453,306.7801285,-0.012,-1.080000009,-0.420000004,-0.007032559,0.133953504,0.016744188,TRUE
7732,1000_radii_1,-1,R,0,21,157.6499025,0,-381.5165405,901.9359131,306.773159,-0.012,-1.080000009,-0.420000004,-0.006969423,0.132750915,0.016593864,TRUE
7733,1000_radii_1,-1,R,0,21,157.6665872,0,-381.6234131,902.0157471,306.7661514,-0.012,-1.080000009,-0.420000004,-0.007003653,0.133402921,0.016675365,TRUE
7734,1000_radii_1,-1,R,0,21,157.683284,0,-381.7304993,902.0957642,306.75914,-0.012,-1.080000009,-0.420000004,-0.007017472,0.133666138,0.016708267,TRUE
7735,1000_radii_1,-1,R,0,21,157.7000547,0,-381.8379822,902.1760864,306.7520943,-0.012,-1.080000009,-0.420000004,-0.007043969,0.13417084,0.016771355,TRUE
7736,1000_radii_1,-1,R,0,21,157.7166579,0,-381.9442139,902.2554321,306.7451363,-0.012,-1.080000009,-0.420000004,-0.006960295,0.132577046,0.016572131,TRUE
7737,1000_radii_1,-1,R,0,21,157.7332687,0,-382.0509033,902.335083,306.7381439,-0.012,-1.080000009,-0.420000004,-0.006989201,0.133127629,0.016640954,TRUE
7738,1000_radii_1,-1,R,0,21,157.7499444,0,-382.1578064,902.414856,306.7311401,-0.012,-1.080000009,-0.420000004,-0.007004287,0.133414995,0.016676874,TRUE
7739,1000_radii_1,-1,R,0,21,157.7665358,0,-382.2641907,902.4942627,306.7241745,-0.012,-1.080000009,-0.420000004,-0.006968029,0.132724351,0.016590544,TRUE
7740,1000_radii_1,-1,R,0,21,157.783235,0,-382.3712769,902.5741577,306.7171593,-0.012,-1.080000009,-0.420000004,-0.007013796,0.133596108,0.016699514,TRUE
7741,1000_radii_1,-1,R,0,21,157.7999134,0,-382.478241,902.6539307,306.7101555,-0.012,-1.080000009,-0.420000004,-0.007005048,0.133429484,0.016678686,TRUE
7742,1000_radii_1,-1,R,0,21,157.8165348,0,-382.5848389,902.7333984,306.7031746,-0.012,-1.080000009,-0.420000004,-0.00698096,0.132970665,0.016621333,TRUE
7743,1000_radii_1,-1,R,0,21,157.8332633,0,-382.6921387,902.8133545,306.6961441,-0.012,-1.080000009,-0.420000004,-0.007025713,0.133823103,0.016727888,TRUE
7744,1000_radii_1,-1,R,0,21,157.849903,0,-382.7988586,902.8928833,306.6891556,-0.012,-1.080000009,-0.420000004,-0.006987552,0.133096236,0.01663703,TRUE
7745,1000_radii_1,-1,R,0,21,157.8666348,0,-382.9060669,902.9727783,306.6821365,-0.012,-1.080000009,-0.420000004,-0.007018994,0.133695116,0.01671189,TRUE
7746,1000_radii_1,-1,R,0,21,157.8832368,0,-383.0127258,903.0522461,306.6751595,-0.012,-1.080000009,-0.420000004,-0.006981721,0.132985154,0.016623144,TRUE
7747,1000_radii_1,-1,R,0,21,157.8999134,0,-383.119751,903.131958,306.6681557,-0.012,-1.080000009,-0.420000004,-0.007005175,0.133431899,0.016678987,TRUE
7748,1000_radii_1,-1,R,0,21,157.9166591,0,-383.2272034,903.2119751,306.6611176,-0.012,-1.080000009,-0.420000004,-0.007033066,0.133963163,0.016745395,TRUE
7749,1000_radii_1,-1,R,0,21,157.9332762,0,-383.3338318,903.2913208,306.6541405,-0.012,-1.080000009,-0.420000004,-0.006979058,0.132934442,0.016616805,TRUE
7750,1000_radii_1,-1,R,0,21,157.9499709,0,-383.4409485,903.3710327,306.6471329,-0.012,-1.080000009,-0.420000004,-0.007009739,0.133518833,0.016689854,TRUE
7751,1000_radii_1,-1,R,0,21,157.9666948,0,-383.5483093,903.4509277,306.6401024,-0.012,-1.080000009,-0.420000004,-0.007025967,0.133827932,0.016728492,TRUE
7752,1000_radii_1,-1,R,0,21,157.9832069,0,-383.6542969,903.5297241,306.6331711,-0.012,-1.080000009,-0.420000004,-0.006934432,0.132084419,0.016510552,TRUE
7753,1000_radii_1,-1,R,0,21,157.9998931,0,-383.7614136,903.609375,306.6261635,-0.012,-1.080000009,-0.420000004,-0.007008851,0.133501929,0.016687741,TRUE
7754,1000_radii_1,-1,R,0,21,158.0165712,0,-383.8684692,903.6889648,306.6191597,-0.012,-1.080000009,-0.420000004,-0.007003527,0.133400506,0.016675063,TRUE
7755,1000_radii_1,-1,R,0,21,158.0333187,0,-383.9760132,903.7688599,306.6121254,-0.012,-1.080000009,-0.420000004,-0.007034334,0.133987312,0.016748414,TRUE
7756,1000_radii_1,-1,R,0,21,158.0499084,0,-384.08255,903.8480225,306.6051521,-0.012,-1.080000009,-0.420000004,-0.006968282,0.132729181,0.016591148,TRUE
7757,1000_radii_1,-1,R,0,21,158.0666314,0,-384.1898193,903.9277344,306.5981369,-0.012,-1.080000009,-0.420000004,-0.007015444,0.133627501,0.016703438,TRUE
7758,1000_radii_1,-1,R,0,21,158.0831993,0,-384.2963562,904.0068359,306.5911751,-0.012,-1.080000009,-0.420000004,-0.006966507,0.132695373,0.016586922,TRUE
7759,1000_radii_1,-1,R,0,21,158.0999408,0,-384.4039001,904.0866699,306.5841446,-0.012,-1.080000009,-0.420000004,-0.007031545,0.133934185,0.016741773,TRUE
7760,1000_radii_1,-1,R,0,21,158.116535,0,-384.510498,904.1657715,306.5771751,-0.012,-1.080000009,-0.420000004,-0.006969803,0.132758159,0.01659477,TRUE
7761,1000_radii_1,-1,R,0,21,158.133258,0,-384.6179504,904.2454834,306.5701485,-0.012,-1.080000009,-0.420000004,-0.007023811,0.13378688,0.01672336,TRUE
7762,1000_radii_1,-1,R,0,21,158.1499379,0,-384.7251282,904.3250122,306.5631447,-0.012,-1.080000009,-0.420000004,-0.007005555,0.133439144,0.016679893,TRUE
7763,1000_radii_1,-1,R,0,21,158.1666583,0,-384.8323975,904.4046021,306.5561333,-0.012,-1.080000009,-0.420000004,-0.007011767,0.133557471,0.016694684,TRUE
7764,1000_radii_1,-1,R,0,21,158.1832388,0,-384.9390869,904.4837036,306.54916,-0.012,-1.080000009,-0.420000004,-0.00697386,0.132835434,0.016604429,TRUE
7765,1000_radii_1,-1,R,0,21,158.1999257,0,-385.0463257,904.5632324,306.5421448,-0.012,-1.080000009,-0.420000004,-0.007009105,0.133506759,0.016688345,TRUE
7766,1000_radii_1,-1,R,0,21,158.2165857,0,-385.1534119,904.6425781,306.5351486,-0.012,-1.080000009,-0.420000004,-0.006997061,0.133277349,0.016659669,TRUE
7767,1000_radii_1,-1,R,0,21,158.2331922,0,-385.2601624,904.7216797,306.5281792,-0.012,-1.080000009,-0.420000004,-0.006974114,0.132840264,0.016605033,TRUE
7768,1000_radii_1,-1,R,0,21,158.2499566,0,-385.3679504,904.8015137,306.5211334,-0.012,-1.080000009,-0.420000004,-0.00704156,0.134124958,0.01676562,TRUE
7769,1000_radii_1,-1,R,0,21,158.2665354,0,-385.4745483,904.8804321,306.5141754,-0.012,-1.080000009,-0.420000004,-0.006962831,0.132625343,0.016578168,TRUE
7770,1000_radii_1,-1,R,0,21,158.2832041,0,-385.5817261,904.9597778,306.5071716,-0.012,-1.080000009,-0.420000004,-0.007001371,0.133359454,0.016669932,TRUE
7771,1000_radii_1,-1,R,0,21,158.2998644,0,-385.6888733,905.0390625,306.5001755,-0.012,-1.080000009,-0.420000004,-0.006997568,0.133287009,0.016660876,TRUE
7772,1000_radii_1,-1,R,0,21,158.3165373,0,-385.7960815,905.1184082,306.4931679,-0.012,-1.080000009,-0.420000004,-0.007002639,0.133383602,0.01667295,TRUE
7773,1000_radii_1,-1,R,0,21,158.3332145,0,-385.9033508,905.1977539,306.4861679,-0.012,-1.080000009,-0.420000004,-0.007004668,0.13342224,0.01667778,TRUE
7774,1000_radii_1,-1,R,0,21,158.3498669,0,-386.010437,905.2769775,306.4791756,-0.012,-1.080000009,-0.420000004,-0.006992624,0.13319283,0.016649104,TRUE
7775,1000_radii_1,-1,R,0,21,158.3665559,0,-386.1177979,905.3563843,306.4721642,-0.012,-1.080000009,-0.420000004,-0.007009992,0.133523663,0.016690458,TRUE
7776,1000_radii_1,-1,R,0,21,158.3832137,0,-386.2249451,905.4356079,306.4651642,-0.012,-1.080000009,-0.420000004,-0.006996173,0.133260445,0.016657556,TRUE
7777,1000_radii_1,-1,R,0,21,158.3998813,0,-386.3321838,905.5148926,306.458168,-0.012,-1.080000009,-0.420000004,-0.007001118,0.133354624,0.016669328,TRUE
7778,1000_radii_1,-1,R,0,21,158.4166466,0,-386.4400024,905.5945435,306.4511299,-0.012,-1.080000009,-0.420000004,-0.00703687,0.134035609,0.016754451,TRUE
7779,1000_radii_1,-1,R,0,21,158.4332459,0,-386.546875,905.6734619,306.4441566,-0.012,-1.080000009,-0.420000004,-0.006975128,0.132859582,0.016607448,TRUE
7780,1000_radii_1,-1,R,0,21,158.44992,0,-386.6542053,905.7526855,306.4371529,-0.012,-1.080000009,-0.420000004,-0.00700378,0.133405336,0.016675667,TRUE
7781,1000_radii_1,-1,R,0,21,158.4665912,0,-386.7615051,905.8319092,306.4301491,-0.012,-1.080000009,-0.420000004,-0.007001245,0.133357039,0.01666963,TRUE
7782,1000_radii_1,-1,R,0,21,158.4831941,0,-386.8683777,905.9107666,306.423172,-0.012,-1.080000009,-0.420000004,-0.006973734,0.132833019,0.016604127,TRUE
7783,1000_radii_1,-1,R,0,21,158.4998667,0,-386.975708,905.9899902,306.4161758,-0.012,-1.080000009,-0.420000004,-0.007002893,0.133388432,0.016673554,TRUE
7784,1000_radii_1,-1,R,0,21,158.5165252,0,-387.0829468,906.0690918,306.4091797,-0.012,-1.080000009,-0.420000004,-0.006996554,0.13326769,0.016658461,TRUE
7785,1000_radii_1,-1,R,0,21,158.5331855,0,-387.1902161,906.1481934,306.4021759,-0.012,-1.080000009,-0.420000004,-0.006997695,0.133289424,0.016661178,TRUE
7786,1000_radii_1,-1,R,0,21,158.5499834,0,-387.2983704,906.2279663,306.3951225,-0.012,-1.080000009,-0.420000004,-0.007054619,0.134373686,0.016796711,TRUE
7787,1000_radii_1,-1,R,0,21,158.5665911,0,-387.4053345,906.3068237,306.3881493,-0.012,-1.080000009,-0.420000004,-0.006975508,0.132866827,0.016608353,TRUE
7788,1000_radii_1,-1,R,0,21,158.5831901,0,-387.5122375,906.3856201,306.381176,-0.012,-1.080000009,-0.420000004,-0.006971705,0.132794382,0.016599298,TRUE
7789,1000_radii_1,-1,R,0,21,158.5998679,0,-387.6196594,906.4647827,306.3741722,-0.012,-1.080000009,-0.420000004,-0.007004668,0.13342224,0.01667778,TRUE
7790,1000_radii_1,-1,R,0,21,158.6165255,0,-387.7269592,906.5438232,306.3671761,-0.012,-1.080000009,-0.420000004,-0.00699592,0.133255616,0.016656952,TRUE
7791,1000_radii_1,-1,R,0,21,158.633196,0,-387.8343506,906.6229248,306.3601723,-0.012,-1.080000009,-0.420000004,-0.007001498,0.133361869,0.016670234,TRUE
7792,1000_radii_1,-1,R,0,21,158.6499191,0,-387.9420776,906.7022705,306.3531494,-0.012,-1.080000009,-0.420000004,-0.007023684,0.133784465,0.016723058,TRUE
7793,1000_radii_1,-1,R,0,21,158.6666421,0,-388.0498047,906.7815552,306.3461304,-0.012,-1.080000009,-0.420000004,-0.00702229,0.133757902,0.016719738,TRUE
7794,1000_radii_1,-1,R,0,21,158.6832559,0,-388.1568604,906.8603516,306.3391495,-0.012,-1.080000009,-0.420000004,-0.006978932,0.132932027,0.016616503,TRUE
7795,1000_radii_1,-1,R,0,21,158.6999135,0,-388.2642212,906.9393311,306.3321495,-0.012,-1.080000009,-0.420000004,-0.006996934,0.133274934,0.016659367,TRUE
7796,1000_radii_1,-1,R,0,21,158.7165019,0,-388.3711243,907.0179443,306.3251877,-0.012,-1.080000009,-0.420000004,-0.006967014,0.132705033,0.016588129,TRUE
7797,1000_radii_1,-1,R,0,21,158.7332029,0,-388.4787598,907.0971069,306.3181725,-0.012,-1.080000009,-0.420000004,-0.007013923,0.133598523,0.016699815,TRUE
7798,1000_radii_1,-1,R,0,21,158.7498783,0,-388.5862427,907.1761475,306.3111687,-0.012,-1.080000009,-0.420000004,-0.00700378,0.133405336,0.016675667,TRUE
7799,1000_radii_1,-1,R,0,21,158.7665745,0,-388.6938782,907.255249,306.3041573,-0.012,-1.080000009,-0.420000004,-0.007012528,0.13357196,0.016696495,TRUE
7800,1000_radii_1,-1,R,0,21,158.7831717,0,-388.8008728,907.3338623,306.2971878,-0.012,-1.080000009,-0.420000004,-0.006970944,0.132779893,0.016597487,TRUE
7801,1000_radii_1,-1,R,0,21,158.7998506,0,-388.9084167,907.4128418,306.2901802,-0.012,-1.080000009,-0.420000004,-0.007005175,0.133431899,0.016678987,TRUE
7802,1000_radii_1,-1,R,0,21,158.816516,0,-389.0158691,907.4917603,306.2831802,-0.012,-1.080000009,-0.420000004,-0.006999343,0.133320816,0.016665102,TRUE
7803,1000_radii_1,-1,R,0,21,158.8331703,0,-389.1232605,907.5706177,306.2761879,-0.012,-1.080000009,-0.420000004,-0.006994906,0.133236297,0.016654537,TRUE
7804,1000_radii_1,-1,R,0,21,158.8498514,0,-389.230835,907.6495972,306.2691803,-0.012,-1.080000009,-0.420000004,-0.007005809,0.133443973,0.016680497,TRUE
7805,1000_radii_1,-1,R,0,21,158.866521,0,-389.3383484,907.7285156,306.2621803,-0.012,-1.080000009,-0.420000004,-0.007001118,0.133354624,0.016669328,TRUE
7806,1000_radii_1,-1,R,0,21,158.8831635,0,-389.4457092,907.807251,306.2551918,-0.012,-1.080000009,-0.420000004,-0.006989961,0.133142118,0.016642765,TRUE
7807,1000_radii_1,-1,R,0,21,158.8999049,0,-389.5537109,907.8864746,306.2481537,-0.012,-1.080000009,-0.420000004,-0.007031545,0.133934185,0.016741773,TRUE
7808,1000_radii_1,-1,R,0,21,158.916535,0,-389.6610107,907.9651489,306.2411728,-0.012,-1.080000009,-0.420000004,-0.00698451,0.13303828,0.016629785,TRUE
7809,1000_radii_1,-1,R,0,21,158.9332161,0,-389.7686462,908.0440674,306.2341652,-0.012,-1.080000009,-0.420000004,-0.007006316,0.133453633,0.016681704,TRUE
7810,1000_radii_1,-1,R,0,21,158.9499507,0,-389.8765564,908.1231689,306.2271385,-0.012,-1.080000009,-0.420000004,-0.007023811,0.13378688,0.01672336,TRUE
7811,1000_radii_1,-1,R,0,21,158.9665213,0,-389.983551,908.2015381,306.2201767,-0.012,-1.080000009,-0.420000004,-0.006963972,0.132647076,0.016580885,TRUE
7812,1000_radii_1,-1,R,0,21,158.9831701,0,-390.0910034,908.2802124,306.2131882,-0.012,-1.080000009,-0.420000004,-0.006992624,0.13319283,0.016649104,TRUE
7813,1000_radii_1,-1,R,0,21,158.9999019,0,-390.1990051,908.359314,306.2061577,-0.012,-1.080000009,-0.420000004,-0.007027741,0.13386174,0.016732718,TRUE
7814,1000_radii_1,-1,R,0,21,159.0165368,0,-390.306366,908.4379272,306.199173,-0.012,-1.080000009,-0.420000004,-0.006985017,0.13304794,0.016630992,TRUE
7815,1000_radii_1,-1,R,0,21,159.0331787,0,-390.4138184,908.5165405,306.1921844,-0.012,-1.080000009,-0.420000004,-0.006990722,0.133156607,0.016644576,TRUE
7816,1000_radii_1,-1,R,0,21,159.0498709,0,-390.5215759,908.5953979,306.1851692,-0.012,-1.080000009,-0.420000004,-0.00701088,0.133540567,0.016692571,TRUE
7817,1000_radii_1,-1,R,0,21,159.0665206,0,-390.6290894,908.6740112,306.1781769,-0.012,-1.080000009,-0.420000004,-0.006992877,0.13319766,0.016649707,TRUE
7818,1000_radii_1,-1,R,0,21,159.0831842,0,-390.7366943,908.7526855,306.1711807,-0.012,-1.080000009,-0.420000004,-0.006998455,0.133303913,0.016662989,TRUE
7819,1000_radii_1,-1,R,0,21,159.0998551,0,-390.8443604,908.8314209,306.1641769,-0.012,-1.080000009,-0.420000004,-0.007002005,0.133371528,0.016671441,TRUE
7820,1000_radii_1,-1,R,0,21,159.1165673,0,-390.952301,908.9103394,306.1571617,-0.012,-1.080000009,-0.420000004,-0.007019501,0.133704776,0.016713097,TRUE
7821,1000_radii_1,-1,R,0,21,159.1331729,0,-391.0595703,908.9887085,306.1501846,-0.012,-1.080000009,-0.420000004,-0.006974241,0.132842678,0.016605335,TRUE
7822,1000_radii_1,-1,R,0,21,159.1498498,0,-391.1672974,909.0673828,306.143177,-0.012,-1.080000009,-0.420000004,-0.007004161,0.13341258,0.016676573,TRUE
7823,1000_radii_1,-1,R,0,21,159.1666187,0,-391.2756348,909.1464844,306.1361351,-0.012,-1.080000009,-0.420000004,-0.007042448,0.134141861,0.016767733,TRUE
7824,1000_radii_1,-1,R,0,21,159.1832657,0,-391.3831482,909.2249756,306.1291504,-0.012,-1.080000009,-0.420000004,-0.006989074,0.133125215,0.016640652,TRUE
7825,1000_radii_1,-1,R,0,21,159.1998614,0,-391.4904175,909.3032837,306.1221771,-0.012,-1.080000009,-0.420000004,-0.006972719,0.1328137,0.016601713,TRUE
7826,1000_radii_1,-1,R,0,21,159.2165096,0,-391.5979919,909.3817749,306.115181,-0.012,-1.080000009,-0.420000004,-0.006992624,0.13319283,0.016649104,TRUE
7827,1000_radii_1,-1,R,0,21,159.2331584,0,-391.7055969,909.4602661,306.1081924,-0.012,-1.080000009,-0.420000004,-0.006993384,0.133207319,0.016650915,TRUE
7828,1000_radii_1,-1,R,0,21,159.2498642,0,-391.8135376,909.5390015,306.1011734,-0.012,-1.080000009,-0.420000004,-0.00701481,0.133615427,0.016701928,TRUE
7829,1000_radii_1,-1,R,0,21,159.266526,0,-391.9212341,909.6175537,306.0941772,-0.012,-1.080000009,-0.420000004,-0.006998709,0.133308742,0.016663593,TRUE
7830,1000_radii_1,-1,R,0,21,159.2832144,0,-392.0291138,909.696228,306.0871696,-0.012,-1.080000009,-0.420000004,-0.007008978,0.133504344,0.016688043,TRUE
7831,1000_radii_1,-1,R,0,21,159.2998586,0,-392.1367188,909.7746582,306.0801735,-0.012,-1.080000009,-0.420000004,-0.006990722,0.133156607,0.016644576,TRUE
7832,1000_radii_1,-1,R,0,21,159.3165437,0,-392.2445984,909.8532715,306.0731659,-0.012,-1.080000009,-0.420000004,-0.007007457,0.133475366,0.016684421,TRUE
7833,1000_radii_1,-1,R,0,21,159.3331556,0,-392.3520203,909.9315186,306.0661888,-0.012,-1.080000009,-0.420000004,-0.006977283,0.132900635,0.016612579,TRUE
7834,1000_radii_1,-1,R,0,21,159.3498648,0,-392.4600525,910.0101929,306.0591774,-0.012,-1.080000009,-0.420000004,-0.007017472,0.133666138,0.016708267,TRUE
7835,1000_radii_1,-1,R,0,21,159.366558,0,-392.5680237,910.0888062,306.052166,-0.012,-1.080000009,-0.420000004,-0.007011387,0.133550226,0.016693778,TRUE
7836,1000_radii_1,-1,R,0,21,159.3832134,0,-392.6757507,910.1672363,306.0451698,-0.012,-1.080000009,-0.420000004,-0.006995286,0.133243542,0.016655443,TRUE
7837,1000_radii_1,-1,R,0,21,159.3999057,0,-392.7837219,910.2457886,306.0381546,-0.012,-1.080000009,-0.420000004,-0.007010753,0.133538152,0.016692269,TRUE
7838,1000_radii_1,-1,R,0,21,159.4165352,0,-392.8912964,910.3240356,306.0311699,-0.012,-1.080000009,-0.420000004,-0.006984256,0.133033451,0.016629181,TRUE
7839,1000_radii_1,-1,R,0,21,159.4332655,0,-392.9995422,910.402771,306.024147,-0.012,-1.080000009,-0.420000004,-0.007027234,0.133852081,0.01673151,TRUE
7840,1000_radii_1,-1,R,0,21,159.4498361,0,-393.1067505,910.4807129,306.0171852,-0.012,-1.080000009,-0.420000004,-0.006959534,0.132562557,0.01657032,TRUE
7841,1000_radii_1,-1,R,0,21,159.4665492,0,-393.2148743,910.5593262,306.01017,-0.012,-1.080000009,-0.420000004,-0.007018867,0.133692702,0.016711588,TRUE
7842,1000_radii_1,-1,R,0,21,159.4831663,0,-393.3224182,910.6375122,306.0031891,-0.012,-1.080000009,-0.420000004,-0.006979312,0.132939272,0.016617409,TRUE
7843,1000_radii_1,-1,R,0,21,159.4998417,0,-393.4303589,910.7159424,305.9961815,-0.012,-1.080000009,-0.420000004,-0.007004541,0.133419825,0.016677478,TRUE
7844,1000_radii_1,-1,R,0,21,159.5164808,0,-393.5380554,910.7941895,305.9891968,-0.012,-1.080000009,-0.420000004,-0.00698806,0.133105896,0.016638237,TRUE
7845,1000_radii_1,-1,R,0,21,159.5331275,0,-393.645813,910.8724365,305.9822006,-0.012,-1.080000009,-0.420000004,-0.006991736,0.133175926,0.016646991,TRUE
7846,1000_radii_1,-1,R,0,21,159.5499544,0,-393.7547302,910.9515381,305.975132,-0.012,-1.080000009,-0.420000004,-0.007067296,0.13461517,0.016826896,TRUE
7847,1000_radii_1,-1,R,0,21,159.5664683,0,-393.8616638,911.0291748,305.9682007,-0.012,-1.080000009,-0.420000004,-0.006936207,0.132118227,0.016514778,TRUE
7848,1000_radii_1,-1,R,0,21,159.5831533,0,-393.9696655,911.1075439,305.9611969,-0.012,-1.080000009,-0.420000004,-0.007006316,0.133453633,0.016681704,TRUE
7849,1000_radii_1,-1,R,0,21,159.5998238,0,-394.0776062,911.1858521,305.9541893,-0.012,-1.080000009,-0.420000004,-0.007002005,0.133371528,0.016671441,TRUE
7850,1000_radii_1,-1,R,0,21,159.6164865,0,-394.1855164,911.2640991,305.9471893,-0.012,-1.080000009,-0.420000004,-0.006998582,0.133306327,0.016663291,TRUE
7851,1000_radii_1,-1,R,0,21,159.6331915,0,-394.2937012,911.3425293,305.9401779,-0.012,-1.080000009,-0.420000004,-0.007016712,0.133651649,0.016706456,TRUE
7852,1000_radii_1,-1,R,0,21,159.6499142,0,-394.4020081,911.4210205,305.9331551,-0.012,-1.080000009,-0.420000004,-0.007023304,0.133777221,0.016722153,TRUE
7853,1000_radii_1,-1,R,0,21,159.6665319,0,-394.5096436,911.4990234,305.9261742,-0.012,-1.080000009,-0.420000004,-0.006979058,0.132934442,0.016616805,TRUE
7854,1000_radii_1,-1,R,0,21,159.6832031,0,-394.6176453,911.5772705,305.9191742,-0.012,-1.080000009,-0.420000004,-0.007001879,0.133369113,0.016671139,TRUE
7855,1000_radii_1,-1,R,0,21,159.6998664,0,-394.7255859,911.6554565,305.9121742,-0.012,-1.080000009,-0.420000004,-0.006998329,0.133301498,0.016662687,TRUE
7856,1000_radii_1,-1,R,0,21,159.7164883,0,-394.8332825,911.7334595,305.9051895,-0.012,-1.080000009,-0.420000004,-0.006981847,0.132987569,0.016623446,TRUE
7857,1000_radii_1,-1,R,0,21,159.73316,0,-394.9413147,911.8116455,305.8981895,-0.012,-1.080000009,-0.420000004,-0.007001879,0.133369113,0.016671139,TRUE
7858,1000_radii_1,-1,R,0,21,159.7498514,0,-395.049469,911.8899536,305.8911781,-0.012,-1.080000009,-0.420000004,-0.007010246,0.133528493,0.016691062,TRUE
7859,1000_radii_1,-1,R,0,21,159.7664881,0,-395.1572876,911.9679565,305.8841934,-0.012,-1.080000009,-0.420000004,-0.006987552,0.133096236,0.01663703,TRUE
7860,1000_radii_1,-1,R,0,21,159.7831813,0,-395.2655029,912.0462646,305.877182,-0.012,-1.080000009,-0.420000004,-0.00701126,0.133547811,0.016693476,TRUE
7861,1000_radii_1,-1,R,0,21,159.799882,0,-395.3737488,912.1245728,305.8701706,-0.012,-1.080000009,-0.420000004,-0.007014176,0.133603353,0.016700419,TRUE
7862,1000_radii_1,-1,R,0,21,159.8164798,0,-395.4813538,912.2023926,305.8631973,-0.012,-1.080000009,-0.420000004,-0.006971071,0.132782307,0.016597788,TRUE
7863,1000_radii_1,-1,R,0,21,159.8331374,0,-395.5893555,912.2804565,305.8562012,-0.012,-1.080000009,-0.420000004,-0.006996047,0.133258031,0.016657254,TRUE
7864,1000_radii_1,-1,R,0,21,159.8498212,0,-395.6975403,912.3586426,305.8491936,-0.012,-1.080000009,-0.420000004,-0.007007457,0.133475366,0.016684421,TRUE
7865,1000_radii_1,-1,R,0,21,159.8664558,0,-395.8054199,912.4365845,305.842205,-0.012,-1.080000009,-0.420000004,-0.006986919,0.133084162,0.01663552,TRUE
7866,1000_radii_1,-1,R,0,21,159.8831795,0,-395.9138794,912.5148926,305.8351784,-0.012,-1.080000009,-0.420000004,-0.007023684,0.133784465,0.016723058,TRUE
7867,1000_radii_1,-1,R,0,21,159.8998473,0,-396.0219727,912.5929565,305.8281822,-0.012,-1.080000009,-0.420000004,-0.007000864,0.133349794,0.016668724,TRUE
7868,1000_radii_1,-1,R,0,21,159.91657,0,-396.1304321,912.6712646,305.8211555,-0.012,-1.080000009,-0.420000004,-0.007023177,0.133774806,0.016721851,TRUE
7869,1000_radii_1,-1,R,0,21,159.9331407,0,-396.237915,912.7488403,305.8141975,-0.012,-1.080000009,-0.420000004,-0.006959534,0.132562557,0.01657032,TRUE
7870,1000_radii_1,-1,R,0,21,159.9498411,0,-396.3462219,912.8270264,305.8071861,-0.012,-1.080000009,-0.420000004,-0.007012908,0.133579204,0.016697401,TRUE
7871,1000_radii_1,-1,R,0,21,159.9664811,0,-396.4541931,912.9049072,305.8001976,-0.012,-1.080000009,-0.420000004,-0.006990342,0.133149363,0.01664367,TRUE
7872,1000_radii_1,-1,R,0,21,159.983136,0,-396.5622559,912.9828491,305.7932014,-0.012,-1.080000009,-0.420000004,-0.006995159,0.133241127,0.016655141,TRUE
7873,1000_radii_1,-1,R,0,21,159.9998777,0,-396.6708984,913.0611572,305.7861671,-0.012,-1.080000009,-0.420000004,-0.007031418,0.133931771,0.016741471,TRUE
7874,1000_radii_1,-1,R,0,21,160.016494,0,-396.778717,913.138855,305.7791901,-0.012,-1.080000009,-0.420000004,-0.00697703,0.132895805,0.016611976,TRUE
7875,1000_radii_1,-1,R,0,21,160.0331615,0,-396.8869019,913.2167969,305.7721863,-0.012,-1.080000009,-0.420000004,-0.007001245,0.133357039,0.01666963,TRUE
7876,1000_radii_1,-1,R,0,21,160.0498383,0,-396.9951477,913.2947998,305.7651825,-0.012,-1.080000009,-0.420000004,-0.007004541,0.133419825,0.016677478,TRUE
7877,1000_radii_1,-1,R,0,21,160.0664835,0,-397.1031799,913.3726196,305.758194,-0.012,-1.080000009,-0.420000004,-0.006990088,0.133144533,0.016643067,TRUE
7878,1000_radii_1,-1,R,0,21,160.0831302,0,-397.2112732,913.4504395,305.7512054,-0.012,-1.080000009,-0.420000004,-0.006992243,0.133185585,0.016648198,TRUE
7879,1000_radii_1,-1,R,0,21,160.0998279,0,-397.3197021,913.5285034,305.7441864,-0.012,-1.080000009,-0.420000004,-0.007013415,0.133588863,0.016698608,TRUE
7880,1000_radii_1,-1,R,0,21,160.1164677,0,-397.4277649,913.6062622,305.7372017,-0.012,-1.080000009,-0.420000004,-0.006989327,0.133130044,0.016641256,TRUE
7881,1000_radii_1,-1,R,0,21,160.1331841,0,-397.5363159,913.6843872,305.7301826,-0.012,-1.080000009,-0.420000004,-0.007020261,0.133719265,0.016714908,TRUE
7882,1000_radii_1,-1,R,0,21,160.1498706,0,-397.6446838,913.7623291,305.723175,-0.012,-1.080000009,-0.420000004,-0.007008217,0.133489855,0.016686232,TRUE
7883,1000_radii_1,-1,R,0,21,160.1664726,0,-397.7525024,913.8399048,305.7162018,-0.012,-1.080000009,-0.420000004,-0.006972846,0.132816115,0.016602014,TRUE
7884,1000_radii_1,-1,R,0,21,160.1831576,0,-397.8608704,913.9177856,305.7091942,-0.012,-1.080000009,-0.420000004,-0.007006443,0.133456047,0.016682006,TRUE
7885,1000_radii_1,-1,R,0,21,160.1999021,0,-397.969635,913.9959717,305.7021561,-0.012,-1.080000009,-0.420000004,-0.007032559,0.133953504,0.016744188,TRUE
7886,1000_radii_1,-1,R,0,21,160.2164553,0,-398.077179,914.0732422,305.6952095,-0.012,-1.080000009,-0.420000004,-0.006953069,0.1324394,0.016554925,TRUE
7887,1000_radii_1,-1,R,0,21,160.2331164,0,-398.1854248,914.151001,305.6882057,-0.012,-1.080000009,-0.420000004,-0.006997061,0.133277349,0.016659669,TRUE
7888,1000_radii_1,-1,R,0,21,160.2498075,0,-398.2938843,914.2288818,305.6811981,-0.012,-1.080000009,-0.420000004,-0.007011387,0.133550226,0.016693778,TRUE
7889,1000_radii_1,-1,R,0,21,160.2664765,0,-398.4021912,914.3066406,305.6741943,-0.012,-1.080000009,-0.420000004,-0.00699985,0.133330476,0.016666309,TRUE
7890,1000_radii_1,-1,R,0,21,160.2831477,0,-398.5105591,914.3844604,305.6671982,-0.012,-1.080000009,-0.420000004,-0.007003146,0.133393262,0.016674158,TRUE
7891,1000_radii_1,-1,R,0,21,160.2997913,0,-398.6187439,914.4620972,305.6602058,-0.012,-1.080000009,-0.420000004,-0.006990595,0.133154193,0.016644274,TRUE
7892,1000_radii_1,-1,R,0,21,160.316493,0,-398.7272949,914.539978,305.6531906,-0.012,-1.080000009,-0.420000004,-0.007014937,0.133617842,0.01670223,TRUE
7893,1000_radii_1,-1,R,0,21,160.3331481,0,-398.8355713,914.6176147,305.6461945,-0.012,-1.080000009,-0.420000004,-0.006995413,0.133245956,0.016655745,TRUE
7894,1000_radii_1,-1,R,0,21,160.3498352,0,-398.9440308,914.6954346,305.6391869,-0.012,-1.080000009,-0.420000004,-0.007007837,0.133482611,0.016685326,TRUE
7895,1000_radii_1,-1,R,0,21,160.3665197,0,-399.0524902,914.7731934,305.6321793,-0.012,-1.080000009,-0.420000004,-0.007007076,0.133468122,0.016683515,TRUE
7896,1000_radii_1,-1,R,0,21,160.3831848,0,-399.1608582,914.8508911,305.6251755,-0.012,-1.080000009,-0.420000004,-0.00699985,0.133330476,0.016666309,TRUE
7897,1000_radii_1,-1,R,0,21,160.399864,0,-399.2693176,914.9285889,305.6181755,-0.012,-1.080000009,-0.420000004,-0.007005682,0.133441558,0.016680195,TRUE
7898,1000_radii_1,-1,R,0,21,160.4164398,0,-399.3771057,915.0057983,305.6112099,-0.012,-1.080000009,-0.420000004,-0.006961816,0.132606024,0.016575753,TRUE
7899,1000_radii_1,-1,R,0,21,160.433213,0,-399.4861755,915.0839233,305.6041679,-0.012,-1.080000009,-0.420000004,-0.007042448,0.134141861,0.016767733,TRUE
7900,1000_radii_1,-1,R,0,21,160.4498612,0,-399.5944824,915.161499,305.5971756,-0.012,-1.080000009,-0.420000004,-0.006993765,0.133214564,0.01665182,TRUE
7901,1000_radii_1,-1,R,0,21,160.466455,0,-399.7024231,915.2387695,305.5902061,-0.012,-1.080000009,-0.420000004,-0.00696917,0.132746085,0.016593261,TRUE
7902,1000_radii_1,-1,R,0,21,160.4831754,0,-399.8112183,915.3166504,305.5831833,-0.012,-1.080000009,-0.420000004,-0.007024318,0.13379654,0.016724567,TRUE
7903,1000_radii_1,-1,R,0,21,160.4997991,0,-399.919342,915.394043,305.5762024,-0.012,-1.080000009,-0.420000004,-0.006980073,0.132953761,0.01661922,TRUE
7904,1000_radii_1,-1,R,0,21,160.5164621,0,-400.027771,915.4716187,305.5692024,-0.012,-1.080000009,-0.420000004,-0.006998075,0.133296668,0.016662084,TRUE
7905,1000_radii_1,-1,R,0,21,160.5331097,0,-400.1361084,915.5490723,305.5622101,-0.012,-1.080000009,-0.420000004,-0.006993258,0.133204904,0.016650613,TRUE
7906,1000_radii_1,-1,R,0,21,160.5498358,0,-400.244812,915.62677,305.555191,-0.012,-1.080000009,-0.420000004,-0.007016078,0.133639575,0.016704947,TRUE
7907,1000_radii_1,-1,R,0,21,160.5664634,0,-400.3531799,915.7042236,305.5482025,-0.012,-1.080000009,-0.420000004,-0.00699275,0.133195245,0.016649406,TRUE
7908,1000_radii_1,-1,R,0,21,160.5831228,0,-400.4616089,915.7817383,305.5412025,-0.012,-1.080000009,-0.420000004,-0.006997061,0.133277349,0.016659669,TRUE
7909,1000_radii_1,-1,R,0,21,160.5997937,0,-400.5701294,915.8592529,305.5342026,-0.012,-1.080000009,-0.420000004,-0.007001118,0.133354624,0.016669328,TRUE
7910,1000_radii_1,-1,R,0,21,160.6165409,0,-400.6791687,915.9371338,305.5271721,-0.012,-1.080000009,-0.420000004,-0.007034714,0.133994556,0.01674932,TRUE
7911,1000_radii_1,-1,R,0,21,160.6331936,0,-400.7875977,916.0145264,305.5201759,-0.012,-1.080000009,-0.420000004,-0.006994145,0.133221808,0.016652726,TRUE
7912,1000_radii_1,-1,R,0,21,160.6498436,0,-400.8959961,916.0919189,305.5131836,-0.012,-1.080000009,-0.420000004,-0.006992877,0.13319766,0.016649707,TRUE
7913,1000_radii_1,-1,R,0,21,160.6664619,0,-401.0042114,916.1691284,305.5062103,-0.012,-1.080000009,-0.420000004,-0.006979185,0.132936857,0.016617107,TRUE
7914,1000_radii_1,-1,R,0,21,160.6830926,0,-401.1125183,916.2463989,305.499218,-0.012,-1.080000009,-0.420000004,-0.006985144,0.133050355,0.016631294,TRUE
7915,1000_radii_1,-1,R,0,21,160.6997957,0,-401.2213135,916.3239746,305.4922028,-0.012,-1.080000009,-0.420000004,-0.007015064,0.133620256,0.016702532,TRUE
7916,1000_radii_1,-1,R,0,21,160.7164596,0,-401.329834,916.4013672,305.4852028,-0.012,-1.080000009,-0.420000004,-0.006997948,0.133294253,0.016661782,TRUE
7917,1000_radii_1,-1,R,0,21,160.733145,0,-401.4385376,916.4788818,305.4781952,-0.012,-1.080000009,-0.420000004,-0.007008978,0.133504344,0.016688043,TRUE
7918,1000_radii_1,-1,R,0,21,160.7498028,0,-401.5470581,916.5562134,305.4712029,-0.012,-1.080000009,-0.420000004,-0.006996427,0.133265275,0.016658159,TRUE
7919,1000_radii_1,-1,R,0,21,160.7664574,0,-401.6555481,916.6335449,305.4642029,-0.012,-1.080000009,-0.420000004,-0.006994145,0.133221808,0.016652726,TRUE
7920,1000_radii_1,-1,R,0,21,160.7830711,0,-401.7637939,916.7106323,305.4572258,-0.012,-1.080000009,-0.420000004,-0.006978044,0.132915124,0.01661439,TRUE
7921,1000_radii_1,-1,R,0,21,160.7997978,0,-401.8728027,916.788269,305.4502029,-0.012,-1.080000009,-0.420000004,-0.007025333,0.133815858,0.016726982,TRUE
7922,1000_radii_1,-1,R,0,21,160.81644,0,-401.9812622,916.8654785,305.4432144,-0.012,-1.080000009,-0.420000004,-0.006989581,0.133134874,0.016641859,TRUE
7923,1000_radii_1,-1,R,0,21,160.833154,0,-402.09021,916.9429932,305.4361916,-0.012,-1.080000009,-0.420000004,-0.007020008,0.133714435,0.016714304,TRUE
7924,1000_radii_1,-1,R,0,21,160.8497804,0,-402.1985168,917.0200806,305.4292145,-0.012,-1.080000009,-0.420000004,-0.006979819,0.132948931,0.016618616,TRUE
7925,1000_radii_1,-1,R,0,21,160.8664926,0,-402.3075256,917.0975952,305.4221878,-0.012,-1.080000009,-0.420000004,-0.00702267,0.133765147,0.016720643,TRUE
7926,1000_radii_1,-1,R,0,21,160.8831493,0,-402.4161072,917.1748047,305.4151917,-0.012,-1.080000009,-0.420000004,-0.006995793,0.133253201,0.01665665,TRUE
7927,1000_radii_1,-1,R,0,21,160.8998358,0,-402.5249023,917.2521362,305.4081879,-0.012,-1.080000009,-0.420000004,-0.007008344,0.13349227,0.016686534,TRUE
7928,1000_radii_1,-1,R,0,21,160.9164339,0,-402.6331177,917.3290405,305.4012146,-0.012,-1.080000009,-0.420000004,-0.006970944,0.132779893,0.016597487,TRUE
7929,1000_radii_1,-1,R,0,21,160.9331684,0,-402.7422485,917.4066162,305.3941879,-0.012,-1.080000009,-0.420000004,-0.007028502,0.133876229,0.016734529,TRUE
7930,1000_radii_1,-1,R,0,21,160.9498169,0,-402.8507996,917.4837646,305.3871956,-0.012,-1.080000009,-0.420000004,-0.006991483,0.133171096,0.016646387,TRUE
7931,1000_radii_1,-1,R,0,21,160.9664848,0,-402.9595337,917.5609741,305.3801918,-0.012,-1.080000009,-0.420000004,-0.007001752,0.133366698,0.016670837,TRUE
7932,1000_radii_1,-1,R,0,21,160.9830955,0,-403.0678711,917.6379395,305.3732147,-0.012,-1.080000009,-0.420000004,-0.006976269,0.132881316,0.016610164,TRUE
7933,1000_radii_1,-1,R,0,21,160.9997796,0,-403.1766968,917.71521,305.3662071,-0.012,-1.080000009,-0.420000004,-0.00700733,0.133472951,0.016684119,TRUE
7934,1000_radii_1,-1,R,0,21,161.0164447,0,-403.2854004,917.7923584,305.3592148,-0.012,-1.080000009,-0.420000004,-0.006997822,0.133291838,0.01666148,TRUE
7935,1000_radii_1,-1,R,0,21,161.0331062,0,-403.394104,917.8695068,305.3522148,-0.012,-1.080000009,-0.420000004,-0.006998709,0.133308742,0.016663593,TRUE
7936,1000_radii_1,-1,R,0,21,161.0498193,0,-403.5031738,917.9468994,305.345192,-0.012,-1.080000009,-0.420000004,-0.007020261,0.133719265,0.016714908,TRUE
7937,1000_radii_1,-1,R,0,21,161.0664126,0,-403.6114502,918.0236816,305.3382263,-0.012,-1.080000009,-0.420000004,-0.00696917,0.132746085,0.016593261,TRUE
7938,1000_radii_1,-1,R,0,21,161.0831039,0,-403.7203674,918.1008911,305.3312149,-0.012,-1.080000009,-0.420000004,-0.007010246,0.133528493,0.016691062,TRUE
7939,1000_radii_1,-1,R,0,21,161.0998059,0,-403.8293762,918.1781616,305.3241997,-0.012,-1.080000009,-0.420000004,-0.00701481,0.133615427,0.016701928,TRUE
7940,1000_radii_1,-1,R,0,21,161.1164785,0,-403.9382019,918.2553101,305.3171959,-0.012,-1.080000009,-0.420000004,-0.007002639,0.133383602,0.01667295,TRUE
7941,1000_radii_1,-1,R,0,21,161.1331415,0,-404.0469666,918.3323975,305.3101959,-0.012,-1.080000009,-0.420000004,-0.006998455,0.133303913,0.016662989,TRUE
7942,1000_radii_1,-1,R,0,21,161.149813,0,-404.1557922,918.4094849,305.3031921,-0.012,-1.080000009,-0.420000004,-0.007002005,0.133371528,0.016671441,TRUE
7943,1000_radii_1,-1,R,0,21,161.1664409,0,-404.2643127,918.4863281,305.2962112,-0.012,-1.080000009,-0.420000004,-0.006981974,0.132989984,0.016623748,TRUE
7944,1000_radii_1,-1,R,0,21,161.1830831,0,-404.3730164,918.5632935,305.2892189,-0.012,-1.080000009,-0.420000004,-0.006991356,0.133168682,0.016646085,TRUE
7945,1000_radii_1,-1,R,0,21,161.1998134,0,-404.4822388,918.640564,305.282196,-0.012,-1.080000009,-0.420000004,-0.007024572,0.133801369,0.016725171,TRUE
7946,1000_radii_1,-1,R,0,21,161.2164634,0,-404.5909729,918.7175293,305.2751999,-0.012,-1.080000009,-0.420000004,-0.006994018,0.133219393,0.016652424,TRUE
7947,1000_radii_1,-1,R,0,21,161.2330693,0,-404.6994324,918.7942505,305.2682304,-0.012,-1.080000009,-0.420000004,-0.006975382,0.132864412,0.016608051,TRUE
7948,1000_radii_1,-1,R,0,21,161.249777,0,-404.8084412,918.8713379,305.261219,-0.012,-1.080000009,-0.420000004,-0.007009232,0.133509174,0.016688647,TRUE
7949,1000_radii_1,-1,R,0,21,161.2664264,0,-404.9173279,918.9483032,305.2542191,-0.012,-1.080000009,-0.420000004,-0.007000357,0.133340135,0.016667517,TRUE
7950,1000_radii_1,-1,R,0,21,161.2830969,0,-405.0262146,919.0252686,305.2472191,-0.012,-1.080000009,-0.420000004,-0.007001245,0.133357039,0.01666963,TRUE
7951,1000_radii_1,-1,R,0,21,161.2997651,0,-405.1350098,919.1021118,305.2402267,-0.012,-1.080000009,-0.420000004,-0.006993004,0.133200074,0.016650009,TRUE
7952,1000_radii_1,-1,R,0,21,161.3164081,0,-405.243866,919.1790161,305.233223,-0.012,-1.080000009,-0.420000004,-0.006998075,0.133296668,0.016662084,TRUE
7953,1000_radii_1,-1,R,0,21,161.3332118,0,-405.3536682,919.2565918,305.2261696,-0.012,-1.080000009,-0.420000004,-0.007057534,0.134429227,0.016803653,TRUE
7954,1000_radii_1,-1,R,0,22,161.3498485,0,-405.4624023,919.333374,305.2191772,-0.012,-1.080000009,-0.420000004,-0.006987426,0.133093822,0.016636728,FALSE
7955,1000_radii_1,-1,R,0,22,161.3673256,0,-405.5765991,919.4140015,305.2118416,-0.012,-1.080000009,-0.420000004,-0.00733835,0.139778094,0.017472262,FALSE
7956,1000_radii_1,-1,R,0,22,161.3830984,0,-405.679718,919.4867554,305.2052193,-0.012,-1.080000009,-0.420000004,-0.006626232,0.126213947,0.015776743,FALSE
7957,1000_radii_1,-1,R,0,22,161.3997303,0,-405.7883606,919.5634155,305.1982384,-0.012,-1.080000009,-0.420000004,-0.00698134,0.132977909,0.016622239,FALSE
7958,1000_radii_1,-1,R,0,22,161.4164437,0,-405.8977051,919.640564,305.1912079,-0.012,-1.080000009,-0.420000004,-0.007025459,0.133818273,0.016727284,FALSE
7959,1000_radii_1,-1,R,0,22,161.4330795,0,-406.0064392,919.7172241,305.1842232,-0.012,-1.080000009,-0.420000004,-0.006985904,0.133064844,0.016633105,FALSE
7960,1000_radii_1,-1,R,0,22,161.4497193,0,-406.1152344,919.7939453,305.1772385,-0.012,-1.080000009,-0.420000004,-0.00698844,0.13311314,0.016639143,FALSE
7961,1000_radii_1,-1,R,0,22,161.4663919,0,-406.2242737,919.8707886,305.1702347,-0.012,-1.080000009,-0.420000004,-0.007002893,0.133388432,0.016673554,FALSE
7962,1000_radii_1,-1,R,0,22,161.4830628,0,-406.3332825,919.9475708,305.1632309,-0.012,-1.080000009,-0.420000004,-0.007000611,0.133344965,0.016668121,FALSE
7963,1000_radii_1,-1,R,0,22,161.4997587,0,-406.4423523,920.0244141,305.1562309,-0.012,-1.080000009,-0.420000004,-0.007004287,0.133414995,0.016676874,FALSE
7964,1000_radii_1,-1,R,0,22,161.5163851,0,-406.551239,920.1010742,305.1492348,-0.012,-1.080000009,-0.420000004,-0.00699199,0.133180756,0.016647594,FALSE
7965,1000_radii_1,-1,R,0,22,161.5330708,0,-406.6604004,920.1779175,305.1422272,-0.012,-1.080000009,-0.420000004,-0.007008471,0.133494685,0.016686836,FALSE
7966,1000_radii_1,-1,R,0,22,161.5497893,0,-406.7697144,920.2548828,305.1352119,-0.012,-1.080000009,-0.420000004,-0.007017726,0.133670968,0.016708871,FALSE
7967,1000_radii_1,-1,R,0,22,161.5663762,0,-406.8782959,920.3312988,305.1282425,-0.012,-1.080000009,-0.420000004,-0.006970057,0.132762989,0.016595374,FALSE
7968,1000_radii_1,-1,R,0,22,161.5831023,0,-406.9877319,920.4083252,305.121212,-0.012,-1.080000009,-0.420000004,-0.007025459,0.133818273,0.016727284,FALSE
7969,1000_radii_1,-1,R,0,22,161.599762,0,-407.0967407,920.4849854,305.1142197,-0.012,-1.080000009,-0.420000004,-0.006996934,0.133274934,0.016659367,FALSE
7970,1000_radii_1,-1,R,0,22,161.616469,0,-407.2060547,920.5618896,305.1072006,-0.012,-1.080000009,-0.420000004,-0.007016585,0.133649234,0.016706154,FALSE
7971,1000_radii_1,-1,R,0,22,161.6330946,0,-407.3148804,920.6383667,305.1002159,-0.012,-1.080000009,-0.420000004,-0.006983115,0.133011717,0.016626465,FALSE
7972,1000_radii_1,-1,R,0,22,161.6497011,0,-407.423584,920.7147827,305.0932388,-0.012,-1.080000009,-0.420000004,-0.006975255,0.132861997,0.01660775,FALSE
7973,1000_radii_1,-1,R,0,22,161.6664526,0,-407.5332336,920.7918091,305.0862083,-0.012,-1.080000009,-0.420000004,-0.007035221,0.134004216,0.016750527,FALSE
7974,1000_radii_1,-1,R,0,22,161.6830663,0,-407.6419983,920.8682251,305.0792313,-0.012,-1.080000009,-0.420000004,-0.006978171,0.132917538,0.016614692,FALSE
7975,1000_radii_1,-1,R,0,22,161.6996955,0,-407.7508545,920.9447021,305.0722427,-0.012,-1.080000009,-0.420000004,-0.006984003,0.133028621,0.016628578,FALSE
7976,1000_radii_1,-1,R,0,22,161.716399,0,-407.8602295,921.0214844,305.0652313,-0.012,-1.080000009,-0.420000004,-0.007015317,0.133625086,0.016703136,FALSE
7977,1000_radii_1,-1,R,0,22,161.7330834,0,-407.9694824,921.0981445,305.0582199,-0.012,-1.080000009,-0.420000004,-0.007007457,0.133475366,0.016684421,FALSE
7978,1000_radii_1,-1,R,0,22,161.7497174,0,-408.0783997,921.1745605,305.051239,-0.012,-1.080000009,-0.420000004,-0.006985397,0.133055184,0.016631898,FALSE
7979,1000_radii_1,-1,R,0,22,161.7663755,0,-408.1875,921.2510986,305.0442352,-0.012,-1.080000009,-0.420000004,-0.006997314,0.133282179,0.016660272,FALSE
7980,1000_radii_1,-1,R,0,22,161.7831222,0,-408.2971802,921.3280029,305.0372086,-0.012,-1.080000009,-0.420000004,-0.007033193,0.133965578,0.016745697,FALSE
7981,1000_radii_1,-1,R,0,22,161.7997082,0,-408.4058228,921.4041748,305.0302429,-0.012,-1.080000009,-0.420000004,-0.006966507,0.132695373,0.016586922,FALSE
7982,1000_radii_1,-1,R,0,22,161.8163618,0,-408.5149231,921.4806519,305.023243,-0.012,-1.080000009,-0.420000004,-0.006994652,0.133231467,0.016653933,FALSE
7983,1000_radii_1,-1,R,0,22,161.8331325,0,-408.6247864,921.5576782,305.0162048,-0.012,-1.080000009,-0.420000004,-0.007043462,0.13416118,0.016770148,FALSE
7984,1000_radii_1,-1,R,0,22,161.8497835,0,-408.7337341,921.6340332,305.0092163,-0.012,-1.080000009,-0.420000004,-0.006984637,0.133040695,0.016630087,FALSE
7985,1000_radii_1,-1,R,0,22,161.8664268,0,-408.842926,921.7105103,305.0022163,-0.012,-1.080000009,-0.420000004,-0.006998709,0.133308742,0.016663593,FALSE
7986,1000_radii_1,-1,R,0,22,161.8830657,0,-408.9519653,921.7868652,304.9952316,-0.012,-1.080000009,-0.420000004,-0.00698882,0.133120385,0.016640048,FALSE
7987,1000_radii_1,-1,R,0,22,161.8996997,0,-409.0609741,921.8631592,304.9882431,-0.012,-1.080000009,-0.420000004,-0.006986031,0.133067258,0.016633407,FALSE
7988,1000_radii_1,-1,R,0,22,161.9163726,0,-409.1702576,921.9396362,304.9812431,-0.012,-1.080000009,-0.420000004,-0.007002893,0.133388432,0.016673554,FALSE
7989,1000_radii_1,-1,R,0,22,161.9330468,0,-409.279541,922.0161133,304.9742393,-0.012,-1.080000009,-0.420000004,-0.007003146,0.133393262,0.016674158,FALSE
7990,1000_radii_1,-1,R,0,22,161.9497107,0,-409.3887634,922.0925293,304.9672432,-0.012,-1.080000009,-0.420000004,-0.006997061,0.133277349,0.016659669,FALSE
7991,1000_radii_1,-1,R,0,22,161.9664063,0,-409.49823,922.1690674,304.960228,-0.012,-1.080000009,-0.420000004,-0.007012908,0.133579204,0.016697401,FALSE
7992,1000_radii_1,-1,R,0,22,161.9830768,0,-409.6075439,922.2454834,304.953228,-0.012,-1.080000009,-0.420000004,-0.007002512,0.133381187,0.016672648,FALSE
7993,1000_radii_1,-1,R,0,22,161.9997271,0,-409.7167358,922.3217773,304.946228,-0.012,-1.080000009,-0.420000004,-0.006993258,0.133204904,0.016650613,FALSE
7994,1000_radii_1,-1,R,0,22,162.0164454,0,-409.8263245,922.3983765,304.9392128,-0.012,-1.080000009,-0.420000004,-0.007019754,0.133709605,0.016713701,FALSE
7995,1000_radii_1,-1,R,0,22,162.0330395,0,-409.9351807,922.4744263,304.9322395,-0.012,-1.080000009,-0.420000004,-0.006970564,0.132772648,0.016596581,FALSE
7996,1000_radii_1,-1,R,0,22,162.0496772,0,-410.0443115,922.5506592,304.9252548,-0.012,-1.080000009,-0.420000004,-0.00698806,0.133105896,0.016638237,FALSE
7997,1000_radii_1,-1,R,0,22,162.0663797,0,-410.1538696,922.6271362,304.9182358,-0.012,-1.080000009,-0.420000004,-0.00701519,0.133622671,0.016702834,FALSE
7998,1000_radii_1,-1,R,0,22,162.0830813,0,-410.2634277,922.7036133,304.9112244,-0.012,-1.080000009,-0.420000004,-0.007014556,0.133610597,0.016701325,FALSE
7999,1000_radii_1,-1,R,0,22,162.0997437,0,-410.3727417,922.7799072,304.9042282,-0.012,-1.080000009,-0.420000004,-0.006997822,0.133291838,0.01666148,FALSE
8000,1000_radii_1,-1,R,0,22,162.1164643,0,-410.4824219,922.8564453,304.8972015,-0.012,-1.080000009,-0.420000004,-0.007022163,0.133755487,0.016719436,FALSE
8001,1000_radii_1,-1,R,0,22,162.1330431,0,-410.591217,922.932312,304.8902359,-0.012,-1.080000009,-0.420000004,-0.006963718,0.132642247,0.016580281,FALSE
8002,1000_radii_1,-1,R,0,22,162.1496967,0,-410.7005005,923.0085449,304.8832474,-0.012,-1.080000009,-0.420000004,-0.006995413,0.133245956,0.016655745,FALSE
8003,1000_radii_1,-1,R,0,22,162.1664865,0,-410.8106689,923.0853271,304.876194,-0.012,-1.080000009,-0.420000004,-0.007050815,0.134301241,0.016787655,FALSE
8004,1000_radii_1,-1,R,0,22,162.1831057,0,-410.9197693,923.161377,304.8692131,-0.012,-1.080000009,-0.420000004,-0.00698096,0.132970665,0.016621333,FALSE
8005,1000_radii_1,-1,R,0,22,162.1997406,0,-411.0289612,923.2374878,304.8622246,-0.012,-1.080000009,-0.420000004,-0.006986792,0.133081747,0.016635218,FALSE
8006,1000_radii_1,-1,R,0,22,162.2164067,0,-411.1383362,923.3136597,304.8552284,-0.012,-1.080000009,-0.420000004,-0.006997314,0.133282179,0.016660272,FALSE
8007,1000_radii_1,-1,R,0,22,162.2331373,0,-411.2481995,923.3901978,304.8482018,-0.012,-1.080000009,-0.420000004,-0.007028249,0.1338714,0.016733925,FALSE
8008,1000_radii_1,-1,R,0,22,162.2496695,0,-411.3567505,923.4657593,304.8412552,-0.012,-1.080000009,-0.420000004,-0.00694394,0.132265532,0.016533192,FALSE
8009,1000_radii_1,-1,R,0,22,162.2663621,0,-411.4663696,923.5420532,304.8342438,-0.012,-1.080000009,-0.420000004,-0.007011133,0.133545396,0.016693175,FALSE
8010,1000_radii_1,-1,R,0,22,162.2830248,0,-411.5757751,923.6181641,304.8272438,-0.012,-1.080000009,-0.420000004,-0.006997441,0.133284594,0.016660574,FALSE
8011,1000_radii_1,-1,R,0,22,162.2997367,0,-411.6855469,923.694519,304.8202286,-0.012,-1.080000009,-0.420000004,-0.007019754,0.133709605,0.016713701,FALSE
8012,1000_radii_1,-1,R,0,22,162.3163885,0,-411.7949219,923.7705688,304.8132401,-0.012,-1.080000009,-0.420000004,-0.006994018,0.133219393,0.016652424,FALSE
8013,1000_radii_1,-1,R,0,22,162.3330693,0,-411.90448,923.8467407,304.8062286,-0.012,-1.080000009,-0.420000004,-0.007005935,0.133446388,0.016680799,FALSE
8014,1000_radii_1,-1,R,0,22,162.3497163,0,-412.0138245,923.9227295,304.7992363,-0.012,-1.080000009,-0.420000004,-0.006991609,0.133173511,0.016646689,FALSE
8015,1000_radii_1,-1,R,0,22,162.3664125,0,-412.1235046,923.9989624,304.7922249,-0.012,-1.080000009,-0.420000004,-0.007013162,0.133584034,0.016698004,TRUE
8016,1000_radii_1,-1,R,0,22,162.3830064,0,-412.2325134,924.074707,304.7852516,-0.012,-1.080000009,-0.420000004,-0.006968789,0.13273884,0.016592355,TRUE
8017,1000_radii_1,-1,R,0,22,162.3996751,0,-412.342041,924.1507568,304.7782555,-0.012,-1.080000009,-0.420000004,-0.007000991,0.133352209,0.016669026,TRUE
8018,1000_radii_1,-1,R,0,22,162.4164114,0,-412.4520264,924.2271118,304.7712212,-0.012,-1.080000009,-0.420000004,-0.007029136,0.133888303,0.016736038,TRUE
8019,1000_radii_1,-1,R,0,22,162.4330125,0,-412.5610352,924.3027954,304.7642555,-0.012,-1.080000009,-0.420000004,-0.006967395,0.132712277,0.016589035,TRUE
8020,1000_radii_1,-1,R,0,22,162.4497791,0,-412.6712036,924.3792725,304.7572136,-0.012,-1.080000009,-0.420000004,-0.007039785,0.13409115,0.016761394,TRUE
8021,1000_radii_1,-1,R,0,22,162.4663877,0,-412.7804565,924.4550781,304.7502327,-0.012,-1.080000009,-0.420000004,-0.00698134,0.132977909,0.016622239,TRUE
8022,1000_radii_1,-1,R,0,22,162.4830392,0,-412.8899231,924.5310059,304.7432442,-0.012,-1.080000009,-0.420000004,-0.006994525,0.133229053,0.016653632,TRUE
8023,1000_radii_1,-1,R,0,22,162.4997227,0,-412.9996033,924.6070557,304.7362366,-0.012,-1.080000009,-0.420000004,-0.007007837,0.133482611,0.016685326,TRUE
8024,1000_radii_1,-1,R,0,22,162.5163498,0,-413.1089172,924.6828613,304.729248,-0.012,-1.080000009,-0.420000004,-0.006983749,0.133023791,0.016627974,TRUE
8025,1000_radii_1,-1,R,0,22,162.5330536,0,-413.21875,924.7589722,304.7222328,-0.012,-1.080000009,-0.420000004,-0.007015824,0.133634745,0.016704343,TRUE
8026,1000_radii_1,-1,R,0,22,162.5496855,0,-413.3280945,924.8347778,304.7152519,-0.012,-1.080000009,-0.420000004,-0.00698451,0.13303828,0.016629785,TRUE
8027,1000_radii_1,-1,R,0,22,162.5664007,0,-413.4379883,924.9109497,304.7082291,-0.012,-1.080000009,-0.420000004,-0.007019754,0.133709605,0.016713701,TRUE
8028,1000_radii_1,-1,R,0,22,162.5830561,0,-413.5475159,924.9868164,304.7012329,-0.012,-1.080000009,-0.420000004,-0.006995413,0.133245956,0.016655745,TRUE
8029,1000_radii_1,-1,R,0,22,162.5997879,0,-413.6575012,925.0629883,304.6942101,-0.012,-1.080000009,-0.420000004,-0.007023811,0.13378688,0.01672336,TRUE
8030,1000_radii_1,-1,R,0,22,162.616386,0,-413.7667542,925.1386108,304.6872368,-0.012,-1.080000009,-0.420000004,-0.006975635,0.132869242,0.016608655,TRUE
8031,1000_radii_1,-1,R,0,22,162.6330095,0,-413.8760986,925.2142944,304.6802559,-0.012,-1.080000009,-0.420000004,-0.006981721,0.132985154,0.016623144,TRUE
8032,1000_radii_1,-1,R,0,22,162.64967,0,-413.9856873,925.2901001,304.6732559,-0.012,-1.080000009,-0.420000004,-0.006997188,0.133279764,0.016659971,TRUE
8033,1000_radii_1,-1,R,0,22,162.6663976,0,-414.0957642,925.3662109,304.6662292,-0.012,-1.080000009,-0.420000004,-0.007026093,0.133830347,0.016728793,TRUE
8034,1000_radii_1,-1,R,0,22,162.6830111,0,-414.2050781,925.4418335,304.6592484,-0.012,-1.080000009,-0.420000004,-0.006977537,0.132905464,0.016613183,TRUE
8035,1000_radii_1,-1,R,0,22,162.6996702,0,-414.3146973,925.5176392,304.652256,-0.012,-1.080000009,-0.420000004,-0.006996554,0.13326769,0.016658461,TRUE
8036,1000_radii_1,-1,R,0,22,162.7163422,0,-414.424408,925.5935059,304.645256,-0.012,-1.080000009,-0.420000004,-0.007002386,0.133378773,0.016672347,TRUE
8037,1000_radii_1,-1,R,0,22,162.7330182,0,-414.5341492,925.6693726,304.6382484,-0.012,-1.080000009,-0.420000004,-0.007004034,0.133410165,0.016676271,TRUE
8038,1000_radii_1,-1,R,0,22,162.7496839,0,-414.6438293,925.7451782,304.6312485,-0.012,-1.080000009,-0.420000004,-0.006999343,0.133320816,0.016665102,TRUE
8039,1000_radii_1,-1,R,0,22,162.7663677,0,-414.7536621,925.8210449,304.6242447,-0.012,-1.080000009,-0.420000004,-0.007007457,0.133475366,0.016684421,TRUE
8040,1000_radii_1,-1,R,0,22,162.7830509,0,-414.8634949,925.8968506,304.6172371,-0.012,-1.080000009,-0.420000004,-0.007006569,0.133458462,0.016682308,TRUE
8041,1000_radii_1,-1,R,0,22,162.7997381,0,-414.9733582,925.9726563,304.6102295,-0.012,-1.080000009,-0.420000004,-0.007008344,0.13349227,0.016686534,TRUE
8042,1000_radii_1,-1,R,0,22,162.816411,0,-415.0831604,926.0484009,304.6032257,-0.012,-1.080000009,-0.420000004,-0.0070034,0.133398091,0.016674761,TRUE
8043,1000_radii_1,-1,R,0,22,162.8330773,0,-415.1929016,926.1241455,304.5962219,-0.012,-1.080000009,-0.420000004,-0.00699985,0.133330476,0.016666309,TRUE
8044,1000_radii_1,-1,R,0,22,162.8497291,0,-415.3025513,926.1997681,304.5892334,-0.012,-1.080000009,-0.420000004,-0.006993384,0.133207319,0.016650915,TRUE
8045,1000_radii_1,-1,R,0,22,162.8663731,0,-415.4121704,926.2753296,304.5822411,-0.012,-1.080000009,-0.420000004,-0.006990342,0.133149363,0.01664367,TRUE
8046,1000_radii_1,-1,R,0,22,162.8830874,0,-415.5222778,926.3512573,304.5752182,-0.012,-1.080000009,-0.420000004,-0.007020642,0.133726509,0.016715814,TRUE
8047,1000_radii_1,-1,R,0,22,162.899684,0,-415.6315918,926.4265747,304.5682526,-0.012,-1.080000009,-0.420000004,-0.00696993,0.132760574,0.016595072,TRUE
8048,1000_radii_1,-1,R,0,22,162.9163319,0,-415.741272,926.5021362,304.5612602,-0.012,-1.080000009,-0.420000004,-0.006992497,0.133190415,0.016648802,TRUE
8049,1000_radii_1,-1,R,0,22,162.9330468,0,-415.8513794,926.5780029,304.5542374,-0.012,-1.080000009,-0.420000004,-0.007020261,0.133719265,0.016714908,TRUE
8050,1000_radii_1,-1,R,0,22,162.9496841,0,-415.960968,926.6535034,304.5472527,-0.012,-1.080000009,-0.420000004,-0.006986158,0.133069673,0.016633709,TRUE
8051,1000_radii_1,-1,R,0,22,162.9663586,0,-416.0708618,926.729187,304.5402451,-0.012,-1.080000009,-0.420000004,-0.007004034,0.133410165,0.016676271,TRUE
8052,1000_radii_1,-1,R,0,22,162.9830424,0,-416.1808167,926.8048706,304.5332413,-0.012,-1.080000009,-0.420000004,-0.00700733,0.133472951,0.016684119,TRUE
8053,1000_radii_1,-1,R,0,22,162.9996752,0,-416.2904358,926.8803101,304.5262527,-0.012,-1.080000009,-0.420000004,-0.006985524,0.133057599,0.0166322,TRUE
8054,1000_radii_1,-1,R,0,22,163.016327,0,-416.400177,926.9558105,304.5192642,-0.012,-1.080000009,-0.420000004,-0.00699275,0.133195245,0.016649406,TRUE
8055,1000_radii_1,-1,R,0,22,163.0330365,0,-416.5103149,927.0315552,304.5122414,-0.012,-1.080000009,-0.420000004,-0.007017979,0.133675798,0.016709475,TRUE
8056,1000_radii_1,-1,R,0,22,163.0497674,0,-416.620636,927.1074219,304.5052109,-0.012,-1.080000009,-0.420000004,-0.007028502,0.133876229,0.016734529,TRUE
8057,1000_radii_1,-1,R,0,22,163.0663688,0,-416.730072,927.1826782,304.4982414,-0.012,-1.080000009,-0.420000004,-0.006971959,0.132799211,0.016599901,TRUE
8058,1000_radii_1,-1,R,0,22,163.0830544,0,-416.8400879,927.2583008,304.4912338,-0.012,-1.080000009,-0.420000004,-0.007008091,0.13348744,0.01668593,TRUE
8059,1000_radii_1,-1,R,0,22,163.0997304,0,-416.9500427,927.3338623,304.4842339,-0.012,-1.080000009,-0.420000004,-0.007004287,0.133414995,0.016676874,TRUE
8060,1000_radii_1,-1,R,0,22,163.1163285,0,-417.0595093,927.4090576,304.4772568,-0.012,-1.080000009,-0.420000004,-0.006971198,0.132784722,0.01659809,TRUE
8061,1000_radii_1,-1,R,0,22,163.1330274,0,-417.1696472,927.4846802,304.4702454,-0.012,-1.080000009,-0.420000004,-0.007014049,0.133600938,0.016700117,TRUE
8062,1000_radii_1,-1,R,0,22,163.1497173,0,-417.2797241,927.5602417,304.4632378,-0.012,-1.080000009,-0.420000004,-0.007009992,0.133523663,0.016690458,TRUE
8063,1000_radii_1,-1,R,0,22,163.166395,0,-417.3897095,927.6357422,304.4562302,-0.012,-1.080000009,-0.420000004,-0.007004161,0.13341258,0.016676573,TRUE
8064,1000_radii_1,-1,R,0,22,163.1830472,0,-417.4995422,927.7111206,304.449234,-0.012,-1.080000009,-0.420000004,-0.006993511,0.133209734,0.016651217,TRUE
8065,1000_radii_1,-1,R,0,22,163.1997213,0,-417.6095581,927.7865601,304.442234,-0.012,-1.080000009,-0.420000004,-0.007003653,0.133402921,0.016675365,TRUE
8066,1000_radii_1,-1,R,0,22,163.2163176,0,-417.7190552,927.8616333,304.4352646,-0.012,-1.080000009,-0.420000004,-0.006970311,0.132767818,0.016595977,TRUE
8067,1000_radii_1,-1,R,0,22,163.2331318,0,-417.8299561,927.9376831,304.4282036,-0.012,-1.080000009,-0.420000004,-0.007058549,0.134448546,0.016806068,TRUE
8068,1000_radii_1,-1,R,0,22,163.2497526,0,-417.9396667,928.0128784,304.4212227,-0.012,-1.080000009,-0.420000004,-0.006982355,0.132997228,0.016624654,TRUE
8069,1000_radii_1,-1,R,0,22,163.2663277,0,-418.0490723,928.0878296,304.4142609,-0.012,-1.080000009,-0.420000004,-0.00696245,0.132618098,0.016577262,TRUE
8070,1000_radii_1,-1,R,0,22,163.2830994,0,-418.1597595,928.1636353,304.4072189,-0.012,-1.080000009,-0.420000004,-0.007043842,0.134168425,0.016771053,TRUE
8071,1000_radii_1,-1,R,0,22,163.2997086,0,-418.2694092,928.2387085,304.4002419,-0.012,-1.080000009,-0.420000004,-0.006976776,0.132890975,0.016611372,TRUE
8072,1000_radii_1,-1,R,0,22,163.3163607,0,-418.3793335,928.3139648,304.3932457,-0.012,-1.080000009,-0.420000004,-0.006994145,0.133221808,0.016652726,TRUE
8073,1000_radii_1,-1,R,0,22,163.3331064,0,-418.4898682,928.3896484,304.3862152,-0.012,-1.080000009,-0.420000004,-0.007032939,0.133960749,0.016745094,TRUE
8074,1000_radii_1,-1,R,0,22,163.3496689,0,-418.5992126,928.4644775,304.3792534,-0.012,-1.080000009,-0.420000004,-0.006955477,0.132485282,0.01656066,TRUE
8075,1000_radii_1,-1,R,0,22,163.366312,0,-418.7091064,928.5396729,304.3722687,-0.012,-1.080000009,-0.420000004,-0.006990342,0.133149363,0.01664367,TRUE
8076,1000_radii_1,-1,R,0,22,163.3830414,0,-418.8195801,928.6152344,304.3652382,-0.012,-1.080000009,-0.420000004,-0.0070266,0.133840007,0.016730001,TRUE
8077,1000_radii_1,-1,R,0,22,163.399695,0,-418.9295654,928.6904297,304.358242,-0.012,-1.080000009,-0.420000004,-0.006994779,0.133233882,0.016654235,TRUE
8078,1000_radii_1,-1,R,0,22,163.4163115,0,-419.0393066,928.7654419,304.351265,-0.012,-1.080000009,-0.420000004,-0.006979058,0.132934442,0.016616805,TRUE
8079,1000_radii_1,-1,R,0,22,163.433005,0,-419.1495667,928.8408203,304.3442574,-0.012,-1.080000009,-0.420000004,-0.007011514,0.133552641,0.01669408,TRUE
8080,1000_radii_1,-1,R,0,22,163.4496302,0,-419.2593689,928.9158325,304.3372726,-0.012,-1.080000009,-0.420000004,-0.006982735,0.133004473,0.016625559,TRUE
8081,1000_radii_1,-1,R,0,22,163.4663234,0,-419.3696289,928.9911499,304.3302574,-0.012,-1.080000009,-0.420000004,-0.00701088,0.133540567,0.016692571,TRUE
8082,1000_radii_1,-1,R,0,22,163.483051,0,-419.4801331,929.0665894,304.3232384,-0.012,-1.080000009,-0.420000004,-0.007025586,0.133820688,0.016727586,TRUE
8083,1000_radii_1,-1,R,0,22,163.4996446,0,-419.5897827,929.1414185,304.3162689,-0.012,-1.080000009,-0.420000004,-0.006969677,0.132755744,0.016594468,TRUE
8084,1000_radii_1,-1,R,0,22,163.516322,0,-419.6999817,929.2166138,304.3092613,-0.012,-1.080000009,-0.420000004,-0.007004414,0.13341741,0.016677176,TRUE
8085,1000_radii_1,-1,R,0,22,163.5330065,0,-419.8102417,929.2918701,304.3022499,-0.012,-1.080000009,-0.420000004,-0.007007837,0.133482611,0.016685326,TRUE
8086,1000_radii_1,-1,R,0,22,163.5496855,0,-419.9204712,929.3670654,304.2952499,-0.012,-1.080000009,-0.420000004,-0.007004794,0.133424654,0.016678082,TRUE
8087,1000_radii_1,-1,R,0,22,163.5663599,0,-420.0306702,929.4421997,304.2882423,-0.012,-1.080000009,-0.420000004,-0.007003146,0.133393262,0.016674158,TRUE
8088,1000_radii_1,-1,R,0,22,163.5831198,0,-420.141449,929.5177612,304.2812042,-0.012,-1.080000009,-0.420000004,-0.007039278,0.134081491,0.016760186,TRUE
8089,1000_radii_1,-1,R,0,22,163.5996439,0,-420.2506714,929.5922241,304.2742691,-0.012,-1.080000009,-0.420000004,-0.00694001,0.132190672,0.016523834,TRUE
8090,1000_radii_1,-1,R,0,22,163.6163081,0,-420.3608398,929.6672974,304.2672691,-0.012,-1.080000009,-0.420000004,-0.006998582,0.133306327,0.016663291,TRUE
8091,1000_radii_1,-1,R,0,22,163.6330134,0,-420.471283,929.7425537,304.2602539,-0.012,-1.080000009,-0.420000004,-0.007016331,0.133644405,0.016705551,TRUE
8092,1000_radii_1,-1,R,0,22,163.6496465,0,-420.5812683,929.8174438,304.2532616,-0.012,-1.080000009,-0.420000004,-0.006985904,0.133064844,0.016633105,TRUE
8093,1000_radii_1,-1,R,0,22,163.666343,0,-420.6916504,929.8926392,304.2462502,-0.012,-1.080000009,-0.420000004,-0.007011894,0.133559885,0.016694986,TRUE
8094,1000_radii_1,-1,R,0,22,163.6829981,0,-420.8017883,929.9676514,304.2392578,-0.012,-1.080000009,-0.420000004,-0.00699592,0.133255616,0.016656952,TRUE
8095,1000_radii_1,-1,R,0,22,163.6996397,0,-420.9118652,930.0425415,304.2322693,-0.012,-1.080000009,-0.420000004,-0.006989581,0.133134874,0.016641859,TRUE
8096,1000_radii_1,-1,R,0,22,163.7162773,0,-421.0219116,930.1174316,304.2252769,-0.012,-1.080000009,-0.420000004,-0.006987806,0.133101066,0.016637633,TRUE
8097,1000_radii_1,-1,R,0,22,163.7329756,0,-421.1323547,930.1925659,304.2182693,-0.012,-1.080000009,-0.420000004,-0.007013162,0.133584034,0.016698004,TRUE
8098,1000_radii_1,-1,R,0,22,163.7496923,0,-421.2429199,930.2677612,304.2112427,-0.012,-1.080000009,-0.420000004,-0.007020515,0.133724094,0.016715512,TRUE
8099,1000_radii_1,-1,R,0,22,163.7663508,0,-421.3531494,930.3427124,304.2042503,-0.012,-1.080000009,-0.420000004,-0.006996934,0.133274934,0.016659367,TRUE
8100,1000_radii_1,-1,R,0,22,163.7830998,0,-421.4639587,930.4180298,304.197216,-0.012,-1.080000009,-0.420000004,-0.007034461,0.133989727,0.016748716,TRUE
8101,1000_radii_1,-1,R,0,22,163.7996707,0,-421.5736084,930.4925537,304.190258,-0.012,-1.080000009,-0.420000004,-0.006959534,0.132562557,0.01657032,TRUE
8102,1000_radii_1,-1,R,0,22,163.8163712,0,-421.6841125,930.567627,304.183239,-0.012,-1.080000009,-0.420000004,-0.007013542,0.133591278,0.01669891,TRUE
8103,1000_radii_1,-1,R,0,22,163.8330034,0,-421.7941895,930.642395,304.1762581,-0.012,-1.080000009,-0.420000004,-0.006986285,0.133072088,0.016634011,TRUE
8104,1000_radii_1,-1,R,0,22,163.8495876,0,-421.9039612,930.7169189,304.1692886,-0.012,-1.080000009,-0.420000004,-0.006965493,0.132676055,0.016584507,TRUE
8105,1000_radii_1,-1,R,0,22,163.8662995,0,-422.0145874,930.7919922,304.1622696,-0.012,-1.080000009,-0.420000004,-0.00701912,0.133697531,0.016712191,TRUE
8106,1000_radii_1,-1,R,0,22,163.8830376,0,-422.1252441,930.8670654,304.1552505,-0.012,-1.080000009,-0.420000004,-0.007020769,0.133728924,0.016716116,TRUE
8107,1000_radii_1,-1,R,0,22,163.8996384,0,-422.2352905,930.9417114,304.1482658,-0.012,-1.080000009,-0.420000004,-0.006981467,0.132980324,0.016622541,TRUE
8108,1000_radii_1,-1,R,0,22,163.9162951,0,-422.3455811,931.0165405,304.1412735,-0.012,-1.080000009,-0.420000004,-0.00699592,0.133255616,0.016656952,TRUE
8109,1000_radii_1,-1,R,0,22,163.9329873,0,-422.4560852,931.0914917,304.1342621,-0.012,-1.080000009,-0.420000004,-0.007010246,0.133528493,0.016691062,TRUE
8110,1000_radii_1,-1,R,0,22,163.9497249,0,-422.5668945,931.166626,304.1272316,-0.012,-1.080000009,-0.420000004,-0.007029136,0.133888303,0.016736038,TRUE
8111,1000_radii_1,-1,R,0,22,163.9663728,0,-422.6771545,931.241333,304.1202431,-0.012,-1.080000009,-0.420000004,-0.006993258,0.133204904,0.016650613,TRUE
8112,1000_radii_1,-1,R,0,22,163.9829989,0,-422.787262,931.315918,304.1132584,-0.012,-1.080000009,-0.420000004,-0.006982862,0.133006887,0.016625861,TRUE
8113,1000_radii_1,-1,R,0,22,163.9997636,0,-422.8982849,931.3911133,304.1062164,-0.012,-1.080000009,-0.420000004,-0.007040293,0.134100809,0.016762601,TRUE
8114,1000_radii_1,-1,R,0,22,164.0163605,0,-423.0082397,931.4655762,304.099247,-0.012,-1.080000009,-0.420000004,-0.006971452,0.132789552,0.016598694,TRUE
8115,1000_radii_1,-1,R,0,22,164.033006,0,-423.1184998,931.5402222,304.0922585,-0.012,-1.080000009,-0.420000004,-0.006990595,0.133154193,0.016644274,TRUE
8116,1000_radii_1,-1,R,0,22,164.0496735,0,-423.2289429,931.6149902,304.0852547,-0.012,-1.080000009,-0.420000004,-0.007000864,0.133349794,0.016668724,TRUE
8117,1000_radii_1,-1,R,0,22,164.0663347,0,-423.339325,931.6896973,304.0782585,-0.012,-1.080000009,-0.420000004,-0.006998075,0.133296668,0.016662084,TRUE
8118,1000_radii_1,-1,R,0,22,164.0829627,0,-423.4494934,931.7642212,304.0712738,-0.012,-1.080000009,-0.420000004,-0.006983496,0.133018962,0.01662737,TRUE
8119,1000_radii_1,-1,R,0,22,164.0995858,0,-423.5596619,931.8387451,304.0642891,-0.012,-1.080000009,-0.420000004,-0.006981974,0.132989984,0.016623748,TRUE
8120,1000_radii_1,-1,R,0,22,164.116282,0,-423.6703186,931.9135742,304.0572815,-0.012,-1.080000009,-0.420000004,-0.007012021,0.1335623,0.016695288,TRUE
8121,1000_radii_1,-1,R,0,22,164.1329634,0,-423.7808838,931.9883423,304.0502739,-0.012,-1.080000009,-0.420000004,-0.007006569,0.133458462,0.016682308,TRUE
8122,1000_radii_1,-1,R,0,22,164.1496309,0,-423.8913574,932.0629883,304.0432739,-0.012,-1.080000009,-0.420000004,-0.007000484,0.13334255,0.016667819,TRUE
8123,1000_radii_1,-1,R,0,22,164.1663609,0,-424.0022278,932.1378784,304.0362473,-0.012,-1.080000009,-0.420000004,-0.007024572,0.133801369,0.016725171,TRUE
8124,1000_radii_1,-1,R,0,22,164.182921,0,-424.11203,932.2120361,304.0292892,-0.012,-1.080000009,-0.420000004,-0.006956238,0.132499771,0.016562471,TRUE
8125,1000_radii_1,-1,R,0,22,164.199606,0,-424.2226563,932.2867432,304.0222855,-0.012,-1.080000009,-0.420000004,-0.007008725,0.133499514,0.016687439,TRUE
8126,1000_radii_1,-1,R,0,22,164.2162944,0,-424.333313,932.3614502,304.0152702,-0.012,-1.080000009,-0.420000004,-0.007008978,0.133504344,0.016688043,TRUE
8127,1000_radii_1,-1,R,0,22,164.2329685,0,-424.4438782,932.4360962,304.0082703,-0.012,-1.080000009,-0.420000004,-0.007003273,0.133395676,0.01667446,TRUE
8128,1000_radii_1,-1,R,0,22,164.2496563,0,-424.5545044,932.5107422,304.0012703,-0.012,-1.080000009,-0.420000004,-0.007006696,0.133460877,0.01668261,TRUE
8129,1000_radii_1,-1,R,0,22,164.2663633,0,-424.6653137,932.5855103,303.9942474,-0.012,-1.080000009,-0.420000004,-0.007017853,0.133673383,0.016709173,TRUE
8130,1000_radii_1,-1,R,0,22,164.2830333,0,-424.7758789,932.6600952,303.9872398,-0.012,-1.080000009,-0.420000004,-0.007001879,0.133369113,0.016671139,TRUE
8131,1000_radii_1,-1,R,0,22,164.2997297,0,-424.8866272,932.7347412,303.9802284,-0.012,-1.080000009,-0.420000004,-0.007013035,0.133581619,0.016697702,TRUE
8132,1000_radii_1,-1,R,0,22,164.3164145,0,-424.9972839,932.8093262,303.9732208,-0.012,-1.080000009,-0.420000004,-0.007006823,0.133463292,0.016682911,TRUE
8133,1000_radii_1,-1,R,0,22,164.3329625,0,-425.1070862,932.8833008,303.9662743,-0.012,-1.080000009,-0.420000004,-0.006950533,0.132391104,0.016548888,TRUE
8134,1000_radii_1,-1,R,0,22,164.3496251,0,-425.2176514,932.9577637,303.9592781,-0.012,-1.080000009,-0.420000004,-0.006998455,0.133303913,0.016662989,TRUE
8135,1000_radii_1,-1,R,0,22,164.3662764,0,-425.328125,933.0321655,303.9522781,-0.012,-1.080000009,-0.420000004,-0.006993511,0.133209734,0.016651217,TRUE
8136,1000_radii_1,-1,R,0,22,164.3830073,0,-425.4391479,933.1069336,303.9452553,-0.012,-1.080000009,-0.420000004,-0.007027488,0.133856911,0.016732114,TRUE
8137,1000_radii_1,-1,R,0,22,164.3995643,0,-425.5490112,933.1809082,303.9382973,-0.012,-1.080000009,-0.420000004,-0.006953195,0.132441815,0.016555227,TRUE
8138,1000_radii_1,-1,R,0,22,164.4162786,0,-425.6599426,933.2555542,303.9312782,-0.012,-1.080000009,-0.420000004,-0.007019754,0.133709605,0.016713701,TRUE
8139,1000_radii_1,-1,R,0,22,164.4329398,0,-425.7705383,933.3299561,303.9242859,-0.012,-1.080000009,-0.420000004,-0.006998202,0.133299083,0.016662385,TRUE
8140,1000_radii_1,-1,R,0,22,164.4497105,0,-425.8817444,933.4047241,303.917244,-0.012,-1.080000009,-0.420000004,-0.007035982,0.134018705,0.016752338,TRUE
8141,1000_radii_1,-1,R,0,22,164.4663113,0,-425.9920349,933.4788818,303.9102669,-0.012,-1.080000009,-0.420000004,-0.006977537,0.132905464,0.016613183,TRUE
8142,1000_radii_1,-1,R,0,22,164.4829414,0,-426.102478,933.5531616,303.9032784,-0.012,-1.080000009,-0.420000004,-0.006987172,0.133088992,0.016636124,TRUE
8143,1000_radii_1,-1,R,0,22,164.4996687,0,-426.2135315,933.6278076,303.8962593,-0.012,-1.080000009,-0.420000004,-0.007025459,0.133818273,0.016727284,TRUE
8144,1000_radii_1,-1,R,0,22,164.5163616,0,-426.3242798,933.7022095,303.8892517,-0.012,-1.080000009,-0.420000004,-0.007004921,0.133427069,0.016678384,TRUE
8145,1000_radii_1,-1,R,0,22,164.5329708,0,-426.4346619,933.7763672,303.882267,-0.012,-1.080000009,-0.420000004,-0.006980833,0.13296825,0.016621031,TRUE
8146,1000_radii_1,-1,R,0,22,164.5496492,0,-426.5454407,933.850769,303.875267,-0.012,-1.080000009,-0.420000004,-0.007006062,0.133448803,0.0166811,TRUE
8147,1000_radii_1,-1,R,0,22,164.5662691,0,-426.6558228,933.9248657,303.8682861,-0.012,-1.080000009,-0.420000004,-0.006980199,0.132956176,0.016619522,TRUE
8148,1000_radii_1,-1,R,0,22,164.5830057,0,-426.7670288,933.9995117,303.8606682,-0.013,-1.170000024,-0.455000009,-0.007616408,0.133914867,0.016739358,TRUE
8149,1000_radii_1,-1,R,0,22,164.5996101,0,-426.8773193,934.0734863,303.8531151,-0.013,-1.170000024,-0.455000009,-0.007554191,0.132820945,0.016602618,TRUE
8150,1000_radii_1,-1,R,0,22,164.6162689,0,-426.9880066,934.1477051,303.8455353,-0.013,-1.170000024,-0.455000009,-0.007580012,0.133274934,0.016659367,TRUE
8151,1000_radii_1,-1,R,0,22,164.6329418,0,-427.0987854,934.2219849,303.837944,-0.013,-1.170000024,-0.455000009,-0.007586467,0.133388432,0.016673554,TRUE
8152,1000_radii_1,-1,R,0,22,164.6495831,0,-427.2093506,934.2961426,303.8303719,-0.013,-1.170000024,-0.455000009,-0.007571634,0.133127629,0.016640954,TRUE
8153,1000_radii_1,-1,R,0,22,164.66633,0,-427.3206482,934.3707275,303.8227577,-0.013,-1.170000024,-0.455000009,-0.007619292,0.133965578,0.016745697,TRUE
8154,1000_radii_1,-1,R,0,22,164.6829287,0,-427.4309692,934.4446411,303.8152008,-0.013,-1.170000024,-0.455000009,-0.007552818,0.132796796,0.0165996,TRUE
8155,1000_radii_1,-1,R,0,22,164.6995968,0,-427.541748,934.5188599,303.8076172,-0.013,-1.170000024,-0.455000009,-0.00758427,0.133349794,0.016668724,TRUE
8156,1000_radii_1,-1,R,0,22,164.7162631,0,-427.6525269,934.5930176,303.8000336,-0.013,-1.170000024,-0.455000009,-0.007582896,0.133325646,0.016665706,TRUE
8157,1000_radii_1,-1,R,0,22,164.7329491,0,-427.7634583,934.6672974,303.7924423,-0.013,-1.170000024,-0.455000009,-0.007592236,0.133489855,0.016686232,TRUE
8158,1000_radii_1,-1,R,0,22,164.7496051,0,-427.874176,934.741394,303.7848701,-0.013,-1.170000024,-0.455000009,-0.007577265,0.133226638,0.01665333,TRUE
8159,1000_radii_1,-1,R,0,22,164.7663692,0,-427.9856567,934.815979,303.7772408,-0.013,-1.170000024,-0.455000009,-0.007628082,0.134120128,0.016765016,TRUE
8160,1000_radii_1,-1,R,0,22,164.7829585,0,-428.0959778,934.8897705,303.7696877,-0.013,-1.170000024,-0.455000009,-0.00754911,0.132731596,0.016591449,TRUE
8161,1000_radii_1,-1,R,0,22,164.7996182,0,-428.2067566,934.9638672,303.7621117,-0.013,-1.170000024,-0.455000009,-0.007579051,0.133258031,0.016657254,TRUE
8162,1000_radii_1,-1,R,0,22,164.8162643,0,-428.3174438,935.0378418,303.7545395,-0.013,-1.170000024,-0.455000009,-0.007573008,0.133151778,0.016643972,TRUE
8163,1000_radii_1,-1,R,0,22,164.8329324,0,-428.4283447,935.1119385,303.7469521,-0.013,-1.170000024,-0.455000009,-0.007585506,0.133371528,0.016671441,TRUE
8164,1000_radii_1,-1,R,0,22,164.8495885,0,-428.5391235,935.1859741,303.7393723,-0.013,-1.170000024,-0.455000009,-0.007578089,0.133241127,0.016655141,TRUE
8165,1000_radii_1,-1,R,0,22,164.8663034,0,-428.6503296,935.2602539,303.7317657,-0.013,-1.170000024,-0.455000009,-0.007605146,0.13371685,0.016714606,TRUE
8166,1000_radii_1,-1,R,0,22,164.8829525,0,-428.7611084,935.3342285,303.7241936,-0.013,-1.170000024,-0.455000009,-0.007575617,0.13319766,0.016649707,TRUE
8167,1000_radii_1,-1,R,0,22,164.8996659,0,-428.8723145,935.4084473,303.7165871,-0.013,-1.170000024,-0.455000009,-0.007604322,0.133702361,0.016712795,TRUE
8168,1000_radii_1,-1,R,0,22,164.9162579,0,-428.9827271,935.4821167,303.7090416,-0.013,-1.170000024,-0.455000009,-0.007549796,0.13274367,0.016592959,TRUE
8169,1000_radii_1,-1,R,0,22,164.9329967,0,-429.0941467,935.5564575,303.7014198,-0.013,-1.170000024,-0.455000009,-0.007617232,0.133929356,0.016741169,TRUE
8170,1000_radii_1,-1,R,0,22,164.9495827,0,-429.2045288,935.6300659,303.6938782,-0.013,-1.170000024,-0.455000009,-0.007545676,0.132671225,0.016583903,TRUE
8171,1000_radii_1,-1,R,0,22,164.9662466,0,-429.3154602,935.7040405,303.6862907,-0.013,-1.170000024,-0.455000009,-0.00758221,0.133313572,0.016664196,TRUE
8172,1000_radii_1,-1,R,0,22,164.9830128,0,-429.427063,935.7784424,303.6786613,-0.013,-1.170000024,-0.455000009,-0.007628632,0.134129787,0.016766223,TRUE
8173,1000_radii_1,-1,R,0,22,164.9996459,0,-429.5378113,935.8522339,303.6711006,-0.013,-1.170000024,-0.455000009,-0.0075682,0.133067258,0.016633407,TRUE
8174,1000_radii_1,-1,R,0,22,165.0163071,0,-429.6487427,935.9261475,303.6635132,-0.013,-1.170000024,-0.455000009,-0.007580287,0.133279764,0.016659971,TRUE
8175,1000_radii_1,-1,R,0,22,165.0330398,0,-429.7601318,936.0003662,303.6559029,-0.013,-1.170000024,-0.455000009,-0.007612563,0.133847251,0.016730906,TRUE
8176,1000_radii_1,-1,R,0,22,165.0495929,0,-429.8703613,936.0737915,303.6483727,-0.013,-1.170000024,-0.455000009,-0.007532766,0.13244423,0.016555529,TRUE
8177,1000_radii_1,-1,R,0,22,165.0662562,0,-429.9813232,936.147644,303.640789,-0.013,-1.170000024,-0.455000009,-0.00758166,0.133303913,0.016662989,TRUE
8178,1000_radii_1,-1,R,0,22,165.0829437,0,-430.0924072,936.2215576,303.6332016,-0.013,-1.170000024,-0.455000009,-0.007588665,0.133427069,0.016678384,TRUE
8179,1000_radii_1,-1,R,0,22,165.0995873,0,-430.2033386,936.2953491,303.6256218,-0.013,-1.170000024,-0.455000009,-0.00757699,0.133221808,0.016652726,TRUE
8180,1000_radii_1,-1,R,0,22,165.1162944,0,-430.3146362,936.3693848,303.6180191,-0.013,-1.170000024,-0.455000009,-0.00760185,0.133658894,0.016707362,TRUE
8181,1000_radii_1,-1,R,0,22,165.1329782,0,-430.4257813,936.4432983,303.6104317,-0.013,-1.170000024,-0.455000009,-0.007591549,0.133477781,0.016684723,TRUE
8182,1000_radii_1,-1,R,0,22,165.1496041,0,-430.5365601,936.5169067,303.6028671,-0.013,-1.170000024,-0.455000009,-0.007565042,0.133011717,0.016626465,TRUE
8183,1000_radii_1,-1,R,0,22,165.1662975,0,-430.6477966,936.5908203,303.5952682,-0.013,-1.170000024,-0.455000009,-0.00759512,0.133540567,0.016692571,TRUE
8184,1000_radii_1,-1,R,0,22,165.1829485,0,-430.7586975,936.6644897,303.5876961,-0.013,-1.170000024,-0.455000009,-0.007571909,0.133132459,0.016641557,TRUE
8185,1000_radii_1,-1,R,0,22,165.1996,0,-430.8697205,936.7382202,303.5801201,-0.013,-1.170000024,-0.455000009,-0.007580699,0.133287009,0.016660876,TRUE
8186,1000_radii_1,-1,R,0,22,165.2162328,0,-430.9805908,936.8118286,303.5725517,-0.013,-1.170000024,-0.455000009,-0.007568338,0.133069673,0.016633709,TRUE
8187,1000_radii_1,-1,R,0,22,165.2329643,0,-431.0921021,936.8858643,303.5649376,-0.013,-1.170000024,-0.455000009,-0.007612975,0.133854496,0.016731812,TRUE
8188,1000_radii_1,-1,R,0,22,165.2496231,0,-431.2031555,936.9595337,303.5573578,-0.013,-1.170000024,-0.455000009,-0.007579188,0.133260445,0.016657556,TRUE
8189,1000_radii_1,-1,R,0,22,165.2664107,0,-431.315033,937.0337524,303.5497208,-0.013,-1.170000024,-0.455000009,-0.007635224,0.1342457,0.016780712,TRUE
8190,1000_radii_1,-1,R,0,22,165.2829789,0,-431.4255066,937.1069946,303.5421829,-0.013,-1.170000024,-0.455000009,-0.007540182,0.132574631,0.016571829,TRUE
8191,1000_radii_1,-1,R,0,22,165.2996579,0,-431.5367432,937.1807251,303.5345955,-0.013,-1.170000024,-0.455000009,-0.007589901,0.133448803,0.0166811,TRUE
8192,1000_radii_1,-1,R,0,22,165.3162388,0,-431.6473083,937.2540283,303.52705,-0.013,-1.170000024,-0.455000009,-0.007544165,0.132644662,0.016580583,TRUE
8193,1000_radii_1,-1,R,0,22,165.3329332,0,-431.7585754,937.3277588,303.5194588,-0.013,-1.170000024,-0.455000009,-0.007591,0.133468122,0.016683515,TRUE
8194,1000_radii_1,-1,R,0,22,165.3495892,0,-431.8697205,937.4013672,303.5118752,-0.013,-1.170000024,-0.455000009,-0.007582759,0.133323231,0.016665404,TRUE
8195,1000_radii_1,-1,R,0,22,165.3662531,0,-431.9808655,937.4749756,303.5042953,-0.013,-1.170000024,-0.455000009,-0.007582072,0.133311157,0.016663895,TRUE
8196,1000_radii_1,-1,R,0,22,165.3829294,0,-432.092041,937.548584,303.4967117,-0.013,-1.170000024,-0.455000009,-0.007583034,0.133328061,0.016666008,TRUE
8197,1000_radii_1,-1,R,0,22,165.3995915,0,-432.2032776,937.6221924,303.4891205,-0.013,-1.170000024,-0.455000009,-0.007586467,0.133388432,0.016673554,TRUE
8198,1000_radii_1,-1,R,0,22,165.4162418,0,-432.3143616,937.6956787,303.4815483,-0.013,-1.170000024,-0.455000009,-0.007576166,0.133207319,0.016650915,TRUE
8199,1000_radii_1,-1,R,0,22,165.4329715,0,-432.4259949,937.7695313,303.4739304,-0.013,-1.170000024,-0.455000009,-0.007612563,0.133847251,0.016730906,TRUE
8200,1000_radii_1,-1,R,0,22,165.4495463,0,-432.5365906,937.8426514,303.4663925,-0.013,-1.170000024,-0.455000009,-0.007541418,0.132596365,0.016574546,TRUE
8201,1000_radii_1,-1,R,0,22,165.4662612,0,-432.6481323,937.9163818,303.458786,-0.013,-1.170000024,-0.455000009,-0.007604322,0.133702361,0.016712795,TRUE
8202,1000_radii_1,-1,R,0,22,165.482965,0,-432.759613,937.9900513,303.4511909,-0.013,-1.170000024,-0.455000009,-0.007600339,0.133632331,0.016704041,TRUE
8203,1000_radii_1,-1,R,0,22,165.4996062,0,-432.870697,938.0634155,303.443615,-0.013,-1.170000024,-0.455000009,-0.007572046,0.133134874,0.016641859,TRUE
8204,1000_radii_1,-1,R,0,22,165.5162562,0,-432.981842,938.1368408,303.4360428,-0.013,-1.170000024,-0.455000009,-0.007575754,0.133200074,0.016650009,TRUE
8205,1000_radii_1,-1,R,0,22,165.5329606,0,-433.0933838,938.2105103,303.4284363,-0.013,-1.170000024,-0.455000009,-0.0076013,0.133649234,0.016706154,TRUE
8206,1000_radii_1,-1,R,0,22,165.5496049,0,-433.2044983,938.2838745,303.4208679,-0.013,-1.170000024,-0.455000009,-0.007572733,0.133146948,0.016643369,TRUE
8207,1000_radii_1,-1,R,0,22,165.5662461,0,-433.3156128,938.3571777,303.4132919,-0.013,-1.170000024,-0.455000009,-0.007571634,0.133127629,0.016640954,TRUE
8208,1000_radii_1,-1,R,0,22,165.5829287,0,-433.4268188,938.430542,303.4057198,-0.013,-1.170000024,-0.455000009,-0.00757699,0.133221808,0.016652726,TRUE
8209,1000_radii_1,-1,R,0,22,165.5995718,0,-433.5381775,938.5039673,303.3981285,-0.013,-1.170000024,-0.455000009,-0.007586193,0.133383602,0.01667295,TRUE
8210,1000_radii_1,-1,R,0,22,165.6162556,0,-433.6495972,938.5774536,303.3905373,-0.013,-1.170000024,-0.455000009,-0.007591137,0.133470536,0.016683817,TRUE
8211,1000_radii_1,-1,R,0,22,165.6329267,0,-433.7607117,938.6506958,303.3829727,-0.013,-1.170000024,-0.455000009,-0.007569299,0.133086577,0.016635822,TRUE
8212,1000_radii_1,-1,R,0,22,165.6495647,0,-433.8721008,938.7240601,303.3753853,-0.013,-1.170000024,-0.455000009,-0.007586467,0.133388432,0.016673554,TRUE
8213,1000_radii_1,-1,R,0,22,165.6662597,0,-433.9836121,938.7975464,303.3677864,-0.013,-1.170000024,-0.455000009,-0.007595669,0.133550226,0.016693778,TRUE
8214,1000_radii_1,-1,R,0,22,165.6829251,0,-434.0948181,938.8707886,303.3602142,-0.013,-1.170000024,-0.455000009,-0.007573832,0.133166267,0.016645783,TRUE
8215,1000_radii_1,-1,R,0,22,165.6995588,0,-434.2060852,938.9440308,303.3526382,-0.013,-1.170000024,-0.455000009,-0.00757754,0.133231467,0.016653933,TRUE
8216,1000_radii_1,-1,R,0,22,165.71622,0,-434.3174133,939.017334,303.3450546,-0.013,-1.170000024,-0.455000009,-0.007580836,0.133289424,0.016661178,TRUE
8217,1000_radii_1,-1,R,0,22,165.7329566,0,-434.4292603,939.0909424,303.3374443,-0.013,-1.170000024,-0.455000009,-0.00761476,0.133885889,0.016735736,TRUE
8218,1000_radii_1,-1,R,0,22,165.7496286,0,-434.5406799,939.1642456,303.3298569,-0.013,-1.170000024,-0.455000009,-0.007585094,0.133364284,0.016670535,TRUE
8219,1000_radii_1,-1,R,0,22,165.76632,0,-434.6522522,939.2376099,303.322258,-0.013,-1.170000024,-0.455000009,-0.00759512,0.133540567,0.016692571,TRUE
8220,1000_radii_1,-1,R,0,22,165.7828677,0,-434.7628784,939.3103638,303.3147316,-0.013,-1.170000024,-0.455000009,-0.007529332,0.132383859,0.016547982,TRUE
8221,1000_radii_1,-1,R,0,22,165.7996143,0,-434.8748474,939.3839722,303.3071098,-0.013,-1.170000024,-0.455000009,-0.007620391,0.133984897,0.016748112,TRUE
8222,1000_radii_1,-1,R,0,22,165.8162269,0,-434.9859009,939.4569702,303.2995567,-0.013,-1.170000024,-0.455000009,-0.007558586,0.13289822,0.016612277,TRUE
8223,1000_radii_1,-1,R,0,22,165.8329252,0,-435.0975647,939.5303345,303.291954,-0.013,-1.170000024,-0.455000009,-0.007597729,0.133586449,0.016698306,TRUE
8224,1000_radii_1,-1,R,0,22,165.8496129,0,-435.209137,939.6036377,303.2843666,-0.013,-1.170000024,-0.455000009,-0.007592373,0.13349227,0.016686534,TRUE
8225,1000_radii_1,-1,R,0,22,165.8662578,0,-435.3204651,939.6766968,303.2767868,-0.013,-1.170000024,-0.455000009,-0.007573832,0.133166267,0.016645783,TRUE
8226,1000_radii_1,-1,R,0,22,165.8829658,0,-435.4321899,939.75,303.2691879,-0.013,-1.170000024,-0.455000009,-0.0076013,0.133649234,0.016706154,TRUE
8227,1000_radii_1,-1,R,0,22,165.8995472,0,-435.5431213,939.8227539,303.2616425,-0.013,-1.170000024,-0.455000009,-0.007545539,0.13266881,0.016583601,TRUE
8228,1000_radii_1,-1,R,0,22,165.9162048,0,-435.6545715,939.895874,303.2540588,-0.013,-1.170000024,-0.455000009,-0.0075796,0.13326769,0.016658461,TRUE
8229,1000_radii_1,-1,R,0,22,165.9328808,0,-435.7661438,939.9690552,303.2464714,-0.013,-1.170000024,-0.455000009,-0.007587429,0.133405336,0.016675667,TRUE
8230,1000_radii_1,-1,R,0,22,165.9495691,0,-435.8777771,940.0422363,303.238884,-0.013,-1.170000024,-0.455000009,-0.007591686,0.133480196,0.016685024,TRUE
8231,1000_radii_1,-1,R,0,22,165.9663042,0,-435.9897766,940.1156616,303.231266,-0.013,-1.170000024,-0.455000009,-0.007615996,0.133907622,0.016738453,TRUE
8232,1000_radii_1,-1,R,0,22,165.9829718,0,-436.1012573,940.1886597,303.2236862,-0.013,-1.170000024,-0.455000009,-0.007579051,0.133258031,0.016657254,TRUE
8233,1000_radii_1,-1,R,0,22,165.999588,0,-436.2125244,940.2615356,303.2161255,-0.013,-1.170000024,-0.455000009,-0.007564767,0.133006887,0.016625861,TRUE
8234,1000_radii_1,-1,R,0,22,166.0163291,0,-436.3245544,940.3348999,303.2085037,-0.013,-1.170000024,-0.455000009,-0.00761682,0.133922111,0.016740264,TRUE
8235,1000_radii_1,-1,R,0,22,166.0329384,0,-436.4355774,940.4075928,303.2009583,-0.013,-1.170000024,-0.455000009,-0.007546775,0.132690544,0.016586318,TRUE
8236,1000_radii_1,-1,R,0,22,166.0495555,0,-436.546936,940.4804688,303.1933937,-0.013,-1.170000024,-0.455000009,-0.007570123,0.133101066,0.016637633,TRUE
8237,1000_radii_1,-1,R,0,22,166.0662457,0,-436.6586914,940.5535889,303.1857948,-0.013,-1.170000024,-0.455000009,-0.007594708,0.133533322,0.016691665,TRUE
8238,1000_radii_1,-1,R,0,22,166.0828881,0,-436.7701111,940.6264648,303.1782265,-0.013,-1.170000024,-0.455000009,-0.007572458,0.133142118,0.016642765,TRUE
8239,1000_radii_1,-1,R,0,22,166.0995393,0,-436.8816223,940.6993408,303.1706429,-0.013,-1.170000024,-0.455000009,-0.007576853,0.133219393,0.016652424,TRUE
8240,1000_radii_1,-1,R,0,22,166.1162395,0,-436.9934692,940.7724609,303.163044,-0.013,-1.170000024,-0.455000009,-0.007598828,0.133605767,0.016700721,TRUE
8241,1000_radii_1,-1,R,0,22,166.1329465,0,-437.1052246,940.845459,303.1554527,-0.013,-1.170000024,-0.455000009,-0.00759251,0.133494685,0.016686836,TRUE
8242,1000_radii_1,-1,R,0,22,166.1496098,0,-437.2169495,940.918457,303.1478653,-0.013,-1.170000024,-0.455000009,-0.007590725,0.133463292,0.016682911,TRUE
8243,1000_radii_1,-1,R,0,22,166.1662662,0,-437.3285217,940.991333,303.1402817,-0.013,-1.170000024,-0.455000009,-0.007579325,0.13326286,0.016657858,TRUE
8244,1000_radii_1,-1,R,0,22,166.182863,0,-437.4396973,941.0639038,303.1327362,-0.013,-1.170000024,-0.455000009,-0.007550758,0.132760574,0.016595072,TRUE
8245,1000_radii_1,-1,R,0,22,166.1995967,0,-437.5518188,941.137085,303.1251221,-0.013,-1.170000024,-0.455000009,-0.007614073,0.133873814,0.016734227,TRUE
8246,1000_radii_1,-1,R,0,22,166.2162944,0,-437.6636963,941.210083,303.1175232,-0.013,-1.170000024,-0.455000009,-0.007597592,0.133584034,0.016698004,TRUE
8247,1000_radii_1,-1,R,0,22,166.2329628,0,-437.7753906,941.282959,303.1099396,-0.013,-1.170000024,-0.455000009,-0.007584819,0.133359454,0.016669932,TRUE
8248,1000_radii_1,-1,R,0,22,166.2495714,0,-437.8866577,941.3555298,303.1023788,-0.013,-1.170000024,-0.455000009,-0.007555977,0.132852338,0.016606542,TRUE
8249,1000_radii_1,-1,R,0,22,166.266347,0,-437.9989319,941.4287109,303.0947571,-0.013,-1.170000024,-0.455000009,-0.007622451,0.13402112,0.01675264,TRUE
8250,1000_radii_1,-1,R,0,22,166.2830064,0,-438.1107178,941.5015869,303.086586,-0.014,-1.260000039,-0.490000015,-0.008173296,0.133441558,0.016680195,TRUE
8251,1000_radii_1,-1,R,0,22,166.2995489,0,-438.2216187,941.5738525,303.078476,-0.014,-1.260000039,-0.490000015,-0.008106293,0.132347637,0.016543455,TRUE
8252,1000_radii_1,-1,R,0,22,166.3162638,0,-438.3336792,941.6468506,303.0702858,-0.014,-1.260000039,-0.490000015,-0.008190749,0.133726509,0.016715814,TRUE
8253,1000_radii_1,-1,R,0,22,166.3329576,0,-438.4454041,941.7196045,303.0621223,-0.014,-1.260000039,-0.490000015,-0.008166196,0.133325646,0.016665706,TRUE
8254,1000_radii_1,-1,R,0,22,166.3495388,0,-438.5567627,941.7921143,303.0539856,-0.014,-1.260000039,-0.490000015,-0.00813765,0.132859582,0.016607448,TRUE
8255,1000_radii_1,-1,R,0,22,166.3662407,0,-438.6687622,941.8649902,303.0457993,-0.014,-1.260000039,-0.490000015,-0.008184389,0.133622671,0.016702834,TRUE
8256,1000_radii_1,-1,R,0,22,166.3828826,0,-438.780365,941.9376221,303.0376472,-0.014,-1.260000039,-0.490000015,-0.008154807,0.133139704,0.016642463,TRUE
8257,1000_radii_1,-1,R,0,22,166.3995329,0,-438.8920288,942.0102539,303.0294876,-0.014,-1.260000039,-0.490000015,-0.008159244,0.133212149,0.016651519,TRUE
8258,1000_radii_1,-1,R,0,22,166.4162146,0,-439.0039063,942.0830078,303.0213089,-0.014,-1.260000039,-0.490000015,-0.008174035,0.133453633,0.016681704,TRUE
8259,1000_radii_1,-1,R,0,22,166.4328758,0,-439.1156616,942.1556396,303.0131454,-0.014,-1.260000039,-0.490000015,-0.008164273,0.133294253,0.016661782,TRUE
8260,1000_radii_1,-1,R,0,22,166.4495201,0,-439.2273254,942.2282104,303.0049896,-0.014,-1.260000039,-0.490000015,-0.008156138,0.133161437,0.01664518,TRUE
8261,1000_radii_1,-1,R,0,22,166.4663113,0,-439.3399353,942.3013306,302.996769,-0.014,-1.260000039,-0.490000015,-0.008223585,0.134262603,0.016782825,TRUE
8262,1000_radii_1,-1,R,0,22,166.4829122,0,-439.451355,942.3736572,302.9886284,-0.014,-1.260000039,-0.490000015,-0.008136171,0.132835434,0.016604429,TRUE
8263,1000_radii_1,-1,R,0,22,166.4995673,0,-439.5631409,942.446228,302.9804726,-0.014,-1.260000039,-0.490000015,-0.008161907,0.133255616,0.016656952,TRUE
8264,1000_radii_1,-1,R,0,22,166.5162381,0,-439.6749878,942.5187988,302.9723053,-0.014,-1.260000039,-0.490000015,-0.008167527,0.13334738,0.016668422,TRUE
8265,1000_radii_1,-1,R,0,22,166.5328495,0,-439.786499,942.5911255,302.9641647,-0.014,-1.260000039,-0.490000015,-0.008141495,0.132922368,0.016615296,TRUE
8266,1000_radii_1,-1,R,0,22,166.5495554,0,-439.8986206,942.6638184,302.9559784,-0.014,-1.260000039,-0.490000015,-0.008185424,0.133639575,0.016704947,TRUE
8267,1000_radii_1,-1,R,0,22,166.5661767,0,-440.0101929,942.736145,302.947834,-0.014,-1.260000039,-0.490000015,-0.008144897,0.132977909,0.016622239,TRUE
8268,1000_radii_1,-1,R,0,22,166.5828587,0,-440.1221924,942.8087158,302.9396591,-0.014,-1.260000039,-0.490000015,-0.008174331,0.133458462,0.016682308,TRUE
8269,1000_radii_1,-1,R,0,22,166.5994818,0,-440.2337952,942.8810425,302.9315109,-0.014,-1.260000039,-0.490000015,-0.008145637,0.132989984,0.016623748,TRUE
8270,1000_radii_1,-1,R,0,22,166.6162807,0,-440.3465881,942.9541016,302.9232826,-0.014,-1.260000039,-0.490000015,-0.008230832,0.134380931,0.016797616,TRUE
8271,1000_radii_1,-1,R,0,22,166.6328603,0,-440.4579163,943.0261841,302.9151535,-0.014,-1.260000039,-0.490000015,-0.008124486,0.132644662,0.016580583,TRUE
8272,1000_radii_1,-1,R,0,22,166.6495212,0,-440.5697937,943.0986328,302.9069901,-0.014,-1.260000039,-0.490000015,-0.008163386,0.133279764,0.016659971,TRUE
8273,1000_radii_1,-1,R,0,22,166.6662319,0,-440.6820374,943.1712646,302.8988037,-0.014,-1.260000039,-0.490000015,-0.008188234,0.133685457,0.016710682,TRUE
8274,1000_radii_1,-1,R,0,22,166.6829175,0,-440.7940979,943.2437744,302.8906288,-0.014,-1.260000039,-0.490000015,-0.008175219,0.133472951,0.016684119,TRUE
8275,1000_radii_1,-1,R,0,22,166.6995274,0,-440.9057007,943.315918,302.8824959,-0.014,-1.260000039,-0.490000015,-0.008139868,0.132895805,0.016611976,TRUE
8276,1000_radii_1,-1,R,0,22,166.7162354,0,-441.0179443,943.3884888,302.8743019,-0.014,-1.260000039,-0.490000015,-0.008186755,0.133661309,0.016707664,TRUE
8277,1000_radii_1,-1,R,0,22,166.7329107,0,-441.1299744,943.4608765,302.8661346,-0.014,-1.260000039,-0.490000015,-0.008170485,0.133395676,0.01667446,TRUE
8278,1000_radii_1,-1,R,0,22,166.7496102,0,-441.2421875,943.5333862,302.8579521,-0.014,-1.260000039,-0.490000015,-0.008182318,0.133588863,0.016698608,TRUE
8279,1000_radii_1,-1,R,0,22,166.7662802,0,-441.3542175,943.6057739,302.8497772,-0.014,-1.260000039,-0.490000015,-0.008168711,0.133366698,0.016670837,TRUE
8280,1000_radii_1,-1,R,0,22,166.7828547,0,-441.4656067,943.6776733,302.8416595,-0.014,-1.260000039,-0.490000015,-0.008121528,0.132596365,0.016574546,TRUE
8281,1000_radii_1,-1,R,0,22,166.7995219,0,-441.5776367,943.75,302.8334923,-0.014,-1.260000039,-0.490000015,-0.008167084,0.133340135,0.016667517,TRUE
8282,1000_radii_1,-1,R,0,22,166.8162854,0,-441.6903076,943.8226929,302.8252792,-0.014,-1.260000039,-0.490000015,-0.008213231,0.134093565,0.016761696,TRUE
8283,1000_radii_1,-1,R,0,22,166.8328968,0,-441.802002,943.8947144,302.8171387,-0.014,-1.260000039,-0.490000015,-0.00814046,0.132905464,0.016613183,TRUE
8284,1000_radii_1,-1,R,0,22,166.8495012,0,-441.9136353,943.9666748,302.8090057,-0.014,-1.260000039,-0.490000015,-0.008135579,0.132825775,0.016603222,TRUE
8285,1000_radii_1,-1,R,0,22,166.8662059,0,-442.0259705,944.0390625,302.8008156,-0.014,-1.260000039,-0.490000015,-0.00818572,0.133644405,0.016705551,TRUE
8286,1000_radii_1,-1,R,0,22,166.8828387,0,-442.1378174,944.111145,302.7926674,-0.014,-1.260000039,-0.490000015,-0.008149778,0.133057599,0.0166322,TRUE
8287,1000_radii_1,-1,R,0,22,166.8994947,0,-442.2498474,944.1833496,302.7845039,-0.014,-1.260000039,-0.490000015,-0.00816235,0.13326286,0.016657858,TRUE
8288,1000_radii_1,-1,R,0,22,166.9162416,0,-442.3624878,944.2559204,302.7763023,-0.014,-1.260000039,-0.490000015,-0.008206279,0.133980067,0.016747508,TRUE
8289,1000_radii_1,-1,R,0,22,166.9328289,0,-442.4740601,944.3277588,302.7681694,-0.014,-1.260000039,-0.490000015,-0.008127296,0.132690544,0.016586318,TRUE
8290,1000_radii_1,-1,R,0,22,166.9495483,0,-442.5865173,944.4001465,302.7599792,-0.014,-1.260000039,-0.490000015,-0.008190749,0.133726509,0.016715814,TRUE
8291,1000_radii_1,-1,R,0,22,166.966262,0,-442.6989746,944.4725342,302.7517891,-0.014,-1.260000039,-0.490000015,-0.008191045,0.133731339,0.016716417,TRUE
8292,1000_radii_1,-1,R,0,22,166.9829588,0,-442.8112183,944.5447388,302.743618,-0.014,-1.260000039,-0.490000015,-0.008174923,0.133468122,0.016683515,TRUE
8293,1000_radii_1,-1,R,0,22,166.9995478,0,-442.9229431,944.6165771,302.7354774,-0.014,-1.260000039,-0.490000015,-0.008135431,0.13282336,0.01660292,TRUE
8294,1000_radii_1,-1,R,0,22,167.0162168,0,-443.0350952,944.6886597,302.727314,-0.014,-1.260000039,-0.490000015,-0.008167231,0.13334255,0.016667819,TRUE
8295,1000_radii_1,-1,R,0,22,167.0329315,0,-443.1475525,944.7609253,302.7191238,-0.014,-1.260000039,-0.490000015,-0.008187791,0.133678213,0.016709777,TRUE
8296,1000_radii_1,-1,R,0,22,167.0495148,0,-443.2591858,944.8326416,302.7109985,-0.014,-1.260000039,-0.490000015,-0.00812774,0.132697788,0.016587224,TRUE
8297,1000_radii_1,-1,R,0,22,167.0662197,0,-443.3716431,944.9048462,302.7028122,-0.014,-1.260000039,-0.490000015,-0.00818572,0.133644405,0.016705551,TRUE
8298,1000_radii_1,-1,R,0,22,167.0828441,0,-443.483551,944.9766846,302.694664,-0.014,-1.260000039,-0.490000015,-0.008145785,0.132992398,0.01662405,TRUE
8299,1000_radii_1,-1,R,0,22,167.0995647,0,-443.5961304,945.0489502,302.6864738,-0.014,-1.260000039,-0.490000015,-0.008193855,0.133777221,0.016722153,TRUE
8300,1000_radii_1,-1,R,0,22,167.1162401,0,-443.7084045,945.1209717,302.678299,-0.014,-1.260000039,-0.490000015,-0.008171077,0.133405336,0.016675667,TRUE
8301,1000_radii_1,-1,R,0,22,167.1328463,0,-443.8202209,945.192688,302.670166,-0.014,-1.260000039,-0.490000015,-0.008137502,0.132857167,0.016607146,TRUE
8302,1000_radii_1,-1,R,0,22,167.1495054,0,-443.9324036,945.2646484,302.6620026,-0.014,-1.260000039,-0.490000015,-0.008162203,0.133260445,0.016657556,TRUE
8303,1000_radii_1,-1,R,0,22,167.166226,0,-444.0450134,945.336853,302.6538048,-0.014,-1.260000039,-0.490000015,-0.008193707,0.133774806,0.016721851,TRUE
8304,1000_radii_1,-1,R,0,22,167.1828199,0,-444.1567688,945.4085083,302.6456795,-0.014,-1.260000039,-0.490000015,-0.008130846,0.1327485,0.016593562,TRUE
8305,1000_radii_1,-1,R,0,22,167.1995429,0,-444.2694092,945.4806519,302.6374817,-0.014,-1.260000039,-0.490000015,-0.008194447,0.13378688,0.01672336,TRUE
8306,1000_radii_1,-1,R,0,22,167.2162246,0,-444.3817749,945.5526123,302.6293068,-0.014,-1.260000039,-0.490000015,-0.008173739,0.133448803,0.0166811,TRUE
8307,1000_radii_1,-1,R,0,22,167.2329589,0,-444.4944458,945.6247559,302.6211205,-0.014,-1.260000039,-0.490000015,-0.008194299,0.133784465,0.016723058,TRUE
8308,1000_radii_1,-1,R,0,22,167.2495382,0,-444.6062317,945.6962891,302.6129799,-0.014,-1.260000039,-0.490000015,-0.008128923,0.132717107,0.016589638,TRUE
8309,1000_radii_1,-1,R,0,22,167.2662365,0,-444.71875,945.7683105,302.6047974,-0.014,-1.260000039,-0.490000015,-0.008182762,0.133596108,0.016699514,TRUE
8310,1000_radii_1,-1,R,0,22,167.2829179,0,-444.8311157,945.84021,302.5966301,-0.014,-1.260000039,-0.490000015,-0.008170485,0.133395676,0.01667446,TRUE
8311,1000_radii_1,-1,R,0,22,167.2995103,0,-444.9429626,945.9117432,302.5884972,-0.014,-1.260000039,-0.490000015,-0.008132473,0.132775063,0.016596883,TRUE
8312,1000_radii_1,-1,R,0,22,167.3161836,0,-445.0553589,945.9835815,302.5803261,-0.014,-1.260000039,-0.490000015,-0.008170929,0.133402921,0.016675365,TRUE
8313,1000_radii_1,-1,R,0,22,167.3328447,0,-445.1676636,946.0553589,302.5721664,-0.014,-1.260000039,-0.490000015,-0.008163682,0.133284594,0.016660574,TRUE
8314,1000_radii_1,-1,R,0,22,167.3495222,0,-445.2800903,946.1271973,302.5639992,-0.014,-1.260000039,-0.490000015,-0.008171225,0.133407751,0.016675969,TRUE
8315,1000_radii_1,-1,R,0,22,167.3662981,0,-445.3931885,946.1994019,302.5557709,-0.014,-1.260000039,-0.490000015,-0.008219295,0.134192573,0.016774072,TRUE
8316,1000_radii_1,-1,R,0,23,167.3828618,0,-445.5048828,946.2706909,302.5476532,-0.014,-1.260000039,-0.490000015,-0.008117238,0.132526335,0.016565792,FALSE
8317,1000_radii_1,-1,R,0,23,167.3995027,0,-445.6170959,946.3423462,302.5395012,-0.014,-1.260000039,-0.490000015,-0.008154363,0.133132459,0.016641557,FALSE
8318,1000_radii_1,-1,R,0,23,167.4161887,0,-445.7296448,946.4141235,302.5313263,-0.014,-1.260000039,-0.490000015,-0.008176402,0.13349227,0.016686534,FALSE
8319,1000_radii_1,-1,R,0,23,167.4328601,0,-445.8421021,946.4858398,302.523159,-0.014,-1.260000039,-0.490000015,-0.008169006,0.133371528,0.016671441,FALSE
8320,1000_radii_1,-1,R,0,23,167.4495116,0,-445.9544373,946.5574341,302.5149956,-0.014,-1.260000039,-0.490000015,-0.008159392,0.133214564,0.01665182,FALSE
8321,1000_radii_1,-1,R,0,23,167.4662697,0,-446.0674744,946.6295166,302.5067863,-0.014,-1.260000039,-0.490000015,-0.008211308,0.134062172,0.016757771,FALSE
8322,1000_radii_1,-1,R,0,23,167.4836571,0,-446.1847534,946.7042847,302.4982681,-0.014,-1.260000039,-0.490000015,-0.008518959,0.139085036,0.017385629,FALSE
8323,1000_radii_1,-1,R,0,23,167.4995555,0,-446.2920227,946.772644,302.4904747,-0.014,-1.260000039,-0.490000015,-0.007790951,0.127199201,0.0158999,FALSE
8324,1000_radii_1,-1,R,0,23,167.5161642,0,-446.4040833,946.8439941,302.4823341,-0.014,-1.260000039,-0.490000015,-0.008138093,0.132866827,0.016608353,FALSE
8325,1000_radii_1,-1,R,0,23,167.5327885,0,-446.5162659,946.9154053,302.4741898,-0.014,-1.260000039,-0.490000015,-0.008146376,0.133002058,0.016625257,FALSE
8326,1000_radii_1,-1,R,0,23,167.5494557,0,-446.6287537,946.9869995,302.4660263,-0.014,-1.260000039,-0.490000015,-0.008167231,0.13334255,0.016667819,FALSE
8327,1000_radii_1,-1,R,0,23,167.5661338,0,-446.7413025,947.0585938,302.4578552,-0.014,-1.260000039,-0.490000015,-0.008171669,0.133414995,0.016676874,FALSE
8328,1000_radii_1,-1,R,0,23,167.5827823,0,-446.8536987,947.1300659,302.4496918,-0.014,-1.260000039,-0.490000015,-0.008158357,0.13319766,0.016649707,FALSE
8329,1000_radii_1,-1,R,0,23,167.5994369,0,-446.9661255,947.2015381,302.4415321,-0.014,-1.260000039,-0.490000015,-0.008161019,0.133241127,0.016655141,FALSE
8330,1000_radii_1,-1,R,0,23,167.616197,0,-447.0792847,947.2734375,302.4333229,-0.014,-1.260000039,-0.490000015,-0.0082119,0.134071831,0.016758979,FALSE
8331,1000_radii_1,-1,R,0,23,167.6328434,0,-447.1916809,947.3448486,302.4251671,-0.014,-1.260000039,-0.490000015,-0.008157026,0.133175926,0.016646991,FALSE
8332,1000_radii_1,-1,R,0,23,167.6494391,0,-447.3037415,947.4160156,302.4170341,-0.014,-1.260000039,-0.490000015,-0.008131733,0.132762989,0.016595374,FALSE
8333,1000_radii_1,-1,R,0,23,167.6661441,0,-447.4165649,947.4876709,302.4088516,-0.014,-1.260000039,-0.490000015,-0.008185276,0.13363716,0.016704645,FALSE
8334,1000_radii_1,-1,R,0,23,167.6828324,0,-447.5292969,947.5592041,302.4006653,-0.014,-1.260000039,-0.490000015,-0.008178029,0.133518833,0.016689854,FALSE
8335,1000_radii_1,-1,R,0,23,167.6994881,0,-447.6417847,947.6306152,302.3925133,-0.014,-1.260000039,-0.490000015,-0.008161167,0.133243542,0.016655443,FALSE
8336,1000_radii_1,-1,R,0,23,167.716197,0,-447.7546692,947.7022095,302.3843193,-0.014,-1.260000039,-0.490000015,-0.008187495,0.133673383,0.016709173,FALSE
8337,1000_radii_1,-1,R,0,23,167.7327854,0,-447.8667297,947.7732544,302.376194,-0.014,-1.260000039,-0.490000015,-0.008128036,0.132702618,0.016587827,FALSE
8338,1000_radii_1,-1,R,0,23,167.7494578,0,-447.9793701,947.8446655,302.3680267,-0.014,-1.260000039,-0.490000015,-0.008168711,0.133366698,0.016670837,FALSE
8339,1000_radii_1,-1,R,0,23,167.7662433,0,-448.0927734,947.9165649,302.3597984,-0.014,-1.260000039,-0.490000015,-0.008223585,0.134262603,0.016782825,FALSE
8340,1000_radii_1,-1,R,0,23,167.7827865,0,-448.2045898,947.9874268,302.3516922,-0.014,-1.260000039,-0.490000015,-0.00810792,0.1323742,0.016546775,FALSE
8341,1000_radii_1,-1,R,0,23,167.7994555,0,-448.3172302,948.0587769,302.3435249,-0.014,-1.260000039,-0.490000015,-0.008167823,0.133352209,0.016669026,FALSE
8342,1000_radii_1,-1,R,0,23,167.816136,0,-448.4299622,948.130188,302.3353462,-0.014,-1.260000039,-0.490000015,-0.008172556,0.133429484,0.016678686,FALSE
8343,1000_radii_1,-1,R,0,23,167.8328588,0,-448.5429993,948.2017212,302.3271599,-0.014,-1.260000039,-0.490000015,-0.008194299,0.133784465,0.016723058,FALSE
8344,1000_radii_1,-1,R,0,23,167.8494327,0,-448.6550293,948.272644,302.3190384,-0.014,-1.260000039,-0.490000015,-0.00812138,0.13259395,0.016574244,FALSE
8345,1000_radii_1,-1,R,0,23,167.8661817,0,-448.7682495,948.3442993,302.3108292,-0.014,-1.260000039,-0.490000015,-0.008206723,0.133987312,0.016748414,FALSE
8346,1000_radii_1,-1,R,0,23,167.8827708,0,-448.8804321,948.4152222,302.3027,-0.014,-1.260000039,-0.490000015,-0.008129367,0.132724351,0.016590544,FALSE
8347,1000_radii_1,-1,R,0,23,167.899444,0,-448.9931946,948.4865112,302.2945328,-0.014,-1.260000039,-0.490000015,-0.008170338,0.133393262,0.016674158,FALSE
8348,1000_radii_1,-1,R,0,23,167.9161921,0,-449.1064453,948.5581055,302.2863274,-0.014,-1.260000039,-0.490000015,-0.00820554,0.133967993,0.016745999,FALSE
8349,1000_radii_1,-1,R,0,23,167.9328916,0,-449.2193909,948.6294556,302.278141,-0.014,-1.260000039,-0.490000015,-0.008183354,0.133605767,0.016700721,FALSE
8350,1000_radii_1,-1,R,0,23,167.9494997,0,-449.3316956,948.7003784,302.2700043,-0.014,-1.260000039,-0.490000015,-0.008136762,0.132845093,0.016605637,FALSE
8351,1000_radii_1,-1,R,0,23,167.9661618,0,-449.4444275,948.7715454,302.261837,-0.014,-1.260000039,-0.490000015,-0.008165604,0.133315987,0.016664498,FALSE
8352,1000_radii_1,-1,R,0,23,167.9827662,0,-449.5567627,948.8424683,302.2537003,-0.014,-1.260000039,-0.490000015,-0.008136466,0.132840264,0.016605033,FALSE
8353,1000_radii_1,-1,R,0,23,167.9994325,0,-449.6695251,948.9136353,302.245533,-0.014,-1.260000039,-0.490000015,-0.00816664,0.133332891,0.016666611,FALSE
8354,1000_radii_1,-1,R,0,23,168.0161909,0,-449.7828979,948.9851685,302.2373276,-0.014,-1.260000039,-0.490000015,-0.00821116,0.134059757,0.01675747,FALSE
8355,1000_radii_1,-1,R,0,23,168.0328786,0,-449.8957825,949.0563354,302.2291527,-0.014,-1.260000039,-0.490000015,-0.008175071,0.133470536,0.016683817,FALSE
8356,1000_radii_1,-1,R,0,23,168.0495193,0,-450.0084229,949.1273193,302.2209969,-0.014,-1.260000039,-0.490000015,-0.008155399,0.133149363,0.01664367,FALSE
8357,1000_radii_1,-1,R,0,23,168.066131,0,-450.1208496,949.1981812,302.2128563,-0.014,-1.260000039,-0.490000015,-0.008140016,0.13289822,0.016612277,FALSE
8358,1000_radii_1,-1,R,0,23,168.0827906,0,-450.2336121,949.2692261,302.2046967,-0.014,-1.260000039,-0.490000015,-0.008163534,0.133282179,0.016660272,FALSE
8359,1000_radii_1,-1,R,0,23,168.0995001,0,-450.3467102,949.3404541,302.1965027,-0.014,-1.260000039,-0.490000015,-0.008186607,0.133658894,0.016707362,FALSE
8360,1000_radii_1,-1,R,0,23,168.1161211,0,-450.4592285,949.4113159,302.1883621,-0.014,-1.260000039,-0.490000015,-0.008144897,0.132977909,0.016622239,FALSE
8361,1000_radii_1,-1,R,0,23,168.1327977,0,-450.5721436,949.4823608,302.1801872,-0.014,-1.260000039,-0.490000015,-0.008171669,0.133414995,0.016676874,FALSE
8362,1000_radii_1,-1,R,0,23,168.1494045,0,-450.6846008,949.5531006,302.1720467,-0.014,-1.260000039,-0.490000015,-0.008137502,0.132857167,0.016607146,FALSE
8363,1000_radii_1,-1,R,0,23,168.1661394,0,-450.7979126,949.6243896,302.1638527,-0.014,-1.260000039,-0.490000015,-0.008198588,0.133854496,0.016731812,FALSE
8364,1000_radii_1,-1,R,0,23,168.1828787,0,-450.9112854,949.6956787,302.1556473,-0.014,-1.260000039,-0.490000015,-0.008203469,0.133934185,0.016741773,FALSE
8365,1000_radii_1,-1,R,0,23,168.1995287,0,-451.0240784,949.7666016,302.1474915,-0.014,-1.260000039,-0.490000015,-0.00815954,0.133216978,0.016652122,FALSE
8366,1000_radii_1,-1,R,0,23,168.2162132,0,-451.137085,949.8376465,302.1393166,-0.014,-1.260000039,-0.490000015,-0.008174627,0.133463292,0.016682911,FALSE
8367,1000_radii_1,-1,R,0,23,168.2327913,0,-451.2493896,949.9082031,302.1311874,-0.014,-1.260000039,-0.490000015,-0.00812419,0.132639832,0.016579979,FALSE
8368,1000_radii_1,-1,R,0,23,168.2494121,0,-451.3619995,949.9789429,302.1230469,-0.014,-1.260000039,-0.490000015,-0.00814401,0.13296342,0.016620428,FALSE
8369,1000_radii_1,-1,R,0,23,168.2661246,0,-451.4752197,950.0500488,302.1148567,-0.014,-1.260000039,-0.490000015,-0.008187643,0.133675798,0.016709475,FALSE
8370,1000_radii_1,-1,R,0,23,168.2827746,0,-451.5880432,950.1208496,302.1067009,-0.014,-1.260000039,-0.490000015,-0.008159392,0.133214564,0.01665182,FALSE
8371,1000_radii_1,-1,R,0,23,168.2994795,0,-451.7012024,950.1918335,302.0985184,-0.014,-1.260000039,-0.490000015,-0.00818217,0.133586449,0.016698306,FALSE
8372,1000_radii_1,-1,R,0,23,168.3161395,0,-451.8141174,950.2626953,302.0903511,-0.014,-1.260000039,-0.490000015,-0.008165013,0.133306327,0.016663291,FALSE
8373,1000_radii_1,-1,R,0,23,168.3328155,0,-451.9271545,950.3335571,302.08218,-0.014,-1.260000039,-0.490000015,-0.00817226,0.133424654,0.016678082,FALSE
8374,1000_radii_1,-1,R,0,23,168.349425,0,-452.0397339,950.4041138,302.0740395,-0.014,-1.260000039,-0.490000015,-0.008138537,0.132874071,0.016609259,FALSE
8375,1000_radii_1,-1,R,0,23,168.3661257,0,-452.1529236,950.4750366,302.0658607,-0.014,-1.260000039,-0.490000015,-0.008182318,0.133588863,0.016698608,FALSE
8376,1000_radii_1,-1,R,0,23,168.3827631,0,-452.2657471,950.5457153,302.0577011,-0.014,-1.260000039,-0.490000015,-0.00815392,0.133125215,0.016640652,FALSE
8377,1000_radii_1,-1,R,0,23,168.3994934,0,-452.3791809,950.6167603,302.0495071,-0.014,-1.260000039,-0.490000015,-0.008198736,0.133856911,0.016732114,TRUE
8378,1000_radii_1,-1,R,0,23,168.4161401,0,-452.4920349,950.687439,302.0413513,-0.014,-1.260000039,-0.490000015,-0.00815599,0.133159022,0.016644878,TRUE
8379,1000_radii_1,-1,R,0,23,168.4328287,0,-452.6052246,950.7583008,302.0331688,-0.014,-1.260000039,-0.490000015,-0.008177881,0.133516418,0.016689552,TRUE
8380,1000_radii_1,-1,R,0,23,168.4494642,0,-452.7180481,950.8289185,302.0250206,-0.014,-1.260000039,-0.490000015,-0.008151257,0.133081747,0.016635218,TRUE
8381,1000_radii_1,-1,R,0,23,168.4669304,0,-452.8364868,950.9030151,302.0164642,-0.014,-1.260000039,-0.490000015,-0.008557563,0.139715309,0.017464414,TRUE
8382,1000_radii_1,-1,R,0,23,168.4828844,0,-452.9446716,950.9706421,302.0086479,-0.014,-1.260000039,-0.490000015,-0.007814173,0.127578331,0.015947291,TRUE
8383,1000_radii_1,-1,R,0,23,168.4994438,0,-453.0570374,951.0408936,302.0005341,-0.014,-1.260000039,-0.490000015,-0.00811709,0.13252392,0.01656549,TRUE
8384,1000_radii_1,-1,R,0,23,168.516159,0,-453.1704407,951.1117554,301.9923363,-0.014,-1.260000039,-0.490000015,-0.008191488,0.133738583,0.016717323,TRUE
8385,1000_radii_1,-1,R,0,23,168.5327701,0,-453.2831421,951.1821289,301.9842033,-0.014,-1.260000039,-0.490000015,-0.008139277,0.132886145,0.016610768,TRUE
8386,1000_radii_1,-1,R,0,23,168.5494895,0,-453.3966064,951.2529907,301.9760056,-0.014,-1.260000039,-0.490000015,-0.008192524,0.133755487,0.016719436,TRUE
8387,1000_radii_1,-1,R,0,23,168.5661076,0,-453.5093689,951.3233643,301.967865,-0.014,-1.260000039,-0.490000015,-0.008142531,0.132939272,0.016617409,TRUE
8388,1000_radii_1,-1,R,0,23,168.5828176,0,-453.6227722,951.394165,301.9596748,-0.014,-1.260000039,-0.490000015,-0.00818853,0.133690287,0.016711286,TRUE
8389,1000_radii_1,-1,R,0,23,168.5994154,0,-453.7354431,951.4644775,301.9515457,-0.014,-1.260000039,-0.490000015,-0.008133656,0.132794382,0.016599298,TRUE
8390,1000_radii_1,-1,R,0,23,168.6161303,0,-453.8489075,951.5352173,301.9433517,-0.014,-1.260000039,-0.490000015,-0.008189861,0.13371202,0.016714003,TRUE
8391,1000_radii_1,-1,R,0,23,168.6328024,0,-453.9620972,951.6057739,301.9351845,-0.014,-1.260000039,-0.490000015,-0.008169302,0.133376358,0.016672045,TRUE
8392,1000_radii_1,-1,R,0,23,168.6495282,0,-454.0756531,951.6765747,301.9269867,-0.014,-1.260000039,-0.490000015,-0.00819563,0.133806199,0.016725775,TRUE
8393,1000_radii_1,-1,R,0,23,168.6661884,0,-454.1887512,951.7470703,301.9188232,-0.014,-1.260000039,-0.490000015,-0.008162794,0.133270105,0.016658763,TRUE
8394,1000_radii_1,-1,R,0,23,168.6827944,0,-454.3015137,951.8173218,301.9106903,-0.014,-1.260000039,-0.490000015,-0.00813691,0.132847508,0.016605939,TRUE
8395,1000_radii_1,-1,R,0,23,168.6994516,0,-454.4146423,951.8877563,301.9025269,-0.014,-1.260000039,-0.490000015,-0.008162498,0.133265275,0.016658159,TRUE
8396,1000_radii_1,-1,R,0,23,168.7161001,0,-454.52771,951.9581299,301.894371,-0.014,-1.260000039,-0.490000015,-0.008158357,0.13319766,0.016649707,TRUE
8397,1000_radii_1,-1,R,0,23,168.732764,0,-454.6408997,952.0285645,301.8862038,-0.014,-1.260000039,-0.490000015,-0.008165309,0.133311157,0.016663895,TRUE
8398,1000_radii_1,-1,R,0,23,168.7494934,0,-454.7545471,952.0992432,301.878006,-0.014,-1.260000039,-0.490000015,-0.008196961,0.133827932,0.016728492,TRUE
8399,1000_radii_1,-1,R,0,23,168.766186,0,-454.8679199,952.1697388,301.8698311,-0.014,-1.260000039,-0.490000015,-0.008177733,0.133514003,0.01668925,TRUE
8400,1000_radii_1,-1,R,0,23,168.7827635,0,-454.9805603,952.2397461,301.8617058,-0.014,-1.260000039,-0.490000015,-0.00812419,0.132639832,0.016579979,TRUE
8401,1000_radii_1,-1,R,0,23,168.7994136,0,-455.093689,952.3100586,301.85355,-0.014,-1.260000039,-0.490000015,-0.008158949,0.133207319,0.016650915,TRUE
8402,1000_radii_1,-1,R,0,23,168.8161052,0,-455.2070923,952.3805542,301.8453636,-0.014,-1.260000039,-0.490000015,-0.008178325,0.133523663,0.016690458,TRUE
8403,1000_radii_1,-1,R,0,23,168.8327718,0,-455.320343,952.4509277,301.8371964,-0.014,-1.260000039,-0.490000015,-0.008166788,0.133335305,0.016666913,TRUE
8404,1000_radii_1,-1,R,0,23,168.8494357,0,-455.4335938,952.5212402,301.8290329,-0.014,-1.260000039,-0.490000015,-0.008165457,0.133313572,0.016664196,TRUE
8405,1000_radii_1,-1,R,0,23,168.8662189,0,-455.5476685,952.592041,301.8208084,-0.014,-1.260000039,-0.490000015,-0.008223881,0.134267433,0.016783429,TRUE
8406,1000_radii_1,-1,R,0,23,168.8827674,0,-455.6601563,952.6618652,301.812706,-0.014,-1.260000039,-0.490000015,-0.008108216,0.132379029,0.016547379,TRUE
8407,1000_radii_1,-1,R,0,23,168.8995143,0,-455.7740173,952.7324829,301.804493,-0.014,-1.260000039,-0.490000015,-0.008205984,0.133975238,0.016746905,TRUE
8408,1000_radii_1,-1,R,0,23,168.916107,0,-455.8868408,952.8024292,301.7963676,-0.014,-1.260000039,-0.490000015,-0.008130846,0.1327485,0.016593562,TRUE
8409,1000_radii_1,-1,R,0,23,168.9328014,0,-456.0003662,952.8728027,301.7881813,-0.014,-1.260000039,-0.490000015,-0.008180543,0.133559885,0.016694986,TRUE
8410,1000_radii_1,-1,R,0,23,168.9494828,0,-456.1137085,952.9430542,301.780014,-0.014,-1.260000039,-0.490000015,-0.008168119,0.133357039,0.01666963,TRUE
8411,1000_radii_1,-1,R,0,23,168.9660893,0,-456.2267151,953.0130615,301.7718697,-0.014,-1.260000039,-0.490000015,-0.008142383,0.132936857,0.016617107,TRUE
8412,1000_radii_1,-1,R,0,23,168.9828036,0,-456.3403931,953.0834961,301.7636833,-0.014,-1.260000039,-0.490000015,-0.008190305,0.133719265,0.016714908,TRUE
8413,1000_radii_1,-1,R,0,23,168.9993975,0,-456.4532776,953.1533813,301.7555542,-0.014,-1.260000039,-0.490000015,-0.00813129,0.132755744,0.016594468,TRUE
8414,1000_radii_1,-1,R,0,23,169.0160904,0,-456.5668335,953.2236328,301.7473717,-0.014,-1.260000039,-0.490000015,-0.008179212,0.133538152,0.016692269,TRUE
8415,1000_radii_1,-1,R,0,23,169.0327802,0,-456.6803589,953.2938843,301.7391968,-0.014,-1.260000039,-0.490000015,-0.008176698,0.1334971,0.016687137,TRUE
8416,1000_radii_1,-1,R,0,23,169.0494725,0,-456.7939453,953.3641357,301.7310143,-0.014,-1.260000039,-0.490000015,-0.008179952,0.133550226,0.016693778,TRUE
8417,1000_radii_1,-1,R,0,23,169.0661645,0,-456.9075317,953.4343872,301.7228394,-0.014,-1.260000039,-0.490000015,-0.008179064,0.133535737,0.016691967,TRUE
8418,1000_radii_1,-1,R,0,23,169.0827547,0,-457.0204163,953.5041504,301.7147102,-0.014,-1.260000039,-0.490000015,-0.008129515,0.132726766,0.016590846,TRUE
8419,1000_radii_1,-1,R,0,23,169.0994681,0,-457.1341553,953.5744629,301.7065201,-0.014,-1.260000039,-0.490000015,-0.008190009,0.133714435,0.016714304,TRUE
8420,1000_radii_1,-1,R,0,23,169.1160961,0,-457.2473145,953.6443481,301.6983719,-0.014,-1.260000039,-0.490000015,-0.008146968,0.133011717,0.016626465,TRUE
8421,1000_radii_1,-1,R,0,23,169.1328031,0,-457.3610535,953.7145996,301.6901817,-0.014,-1.260000039,-0.490000015,-0.008187347,0.133670968,0.016708871,TRUE
8422,1000_radii_1,-1,R,0,23,169.1494224,0,-457.4741821,953.7844238,301.6820412,-0.014,-1.260000039,-0.490000015,-0.008143122,0.132948931,0.016618616,TRUE
8423,1000_radii_1,-1,R,0,23,169.1661207,0,-457.5878601,953.8546143,301.6738625,-0.014,-1.260000039,-0.490000015,-0.008182614,0.133593693,0.016699212,TRUE
8424,1000_radii_1,-1,R,0,23,169.1828066,0,-457.7014465,953.9246826,301.6656837,-0.014,-1.260000039,-0.490000015,-0.008175071,0.133470536,0.016683817,TRUE
8425,1000_radii_1,-1,R,0,23,169.1994122,0,-457.8145142,953.9944458,301.657547,-0.014,-1.260000039,-0.490000015,-0.00813765,0.132859582,0.016607448,TRUE
8426,1000_radii_1,-1,R,0,23,169.2160982,0,-457.9281311,954.0645142,301.6493721,-0.014,-1.260000039,-0.490000015,-0.008174627,0.133463292,0.016682911,TRUE
8427,1000_radii_1,-1,R,0,23,169.2327427,0,-458.0415039,954.1343994,301.6412163,-0.014,-1.260000039,-0.490000015,-0.008156434,0.133166267,0.016645783,TRUE
8428,1000_radii_1,-1,R,0,23,169.2494018,0,-458.1549683,954.2043457,301.6330452,-0.014,-1.260000039,-0.490000015,-0.00816309,0.133274934,0.016659367,TRUE
8429,1000_radii_1,-1,R,0,23,169.266085,0,-458.2684937,954.274292,301.6248856,-0.014,-1.260000039,-0.490000015,-0.0081659,0.133320816,0.016665102,TRUE
8430,1000_radii_1,-1,R,0,23,169.2827021,0,-458.3818054,954.3440552,301.6167297,-0.014,-1.260000039,-0.490000015,-0.008151701,0.133088992,0.016636124,TRUE
8431,1000_radii_1,-1,R,0,23,169.2993814,0,-458.4954529,954.4140015,301.6085625,-0.014,-1.260000039,-0.490000015,-0.008173148,0.133439144,0.016679893,TRUE
8432,1000_radii_1,-1,R,0,23,169.3161742,0,-458.6098328,954.484375,301.600338,-0.014,-1.260000039,-0.490000015,-0.008225212,0.134289167,0.016786146,TRUE
8433,1000_radii_1,-1,R,0,23,169.3327575,0,-458.7228394,954.553894,301.592205,-0.014,-1.260000039,-0.490000015,-0.008127,0.132685714,0.016585714,TRUE
8434,1000_radii_1,-1,R,0,23,169.3493988,0,-458.8361816,954.6235962,301.5840569,-0.014,-1.260000039,-0.490000015,-0.008150518,0.133069673,0.016633709,TRUE
8435,1000_radii_1,-1,R,0,23,169.3661275,0,-458.9502563,954.6937256,301.5758591,-0.014,-1.260000039,-0.490000015,-0.008201842,0.133907622,0.016738453,TRUE
8436,1000_radii_1,-1,R,0,23,169.3827428,0,-459.0635071,954.7633057,301.5677109,-0.014,-1.260000039,-0.490000015,-0.008141643,0.132924783,0.016615598,TRUE
8437,1000_radii_1,-1,R,0,23,169.3994541,0,-459.1773987,954.833313,301.5595284,-0.014,-1.260000039,-0.490000015,-0.008187791,0.133678213,0.016709777,TRUE
8438,1000_radii_1,-1,R,0,23,169.4161805,0,-459.2914124,954.9033813,301.5513229,-0.014,-1.260000039,-0.490000015,-0.008196517,0.133820688,0.016727586,TRUE
8439,1000_radii_1,-1,R,0,23,169.4327427,0,-459.4043274,954.9727173,301.5432167,-0.014,-1.260000039,-0.490000015,-0.008115907,0.132504601,0.016563075,TRUE
8440,1000_radii_1,-1,R,0,23,169.4493912,0,-459.5178528,955.0424194,301.5350571,-0.014,-1.260000039,-0.490000015,-0.008158357,0.13319766,0.016649707,TRUE
8441,1000_radii_1,-1,R,0,23,169.4661369,0,-459.6320496,955.1124878,301.5268555,-0.014,-1.260000039,-0.490000015,-0.008205392,0.133965578,0.016745697,TRUE
8442,1000_radii_1,-1,R,0,23,169.4827102,0,-459.7450562,955.1818237,301.518734,-0.014,-1.260000039,-0.490000015,-0.008120936,0.132586706,0.016573338,TRUE
8443,1000_radii_1,-1,R,0,23,169.4993889,0,-459.8587952,955.2515869,301.5105553,-0.014,-1.260000039,-0.490000015,-0.008172112,0.13342224,0.01667778,TRUE
8444,1000_radii_1,-1,R,0,23,169.5160842,0,-459.9725952,955.3213501,301.5023804,-0.014,-1.260000039,-0.490000015,-0.008175958,0.133485025,0.016685628,TRUE
8445,1000_radii_1,-1,R,0,23,169.5327236,0,-460.0861511,955.3909302,301.4942245,-0.014,-1.260000039,-0.490000015,-0.008157913,0.133190415,0.016648802,TRUE
8446,1000_radii_1,-1,R,0,23,169.5493999,0,-460.1999207,955.4606323,301.4860497,-0.014,-1.260000039,-0.490000015,-0.008171521,0.13341258,0.016676573,TRUE
8447,1000_radii_1,-1,R,0,23,169.5661341,0,-460.3140869,955.5305786,301.4778519,-0.014,-1.260000039,-0.490000015,-0.008199771,0.133873814,0.016734227,TRUE
8448,1000_radii_1,-1,R,0,23,169.5827358,0,-460.4273376,955.5999146,301.4697189,-0.014,-1.260000039,-0.490000015,-0.008134396,0.132806456,0.016600807,TRUE
8449,1000_radii_1,-1,R,0,23,169.5994148,0,-460.5411682,955.6695557,301.4615479,-0.014,-1.260000039,-0.490000015,-0.008173444,0.133443973,0.016680497,TRUE
8450,1000_radii_1,-1,R,0,23,169.6160694,0,-460.6546631,955.7390137,301.4533958,-0.014,-1.260000039,-0.490000015,-0.008150518,0.133069673,0.016633709,TRUE
8451,1000_radii_1,-1,R,0,23,169.632748,0,-460.7686462,955.8087158,301.4452133,-0.014,-1.260000039,-0.490000015,-0.008183058,0.133600938,0.016700117,TRUE
8452,1000_radii_1,-1,R,0,23,169.6493959,0,-460.8822632,955.8781738,301.4370575,-0.014,-1.260000039,-0.490000015,-0.008156434,0.133166267,0.016645783,TRUE
8453,1000_radii_1,-1,R,0,23,169.6661247,0,-460.99646,955.947998,301.4288597,-0.014,-1.260000039,-0.490000015,-0.008197701,0.133840007,0.016730001,TRUE
8454,1000_radii_1,-1,R,0,23,169.6828107,0,-461.1103516,956.0175781,301.4206772,-0.014,-1.260000039,-0.490000015,-0.008175662,0.133480196,0.016685024,TRUE
8455,1000_radii_1,-1,R,0,23,169.6993783,0,-461.2234802,956.0866699,301.4125633,-0.014,-1.260000039,-0.490000015,-0.008118717,0.132550483,0.01656881,TRUE
8456,1000_radii_1,-1,R,0,23,169.7160467,0,-461.3372192,956.1561279,301.4044037,-0.014,-1.260000039,-0.490000015,-0.00816235,0.13326286,0.016657858,TRUE
8457,1000_radii_1,-1,R,0,23,169.7327701,0,-461.4514771,956.2258911,301.3961983,-0.014,-1.260000039,-0.490000015,-0.00819918,0.133864155,0.016733019,TRUE
8458,1000_radii_1,-1,R,0,23,169.749417,0,-461.565155,956.2952881,301.3880463,-0.014,-1.260000039,-0.490000015,-0.008156878,0.133173511,0.016646689,TRUE
8459,1000_radii_1,-1,R,0,23,169.7661416,0,-461.6793518,956.3649902,301.3798561,-0.014,-1.260000039,-0.490000015,-0.008194151,0.133782051,0.016722756,TRUE
8460,1000_radii_1,-1,R,0,23,169.7827699,0,-461.7929382,956.4342651,301.3717041,-0.014,-1.260000039,-0.490000015,-0.008148447,0.133035865,0.016629483,TRUE
8461,1000_radii_1,-1,R,0,23,169.7993885,0,-461.9064636,956.503479,301.3635597,-0.014,-1.260000039,-0.490000015,-0.008143714,0.132958591,0.016619824,TRUE
8462,1000_radii_1,-1,R,0,23,169.816034,0,-462.0201721,956.5728149,301.3554039,-0.014,-1.260000039,-0.490000015,-0.008156582,0.133168682,0.016646085,TRUE
8463,1000_radii_1,-1,R,0,23,169.8327093,0,-462.1340942,956.6422119,301.3472328,-0.014,-1.260000039,-0.490000015,-0.008170929,0.133402921,0.016675365,TRUE
8464,1000_radii_1,-1,R,0,23,169.8493917,0,-462.2480774,956.7116699,301.3390579,-0.014,-1.260000039,-0.490000015,-0.008174479,0.133460877,0.01668261,TRUE
8465,1000_radii_1,-1,R,0,23,169.8660178,0,-462.3616943,956.7808228,301.3309059,-0.014,-1.260000039,-0.490000015,-0.008146968,0.133011717,0.016626465,TRUE
8466,1000_radii_1,-1,R,0,23,169.8827484,0,-462.4760132,956.8504028,301.3227158,-0.014,-1.260000039,-0.490000015,-0.008197701,0.133840007,0.016730001,TRUE
8467,1000_radii_1,-1,R,0,23,169.8994223,0,-462.5899658,956.9197388,301.314537,-0.014,-1.260000039,-0.490000015,-0.008169894,0.133386017,0.016673252,TRUE
8468,1000_radii_1,-1,R,0,23,169.9160195,0,-462.7033997,956.9887695,301.3064079,-0.014,-1.260000039,-0.490000015,-0.008132769,0.132779893,0.016597487,TRUE
8469,1000_radii_1,-1,R,0,23,169.932802,0,-462.8181152,957.0585327,301.2981873,-0.014,-1.260000039,-0.490000015,-0.008223733,0.134265018,0.016783127,TRUE
8470,1000_radii_1,-1,R,0,23,169.9494626,0,-462.9319763,957.1277466,301.2900238,-0.014,-1.260000039,-0.490000015,-0.008161907,0.133255616,0.016656952,TRUE
8471,1000_radii_1,-1,R,0,23,169.9661156,0,-463.0458374,957.1969604,301.2818604,-0.014,-1.260000039,-0.490000015,-0.008161315,0.133245956,0.016655745,TRUE
8472,1000_radii_1,-1,R,0,23,169.9827022,0,-463.1592407,957.2658691,301.273735,-0.014,-1.260000039,-0.490000015,-0.008127592,0.132695373,0.016586922,TRUE
8473,1000_radii_1,-1,R,0,23,169.9994014,0,-463.2734375,957.3352051,301.2655487,-0.014,-1.260000039,-0.490000015,-0.008182762,0.133596108,0.016699514,TRUE
8474,1000_radii_1,-1,R,0,23,170.0161142,0,-463.3876648,957.404541,301.2573662,-0.014,-1.260000039,-0.490000015,-0.008184389,0.133622671,0.016702834,TRUE
8475,1000_radii_1,-1,R,0,23,170.0327241,0,-463.5012817,957.4735107,301.2492256,-0.014,-1.260000039,-0.490000015,-0.008141199,0.132917538,0.016614692,TRUE
8476,1000_radii_1,-1,R,0,23,170.0493967,0,-463.6153259,957.5427246,301.2410507,-0.014,-1.260000039,-0.490000015,-0.008171373,0.133410165,0.016676271,TRUE
8477,1000_radii_1,-1,R,0,23,170.0660322,0,-463.7290955,957.6117554,301.2329025,-0.014,-1.260000039,-0.490000015,-0.008151257,0.133081747,0.016635218,TRUE
8478,1000_radii_1,-1,R,0,23,170.0827586,0,-463.8435364,957.6811523,301.2247047,-0.014,-1.260000039,-0.490000015,-0.008196961,0.133827932,0.016728492,TRUE
8479,1000_radii_1,-1,R,0,23,170.0993739,0,-463.9572144,957.750061,301.2165642,-0.014,-1.260000039,-0.490000015,-0.008141199,0.132917538,0.016614692,TRUE
8480,1000_radii_1,-1,R,0,23,170.1160393,0,-464.071228,957.8191528,301.2084007,-0.014,-1.260000039,-0.490000015,-0.0081659,0.133320816,0.016665102,TRUE
8481,1000_radii_1,-1,R,0,23,170.1327376,0,-464.1854858,957.8883667,301.2002182,-0.014,-1.260000039,-0.490000015,-0.008182762,0.133596108,0.016699514,TRUE
8482,1000_radii_1,-1,R,0,23,170.1494145,0,-464.2995911,957.9574585,301.1920433,-0.014,-1.260000039,-0.490000015,-0.008171817,0.13341741,0.016677176,TRUE
8483,1000_radii_1,-1,R,0,23,170.1661584,0,-464.4141846,958.0268555,301.1838417,-0.014,-1.260000039,-0.490000015,-0.008203913,0.13394143,0.016742679,TRUE
8484,1000_radii_1,-1,R,0,23,170.1827139,0,-464.5274963,958.095459,301.1757317,-0.014,-1.260000039,-0.490000015,-0.008111914,0.1324394,0.016554925,TRUE
8485,1000_radii_1,-1,R,0,23,170.199376,0,-464.6415405,958.1644897,301.1675644,-0.014,-1.260000039,-0.490000015,-0.008165013,0.133306327,0.016663291,TRUE
8486,1000_radii_1,-1,R,0,23,170.216029,0,-464.7555237,958.2334595,301.1594048,-0.014,-1.260000039,-0.490000015,-0.008159688,0.133219393,0.016652424,TRUE
8487,1000_radii_1,-1,R,0,23,170.2327195,0,-464.8697815,958.3025513,301.151226,-0.014,-1.260000039,-0.490000015,-0.008178768,0.133530907,0.016691363,TRUE
8488,1000_radii_1,-1,R,0,23,170.2493713,0,-464.9837952,958.37146,301.1430626,-0.014,-1.260000039,-0.490000015,-0.008159244,0.133212149,0.016651519,TRUE
8489,1000_radii_1,-1,R,0,23,170.2661092,0,-465.0982056,958.4406128,301.1348724,-0.014,-1.260000039,-0.490000015,-0.008187051,0.133666138,0.016708267,TRUE
8490,1000_radii_1,-1,R,0,23,170.2827586,0,-465.2124023,958.5095825,301.1267052,-0.014,-1.260000039,-0.490000015,-0.00817226,0.133424654,0.016678082,TRUE
8491,1000_radii_1,-1,R,0,23,170.2993681,0,-465.3261414,958.5782471,301.1185646,-0.014,-1.260000039,-0.490000015,-0.008138833,0.132878901,0.016609863,TRUE
8492,1000_radii_1,-1,R,0,23,170.316016,0,-465.440155,958.6470947,301.1104088,-0.014,-1.260000039,-0.490000015,-0.008157617,0.133185585,0.016648198,TRUE
8493,1000_radii_1,-1,R,0,23,170.3327074,0,-465.5544434,958.7160645,301.1022339,-0.014,-1.260000039,-0.490000015,-0.008176402,0.13349227,0.016686534,TRUE
8494,1000_radii_1,-1,R,0,23,170.3493994,0,-465.6687927,958.7850342,301.0940514,-0.014,-1.260000039,-0.490000015,-0.008179064,0.133535737,0.016691967,TRUE
8495,1000_radii_1,-1,R,0,23,170.3661188,0,-465.7833557,958.854126,301.0858612,-0.014,-1.260000039,-0.490000015,-0.008193411,0.133769976,0.016721247,TRUE
8496,1000_radii_1,-1,R,0,23,170.382697,0,-465.8969421,958.9226074,301.0777435,-0.014,-1.260000039,-0.490000015,-0.00812345,0.132627758,0.01657847,TRUE
8497,1000_radii_1,-1,R,0,23,170.3994327,0,-466.0115967,958.9916992,301.0695381,-0.014,-1.260000039,-0.490000015,-0.008200215,0.133881059,0.016735132,TRUE
8498,1000_radii_1,-1,R,0,23,170.4160133,0,-466.1252441,959.0601807,301.061409,-0.014,-1.260000039,-0.490000015,-0.008125669,0.13266398,0.016582998,TRUE
8499,1000_radii_1,-1,R,0,23,170.4326799,0,-466.2394714,959.1289673,301.0532417,-0.014,-1.260000039,-0.490000015,-0.008166788,0.133335305,0.016666913,TRUE
8500,1000_radii_1,-1,R,0,23,170.4493728,0,-466.3538818,959.197876,301.0450668,-0.014,-1.260000039,-0.490000015,-0.008179952,0.133550226,0.016693778,TRUE
8501,1000_radii_1,-1,R,0,23,170.4660213,0,-466.4679871,959.2665405,301.0369034,-0.014,-1.260000039,-0.490000015,-0.008157913,0.133190415,0.016648802,TRUE
8502,1000_radii_1,-1,R,0,23,170.4827368,0,-466.5825195,959.3354492,301.0287209,-0.014,-1.260000039,-0.490000015,-0.008186164,0.133651649,0.016706456,TRUE
8503,1000_radii_1,-1,R,0,23,170.4994622,0,-466.6972046,959.4044189,301.0205231,-0.014,-1.260000039,-0.490000015,-0.008196961,0.133827932,0.016728492,TRUE
8504,1000_radii_1,-1,R,0,23,170.5160926,0,-466.8111572,959.4729614,301.0123749,-0.014,-1.260000039,-0.490000015,-0.008145045,0.132980324,0.016622541,TRUE
8505,1000_radii_1,-1,R,0,23,170.5326986,0,-466.9251099,959.5414429,301.0042343,-0.014,-1.260000039,-0.490000015,-0.008143122,0.132948931,0.016618616,TRUE
8506,1000_radii_1,-1,R,0,23,170.5493745,0,-467.0394592,959.6101685,300.9960632,-0.014,-1.260000039,-0.490000015,-0.008170781,0.133400506,0.016675063,TRUE
8507,1000_radii_1,-1,R,0,23,170.5660303,0,-467.1536865,959.678772,300.9878998,-0.014,-1.260000039,-0.490000015,-0.008161167,0.133243542,0.016655443,TRUE
8508,1000_radii_1,-1,R,0,23,170.5826803,0,-467.2678833,959.7473755,300.9797478,-0.014,-1.260000039,-0.490000015,-0.008159096,0.133209734,0.016651217,TRUE
8509,1000_radii_1,-1,R,0,23,170.5994227,0,-467.3827209,959.8163452,300.9715385,-0.014,-1.260000039,-0.490000015,-0.008203765,0.133939015,0.016742377,TRUE
8510,1000_radii_1,-1,R,0,23,170.6160506,0,-467.4967957,959.8848267,300.9633904,-0.014,-1.260000039,-0.490000015,-0.008148151,0.133031036,0.016628879,TRUE
8511,1000_radii_1,-1,R,0,23,170.6327324,0,-467.6112366,959.9534912,300.9552193,-0.014,-1.260000039,-0.490000015,-0.008174035,0.133453633,0.016681704,TRUE
8512,1000_radii_1,-1,R,0,23,170.6494258,0,-467.725769,960.0221558,300.9470367,-0.014,-1.260000039,-0.490000015,-0.008179804,0.133547811,0.016693476,TRUE
8513,1000_radii_1,-1,R,0,23,170.6659995,0,-467.8394775,960.090332,300.9389191,-0.014,-1.260000039,-0.490000015,-0.008121528,0.132596365,0.016574546,TRUE
8514,1000_radii_1,-1,R,0,23,170.6827325,0,-467.9542847,960.1591797,300.9307213,-0.014,-1.260000039,-0.490000015,-0.008198588,0.133854496,0.016731812,TRUE
8515,1000_radii_1,-1,R,0,23,170.6993251,0,-468.0681458,960.227417,300.9225883,-0.014,-1.260000039,-0.490000015,-0.008130994,0.132750915,0.016593864,TRUE
8516,1000_radii_1,-1,R,0,23,170.715986,0,-468.1824951,960.2958984,300.9144249,-0.014,-1.260000039,-0.490000015,-0.008163682,0.133284594,0.016660574,TRUE
8517,1000_radii_1,-1,R,0,23,170.7327375,0,-468.2974548,960.3647461,300.9062233,-0.014,-1.260000039,-0.490000015,-0.008207611,0.134001801,0.016750225,TRUE
8518,1000_radii_1,-1,R,0,23,170.7493313,0,-468.4113464,960.4329224,300.8980827,-0.014,-1.260000039,-0.490000015,-0.00813129,0.132755744,0.016594468,TRUE
8519,1000_radii_1,-1,R,0,23,170.7660861,0,-468.5263367,960.50177,300.8898735,-0.014,-1.260000039,-0.490000015,-0.008208794,0.13402112,0.01675264,TRUE
8520,1000_radii_1,-1,R,0,23,170.7827029,0,-468.6404114,960.5700073,300.8817329,-0.014,-1.260000039,-0.490000015,-0.008141791,0.132927198,0.0166159,TRUE
8521,1000_radii_1,-1,R,0,23,170.7993616,0,-468.7547913,960.6384277,300.8735733,-0.014,-1.260000039,-0.490000015,-0.008163386,0.133279764,0.016659971,TRUE
8522,1000_radii_1,-1,R,0,23,170.816018,0,-468.8691711,960.7067871,300.8654099,-0.014,-1.260000039,-0.490000015,-0.008161315,0.133245956,0.016655745,TRUE
8523,1000_radii_1,-1,R,0,23,170.832726,0,-468.9839172,960.7753906,300.8572235,-0.014,-1.260000039,-0.490000015,-0.008187643,0.133675798,0.016709475,TRUE
8524,1000_radii_1,-1,R,0,23,170.8494602,0,-469.0988464,960.8440552,300.8490257,-0.014,-1.260000039,-0.490000015,-0.008199476,0.133868985,0.016733623,TRUE
8525,1000_radii_1,-1,R,0,23,170.866128,0,-469.2131348,960.9122925,300.8408699,-0.014,-1.260000039,-0.490000015,-0.008152736,0.133105896,0.016638237,TRUE
8526,1000_radii_1,-1,R,0,23,170.8827004,0,-469.327179,960.9804077,300.8327332,-0.014,-1.260000039,-0.490000015,-0.008135283,0.132820945,0.016602618,TRUE
8527,1000_radii_1,-1,R,0,23,170.8994778,0,-469.4424133,961.0491943,300.8245125,-0.014,-1.260000039,-0.490000015,-0.008219739,0.134199818,0.016774977,TRUE
8528,1000_radii_1,-1,R,0,23,170.9160007,0,-469.5559387,961.1169434,300.8164139,-0.014,-1.260000039,-0.490000015,-0.008097271,0.132200331,0.016525041,TRUE
8529,1000_radii_1,-1,R,0,23,170.9327117,0,-469.6707458,961.1854248,300.8082275,-0.014,-1.260000039,-0.490000015,-0.00818853,0.133690287,0.016711286,TRUE
8530,1000_radii_1,-1,R,0,23,170.9494206,0,-469.785553,961.2539063,300.8000488,-0.014,-1.260000039,-0.490000015,-0.008187051,0.133666138,0.016708267,TRUE
8531,1000_radii_1,-1,R,0,23,170.9660111,0,-469.8995667,961.3218384,300.7919121,-0.014,-1.260000039,-0.490000015,-0.008129071,0.132719522,0.01658994,TRUE
8532,1000_radii_1,-1,R,0,23,170.9826708,0,-470.0140686,961.3900757,300.7837486,-0.014,-1.260000039,-0.490000015,-0.008164125,0.133291838,0.01666148,TRUE
8533,1000_radii_1,-1,R,0,23,170.9993365,0,-470.1286316,961.458313,300.7755852,-0.014,-1.260000039,-0.490000015,-0.008166936,0.13333772,0.016667215,TRUE
8534,1000_radii_1,-1,R,0,23,171.0159917,0,-470.243103,961.5264893,300.7674141,-0.014,-1.260000039,-0.490000015,-0.008160428,0.133231467,0.016653933,TRUE
8535,1000_radii_1,-1,R,0,23,171.0327295,0,-470.3581238,961.5949707,300.7592201,-0.014,-1.260000039,-0.490000015,-0.00819918,0.133864155,0.016733019,TRUE
8536,1000_radii_1,-1,R,0,23,171.0494203,0,-470.4728699,961.663269,300.751049,-0.014,-1.260000039,-0.490000015,-0.008179508,0.133542982,0.016692873,TRUE
8537,1000_radii_1,-1,R,0,23,171.0659849,0,-470.5867615,961.7310181,300.7429276,-0.014,-1.260000039,-0.490000015,-0.008117386,0.132528749,0.016566094,TRUE
8538,1000_radii_1,-1,R,0,23,171.0826418,0,-470.7012939,961.7991333,300.7347603,-0.014,-1.260000039,-0.490000015,-0.008162203,0.133260445,0.016657556,TRUE
8539,1000_radii_1,-1,R,0,23,171.0993564,0,-470.8162231,961.8674927,300.7265739,-0.014,-1.260000039,-0.490000015,-0.008190305,0.133719265,0.016714908,TRUE
8540,1000_radii_1,-1,R,0,23,171.1160783,0,-470.9312134,961.9358521,300.7183762,-0.014,-1.260000039,-0.490000015,-0.008193411,0.133769976,0.016721247,TRUE
8541,1000_radii_1,-1,R,0,23,171.132741,0,-471.0458069,962.0039673,300.7102165,-0.014,-1.260000039,-0.490000015,-0.008164421,0.133296668,0.016662084,TRUE
8542,1000_radii_1,-1,R,0,23,171.1493303,0,-471.1599121,962.0717773,300.7020874,-0.014,-1.260000039,-0.490000015,-0.008129515,0.132726766,0.016590846,TRUE
8543,1000_radii_1,-1,R,0,23,171.1659809,0,-471.2744446,962.1397705,300.693924,-0.014,-1.260000039,-0.490000015,-0.008158949,0.133207319,0.016650915,TRUE
8544,1000_radii_1,-1,R,0,23,171.1826708,0,-471.3892517,962.2079468,300.6857491,-0.014,-1.260000039,-0.490000015,-0.008177289,0.133506759,0.016688345,TRUE
8545,1000_radii_1,-1,R,0,23,171.1993386,0,-471.5039368,962.276001,300.6775818,-0.014,-1.260000039,-0.490000015,-0.008168267,0.133359454,0.016669932,TRUE
8546,1000_radii_1,-1,R,0,23,171.2159777,0,-471.6184082,962.3439331,300.669426,-0.014,-1.260000039,-0.490000015,-0.008152884,0.133108311,0.016638539,TRUE
8547,1000_radii_1,-1,R,0,23,171.2326588,0,-471.7331848,962.4119873,300.6612587,-0.014,-1.260000039,-0.490000015,-0.008173739,0.133448803,0.0166811,TRUE
8548,1000_radii_1,-1,R,0,23,171.2494326,0,-471.8486023,962.4804077,300.653038,-0.014,-1.260000039,-0.490000015,-0.008218556,0.134180499,0.016772562,TRUE
8549,1000_radii_1,-1,R,0,23,171.2659896,0,-471.9625549,962.5479736,300.6449242,-0.014,-1.260000039,-0.490000015,-0.008113541,0.132465964,0.016558245,TRUE
8550,1000_radii_1,-1,R,0,23,171.2826692,0,-472.0773621,962.6159668,300.6367493,-0.014,-1.260000039,-0.490000015,-0.008172704,0.133431899,0.016678987,TRUE
8551,1000_radii_1,-1,R,0,23,171.2993265,0,-472.1920166,962.6838989,300.6285896,-0.014,-1.260000039,-0.490000015,-0.008162203,0.133260445,0.016657556,TRUE
8552,1000_radii_1,-1,R,0,23,171.3159898,0,-472.3067322,962.7518311,300.6204262,-0.014,-1.260000039,-0.490000015,-0.008164569,0.133299083,0.016662385,TRUE
8553,1000_radii_1,-1,R,0,23,171.3327219,0,-472.421936,962.8200073,300.6122246,-0.014,-1.260000039,-0.490000015,-0.008198884,0.133859325,0.016732416,TRUE
8554,1000_radii_1,-1,R,0,23,171.3494612,0,-472.5371399,962.8881836,300.6040268,-0.014,-1.260000039,-0.490000015,-0.008198884,0.133859325,0.016732416,TRUE
8555,1000_radii_1,-1,R,0,23,171.3660488,0,-472.6513977,962.9557495,300.5959015,-0.014,-1.260000039,-0.490000015,-0.00813055,0.13274367,0.016592959,TRUE
8556,1000_radii_1,-1,R,0,23,171.3826976,0,-472.7660522,963.0235596,300.587738,-0.014,-1.260000039,-0.490000015,-0.008158653,0.133202489,0.016650311,TRUE
8557,1000_radii_1,-1,R,0,23,171.3992981,0,-472.8803711,963.0911255,300.5796051,-0.014,-1.260000039,-0.490000015,-0.008134248,0.132804041,0.016600505,TRUE
8558,1000_radii_1,-1,R,0,23,171.4159638,0,-472.9951477,963.1589355,300.5714378,-0.014,-1.260000039,-0.490000015,-0.008164865,0.133303913,0.016662989,TRUE
8559,1000_radii_1,-1,R,0,23,171.4326349,0,-473.1099854,963.2268066,300.5632629,-0.014,-1.260000039,-0.490000015,-0.008170042,0.133388432,0.016673554,TRUE
8560,1000_radii_1,-1,R,0,23,171.4493365,0,-473.2250366,963.2947388,300.5550804,-0.014,-1.260000039,-0.490000015,-0.008183797,0.133613012,0.016701626,TRUE
8561,1000_radii_1,-1,R,0,23,171.4659802,0,-473.3396912,963.3624268,300.5469246,-0.014,-1.260000039,-0.490000015,-0.008155547,0.133151778,0.016643972,TRUE
8562,1000_radii_1,-1,R,0,23,171.4826809,0,-473.4547729,963.4303589,300.5387421,-0.014,-1.260000039,-0.490000015,-0.008183649,0.133610597,0.016701325,TRUE
8563,1000_radii_1,-1,R,0,23,171.4993533,0,-473.5696411,963.4981079,300.5305748,-0.014,-1.260000039,-0.490000015,-0.008169302,0.133376358,0.016672045,TRUE
8564,1000_radii_1,-1,R,0,23,171.5159764,0,-473.6842041,963.5656738,300.5224266,-0.014,-1.260000039,-0.490000015,-0.008145341,0.132985154,0.016623144,TRUE
8565,1000_radii_1,-1,R,0,23,171.5327411,0,-473.7997131,963.6337891,300.5142174,-0.014,-1.260000039,-0.490000015,-0.008212935,0.134088735,0.016761092,TRUE
8566,1000_radii_1,-1,R,0,23,171.5493456,0,-473.9141541,963.7012329,300.5060806,-0.014,-1.260000039,-0.490000015,-0.008137354,0.132854753,0.016606844,TRUE
8567,1000_radii_1,-1,R,0,23,171.5659793,0,-474.0288086,963.7687988,300.4979248,-0.014,-1.260000039,-0.490000015,-0.008150961,0.133076918,0.016634615,TRUE
8568,1000_radii_1,-1,R,0,23,171.5827014,0,-474.1440735,963.8366699,300.4897308,-0.014,-1.260000039,-0.490000015,-0.008193559,0.133772391,0.016721549,TRUE
8569,1000_radii_1,-1,R,0,23,171.5993931,0,-474.2591553,963.9044189,300.4815559,-0.014,-1.260000039,-0.490000015,-0.00817936,0.133540567,0.016692571,TRUE
8570,1000_radii_1,-1,R,0,23,171.6160223,0,-474.3738098,963.9719238,300.4734077,-0.014,-1.260000039,-0.490000015,-0.008148299,0.133033451,0.016629181,TRUE
8571,1000_radii_1,-1,R,0,23,171.6327366,0,-474.4890442,964.0397339,300.4652138,-0.014,-1.260000039,-0.490000015,-0.008190009,0.133714435,0.016714304,TRUE
8572,1000_radii_1,-1,R,0,23,171.6492966,0,-474.603241,964.1069336,300.4570999,-0.014,-1.260000039,-0.490000015,-0.008114428,0.132480453,0.016560057,TRUE
8573,1000_radii_1,-1,R,0,23,171.6659795,0,-474.7182922,964.1745605,300.4489288,-0.014,-1.260000039,-0.490000015,-0.008174331,0.133458462,0.016682308,TRUE
8574,1000_radii_1,-1,R,0,23,171.6827074,0,-474.8336487,964.2423706,300.4407272,-0.014,-1.260000039,-0.490000015,-0.008196517,0.133820688,0.016727586,TRUE
8575,1000_radii_1,-1,R,0,23,171.6993182,0,-474.9482117,964.3096924,300.4325981,-0.014,-1.260000039,-0.490000015,-0.00813972,0.13289339,0.016611674,TRUE
8576,1000_radii_1,-1,R,0,23,171.7159912,0,-475.0632019,964.3772583,300.4244194,-0.014,-1.260000039,-0.490000015,-0.00816945,0.133378773,0.016672347,TRUE
8577,1000_radii_1,-1,R,0,23,171.7327067,0,-475.1785278,964.4450073,300.4162292,-0.014,-1.260000039,-0.490000015,-0.008191045,0.133731339,0.016716417,TRUE
8578,1000_radii_1,-1,R,0,23,171.749302,0,-475.2929993,964.512207,300.4080925,-0.014,-1.260000039,-0.490000015,-0.008130994,0.132750915,0.016593864,TRUE
8579,1000_radii_1,-1,R,0,23,171.7659723,0,-475.40802,964.5797119,300.3999329,-0.014,-1.260000039,-0.490000015,-0.008168415,0.133361869,0.016670234,TRUE
8580,1000_radii_1,-1,R,0,23,171.7826727,0,-475.5232544,964.6473389,300.3917503,-0.014,-1.260000039,-0.490000015,-0.008183058,0.133600938,0.016700117,TRUE
8581,1000_radii_1,-1,R,0,23,171.7993631,0,-475.6384277,964.7149048,300.3835678,-0.014,-1.260000039,-0.490000015,-0.008177437,0.133509174,0.016688647,TRUE
8582,1000_radii_1,-1,R,0,23,171.8159576,0,-475.7529602,964.7820435,300.3754387,-0.014,-1.260000039,-0.490000015,-0.008132473,0.132775063,0.016596883,TRUE
8583,1000_radii_1,-1,R,0,23,171.8326604,0,-475.8682556,964.8496094,300.3672562,-0.014,-1.260000039,-0.490000015,-0.008184685,0.133627501,0.016703438,TRUE
8584,1000_radii_1,-1,R,0,23,171.8493409,0,-475.9833679,964.9170532,300.3590813,-0.014,-1.260000039,-0.490000015,-0.008172408,0.133427069,0.016678384,TRUE
8585,1000_radii_1,-1,R,0,23,171.866035,0,-476.0986023,964.9845581,300.3508987,-0.014,-1.260000039,-0.490000015,-0.008180543,0.133559885,0.016694986,TRUE
8586,1000_radii_1,-1,R,0,23,171.8826941,0,-476.213623,965.0518799,300.3427391,-0.014,-1.260000039,-0.490000015,-0.00816309,0.133274934,0.016659367,TRUE
8587,1000_radii_1,-1,R,0,23,171.8993088,0,-476.3283386,965.1190186,300.3345947,-0.014,-1.260000039,-0.490000015,-0.008141495,0.132922368,0.016615296,TRUE
8588,1000_radii_1,-1,R,0,23,171.9159579,0,-476.4432678,965.1862793,300.3264389,-0.014,-1.260000039,-0.490000015,-0.00815673,0.133171096,0.016646387,TRUE
8589,1000_radii_1,-1,R,0,23,171.9326414,0,-476.5585022,965.2536621,300.3182678,-0.014,-1.260000039,-0.490000015,-0.008175958,0.133485025,0.016685628,TRUE
8590,1000_radii_1,-1,R,0,23,171.9493645,0,-476.6739807,965.321167,300.3100777,-0.014,-1.260000039,-0.490000015,-0.008193115,0.133765147,0.016720643,TRUE
8591,1000_radii_1,-1,R,0,23,171.9660299,0,-476.789093,965.3884888,300.3019066,-0.014,-1.260000039,-0.490000015,-0.008167084,0.133340135,0.016667517,TRUE
8592,1000_radii_1,-1,R,0,23,171.9826829,0,-476.9041138,965.4556885,300.2937431,-0.014,-1.260000039,-0.490000015,-0.008160132,0.133226638,0.01665333,TRUE
8593,1000_radii_1,-1,R,0,23,171.9993085,0,-477.0189514,965.5227661,300.2855988,-0.014,-1.260000039,-0.490000015,-0.008146376,0.133002058,0.016625257,TRUE
8594,1000_radii_1,-1,R,0,23,172.0160225,0,-477.1344299,965.59021,300.2774048,-0.014,-1.260000039,-0.490000015,-0.008190157,0.13371685,0.016714606,TRUE
8595,1000_radii_1,-1,R,0,23,172.0326218,0,-477.249115,965.6571655,300.2692719,-0.014,-1.260000039,-0.490000015,-0.0081341,0.132801626,0.016600203,TRUE
8596,1000_radii_1,-1,R,0,23,172.0493273,0,-477.3645325,965.7245483,300.2610855,-0.014,-1.260000039,-0.490000015,-0.008184241,0.133620256,0.016702532,TRUE
8597,1000_radii_1,-1,R,0,23,172.065977,0,-477.4795837,965.791687,300.2529373,-0.014,-1.260000039,-0.490000015,-0.008158357,0.13319766,0.016649707,TRUE
8598,1000_radii_1,-1,R,0,23,172.0826783,0,-477.5950012,965.8590088,300.2447433,-0.014,-1.260000039,-0.490000015,-0.008184833,0.133629916,0.016703739,TRUE
8599,1000_radii_1,-1,R,0,23,172.0993314,0,-477.7101135,965.9261475,300.2365913,-0.014,-1.260000039,-0.490000015,-0.008160723,0.133236297,0.016654537,TRUE
8600,1000_radii_1,-1,R,0,23,172.11602,0,-477.8254395,965.9933472,300.228405,-0.014,-1.260000039,-0.490000015,-0.008176993,0.133501929,0.016687741,TRUE
8601,1000_radii_1,-1,R,0,23,172.1326797,0,-477.9405823,966.0604248,300.2202415,-0.014,-1.260000039,-0.490000015,-0.008162942,0.13327252,0.016659065,TRUE
8602,1000_radii_1,-1,R,0,23,172.1492983,0,-478.055481,966.1273193,300.2120972,-0.014,-1.260000039,-0.490000015,-0.008143714,0.132958591,0.016619824,TRUE
8603,1000_radii_1,-1,R,0,23,172.1659441,0,-478.1705627,966.1943359,300.2039413,-0.014,-1.260000039,-0.490000015,-0.008155842,0.133156607,0.016644576,TRUE
8604,1000_radii_1,-1,R,0,23,172.1826016,0,-478.2857361,966.2613525,300.1957817,-0.014,-1.260000039,-0.490000015,-0.008162055,0.133258031,0.016657254,TRUE
8605,1000_radii_1,-1,R,0,23,172.1993147,0,-478.4013062,966.3286133,300.1875992,-0.014,-1.260000039,-0.490000015,-0.008189566,0.133707191,0.016713399,TRUE
8606,1000_radii_1,-1,R,0,23,172.215965,0,-478.516449,966.3955688,300.1794357,-0.014,-1.260000039,-0.490000015,-0.008158949,0.133207319,0.016650915,TRUE
8607,1000_radii_1,-1,R,0,23,172.2325815,0,-478.6313477,966.4624023,300.1712914,-0.014,-1.260000039,-0.490000015,-0.008142087,0.132932027,0.016616503,TRUE
8608,1000_radii_1,-1,R,0,23,172.249272,0,-478.7467957,966.529541,300.1631126,-0.014,-1.260000039,-0.490000015,-0.008178473,0.133526078,0.01669076,TRUE
8609,1000_radii_1,-1,R,0,23,172.2660268,0,-478.8626709,966.5968628,300.1549072,-0.014,-1.260000039,-0.490000015,-0.008209533,0.134033194,0.016754149,TRUE
8610,1000_radii_1,-1,R,0,23,172.2826768,0,-478.9778442,966.6637573,300.1467438,-0.014,-1.260000039,-0.490000015,-0.008158209,0.133195245,0.016649406,TRUE
8611,1000_radii_1,-1,R,0,23,172.2993096,0,-479.092926,966.7305908,300.1385994,-0.014,-1.260000039,-0.490000015,-0.008150518,0.133069673,0.016633709,TRUE
8612,1000_radii_1,-1,R,0,23,172.3159916,0,-479.2083435,966.7976074,300.1304207,-0.014,-1.260000039,-0.490000015,-0.008173887,0.133451218,0.016681402,TRUE
8613,1000_radii_1,-1,R,0,23,172.3326609,0,-479.3237,966.864563,300.1222496,-0.014,-1.260000039,-0.490000015,-0.008168415,0.133361869,0.016670234,TRUE
8614,1000_radii_1,-1,R,0,23,172.3494455,0,-479.4398193,966.9319458,300.1140251,-0.014,-1.260000039,-0.490000015,-0.008223289,0.134257774,0.016782222,TRUE
8615,1000_radii_1,-1,R,0,23,172.3660059,0,-479.5544128,966.9984131,300.1059151,-0.014,-1.260000039,-0.490000015,-0.008113688,0.132468378,0.016558547,TRUE
8616,1000_radii_1,-1,R,0,23,172.3826831,0,-479.6698608,967.0653687,300.097744,-0.014,-1.260000039,-0.490000015,-0.008173444,0.133443973,0.016680497,TRUE
8617,1000_radii_1,-1,R,0,23,172.3993056,0,-479.7849121,967.1320801,300.0895996,-0.014,-1.260000039,-0.490000015,-0.008144897,0.132977909,0.016622239,TRUE
8618,1000_radii_1,-1,R,0,23,172.4159614,0,-479.900177,967.1988525,300.08144,-0.014,-1.260000039,-0.490000015,-0.008160428,0.133231467,0.016653933,TRUE
8619,1000_radii_1,-1,R,0,23,172.432663,0,-480.0158081,967.2658081,300.0732536,-0.014,-1.260000039,-0.490000015,-0.008184537,0.133625086,0.016703136,TRUE
8620,1000_radii_1,-1,R,0,23,172.4493803,0,-480.1315308,967.3328247,300.0650635,-0.014,-1.260000039,-0.490000015,-0.008191045,0.133731339,0.016716417,TRUE
8621,1000_radii_1,-1,R,0,23,172.465963,0,-480.2463684,967.399292,300.0569344,-0.014,-1.260000039,-0.490000015,-0.008126557,0.132678469,0.016584809,TRUE
8622,1000_radii_1,-1,R,0,23,172.482607,0,-480.3616028,967.4660034,300.0487785,-0.014,-1.260000039,-0.490000015,-0.008154955,0.133142118,0.016642765,TRUE
8623,1000_radii_1,-1,R,0,23,172.4993632,0,-480.4776001,967.5330811,300.0405693,-0.014,-1.260000039,-0.490000015,-0.008208202,0.13401146,0.016751433,TRUE
8624,1000_radii_1,-1,R,0,23,172.5159622,0,-480.5925598,967.5995483,300.0324402,-0.014,-1.260000039,-0.490000015,-0.008133064,0.132784722,0.01659809,TRUE
8625,1000_radii_1,-1,R,0,23,172.53265,0,-480.7081299,967.6663818,300.0242653,-0.014,-1.260000039,-0.490000015,-0.008176402,0.13349227,0.016686534,TRUE
8626,1000_radii_1,-1,R,0,23,172.5494114,0,-480.8242493,967.7335205,300.0160484,-0.014,-1.260000039,-0.490000015,-0.00821545,0.134129787,0.016766223,TRUE
8627,1000_radii_1,-1,R,0,23,172.5660013,0,-480.9391785,967.7999268,300.0079155,-0.014,-1.260000039,-0.490000015,-0.00812981,0.132731596,0.016591449,TRUE
8628,1000_radii_1,-1,R,0,23,172.5826549,0,-481.0545654,967.8665771,299.9997559,-0.014,-1.260000039,-0.490000015,-0.008160723,0.133236297,0.016654537,TRUE
8629,1000_radii_1,-1,R,0,23,172.5993925,0,-481.1705322,967.9335327,299.9915543,-0.014,-1.260000039,-0.490000015,-0.008202286,0.133914867,0.016739358,TRUE
8630,1000_radii_1,-1,R,0,23,172.6159193,0,-481.2850342,967.9996338,299.9834518,-0.014,-1.260000039,-0.490000015,-0.008097862,0.132209991,0.016526249,TRUE
8631,1000_radii_1,-1,R,0,23,172.6326662,0,-481.401062,968.0665894,299.9752502,-0.014,-1.260000039,-0.490000015,-0.008205244,0.133963163,0.016745395,TRUE
8632,1000_radii_1,-1,R,0,23,172.6492936,0,-481.5162964,968.1330566,299.9671021,-0.014,-1.260000039,-0.490000015,-0.00814756,0.133021376,0.016627672,TRUE
8633,1000_radii_1,-1,R,0,23,172.6660082,0,-481.6321411,968.1998291,299.9589157,-0.014,-1.260000039,-0.490000015,-0.008190897,0.133728924,0.016716116,TRUE
8634,1000_radii_1,-1,R,0,23,172.6826087,0,-481.7471924,968.2661743,299.950779,-0.014,-1.260000039,-0.490000015,-0.008133952,0.132799211,0.016599901,TRUE
8635,1000_radii_1,-1,R,0,23,172.699352,0,-481.8632507,968.3330688,299.9425774,-0.014,-1.260000039,-0.490000015,-0.008204357,0.133948674,0.016743584,TRUE
8636,1000_radii_1,-1,R,0,23,172.7159335,0,-481.9781799,968.399292,299.9344482,-0.014,-1.260000039,-0.490000015,-0.008124782,0.132649491,0.016581186,TRUE
8637,1000_radii_1,-1,R,0,23,172.7326028,0,-482.09375,968.4658203,299.9262848,-0.014,-1.260000039,-0.490000015,-0.008168119,0.133357039,0.01666963,TRUE
8638,1000_radii_1,-1,R,0,23,172.7492667,0,-482.2092896,968.5323486,299.9181175,-0.014,-1.260000039,-0.490000015,-0.008165457,0.133313572,0.016664196,TRUE
8639,1000_radii_1,-1,R,0,23,172.7659294,0,-482.3248291,968.5988159,299.9099503,-0.014,-1.260000039,-0.490000015,-0.008164569,0.133299083,0.016662385,TRUE
8640,1000_radii_1,-1,R,0,23,172.7825864,0,-482.4403381,968.6652832,299.901783,-0.014,-1.260000039,-0.490000015,-0.008161611,0.133250786,0.016656348,TRUE
8641,1000_radii_1,-1,R,0,23,172.7993948,0,-482.5568848,968.7322998,299.8935547,-0.014,-1.260000039,-0.490000015,-0.008234974,0.134448546,0.016806068,TRUE
8642,1000_radii_1,-1,R,0,23,172.8159649,0,-482.671814,968.7984009,299.8854332,-0.014,-1.260000039,-0.490000015,-0.008120196,0.132574631,0.016571829,TRUE
8643,1000_radii_1,-1,R,0,23,172.832639,0,-482.7874756,968.8648682,299.8772659,-0.014,-1.260000039,-0.490000015,-0.008170042,0.133388432,0.016673554,TRUE
8644,1000_radii_1,-1,R,0,23,172.849321,0,-482.9031982,968.9313354,299.869091,-0.014,-1.260000039,-0.490000015,-0.008174775,0.133465707,0.016683213,TRUE
8645,1000_radii_1,-1,R,0,23,172.8659312,0,-483.0184326,968.9974976,299.8609467,-0.014,-1.260000039,-0.490000015,-0.008138537,0.132874071,0.016609259,TRUE
8646,1000_radii_1,-1,R,0,23,172.8825761,0,-483.1339111,969.0637817,299.8527946,-0.014,-1.260000039,-0.490000015,-0.008156286,0.133163852,0.016645481,TRUE
8647,1000_radii_1,-1,R,0,23,172.8993206,0,-483.2500916,969.1304932,299.8445892,-0.014,-1.260000039,-0.490000015,-0.008205392,0.133965578,0.016745697,TRUE
8648,1000_radii_1,-1,R,0,23,172.9159482,0,-483.3654785,969.1967163,299.8364372,-0.014,-1.260000039,-0.490000015,-0.008147412,0.133018962,0.01662737,TRUE
8649,1000_radii_1,-1,R,0,23,172.9326797,0,-483.4815979,969.2633057,299.8276634,-0.015,-1.34999997,-0.524999988,-0.008783726,0.133847251,0.016730906,TRUE
8650,1000_radii_1,-1,R,0,23,172.9493195,0,-483.5970459,969.3294678,299.818924,-0.015,-1.34999997,-0.524999988,-0.008732539,0.133067258,0.016633407,TRUE
8651,1000_radii_1,-1,R,0,23,172.9659936,0,-483.7128296,969.395813,299.810173,-0.015,-1.34999997,-0.524999988,-0.008756944,0.133439144,0.016679893,TRUE
8652,1000_radii_1,-1,R,0,23,172.9826418,0,-483.8283997,969.4620361,299.8014297,-0.015,-1.34999997,-0.524999988,-0.008740462,0.133188,0.0166485,TRUE
8653,1000_radii_1,-1,R,0,23,172.9992659,0,-483.9438171,969.5281372,299.7927017,-0.015,-1.34999997,-0.524999988,-0.008727467,0.132989984,0.016623748,TRUE
8654,1000_radii_1,-1,R,0,23,173.0159159,0,-484.0594177,969.5942993,299.7839546,-0.015,-1.34999997,-0.524999988,-0.008741413,0.133202489,0.016650311,TRUE
8655,1000_radii_1,-1,R,0,23,173.0325946,0,-484.1752014,969.6605835,299.7751999,-0.015,-1.34999997,-0.524999988,-0.0087552,0.13341258,0.016676573,TRUE
8656,1000_radii_1,-1,R,0,23,173.0494052,0,-484.2919006,969.727356,299.7663879,-0.015,-1.34999997,-0.524999988,-0.00882382,0.134458205,0.016807276,TRUE
8657,1000_radii_1,-1,R,0,23,173.0660009,0,-484.4071655,969.7932739,299.7576637,-0.015,-1.34999997,-0.524999988,-0.008715107,0.132801626,0.016600203,TRUE
8658,1000_radii_1,-1,R,0,23,173.0826415,0,-484.5227356,969.859375,299.7489281,-0.015,-1.34999997,-0.524999988,-0.0087365,0.133127629,0.016640954,TRUE
8659,1000_radii_1,-1,R,0,23,173.0993344,0,-484.6386719,969.9256592,299.7401657,-0.015,-1.34999997,-0.524999988,-0.008763916,0.133545396,0.016693175,TRUE
8660,1000_radii_1,-1,R,0,23,173.1159165,0,-484.7538452,969.9914551,299.7314529,-0.015,-1.34999997,-0.524999988,-0.008705281,0.132651906,0.016581488,TRUE
8661,1000_radii_1,-1,R,0,23,173.1325601,0,-484.8694763,970.0574951,299.7227211,-0.015,-1.34999997,-0.524999988,-0.008738561,0.133159022,0.016644878,TRUE
8662,1000_radii_1,-1,R,0,23,173.14925,0,-484.9854126,970.1237183,299.7139664,-0.015,-1.34999997,-0.524999988,-0.008761381,0.133506759,0.016688345,TRUE
8663,1000_radii_1,-1,R,0,23,173.1659236,0,-485.1012573,970.1898193,299.7052078,-0.015,-1.34999997,-0.524999988,-0.008753933,0.133393262,0.016674158,TRUE
8664,1000_radii_1,-1,R,0,23,173.182605,0,-485.2171631,970.2559204,299.6964417,-0.015,-1.34999997,-0.524999988,-0.008757102,0.133441558,0.016680195,TRUE
8665,1000_radii_1,-1,R,0,23,173.1992782,0,-485.3329773,970.3219604,299.687706,-0.015,-1.34999997,-0.524999988,-0.008749971,0.133332891,0.016666611,TRUE
8666,1000_radii_1,-1,R,0,23,173.2159026,0,-485.4485779,970.3878784,299.6789665,-0.015,-1.34999997,-0.524999988,-0.008732539,0.133067258,0.016633407,TRUE
8667,1000_radii_1,-1,R,0,23,173.2326329,0,-485.5648804,970.4541626,299.6701813,-0.015,-1.34999997,-0.524999988,-0.008783726,0.133847251,0.016730906,TRUE
8668,1000_radii_1,-1,R,0,23,173.2492596,0,-485.6804504,970.5200195,299.6614532,-0.015,-1.34999997,-0.524999988,-0.008728735,0.133009302,0.016626163,TRUE
8669,1000_radii_1,-1,R,0,23,173.2659265,0,-485.7962952,970.5859985,299.6527061,-0.015,-1.34999997,-0.524999988,-0.008749178,0.133320816,0.016665102,TRUE
8670,1000_radii_1,-1,R,0,23,173.2826285,0,-485.9124146,970.6520996,299.6439362,-0.015,-1.34999997,-0.524999988,-0.008769463,0.133629916,0.016703739,TRUE
8671,1000_radii_1,-1,R,0,23,173.299302,0,-486.0283508,970.7180786,299.6351852,-0.015,-1.34999997,-0.524999988,-0.00875314,0.133381187,0.016672648,TRUE
8672,1000_radii_1,-1,R,0,23,173.3159991,0,-486.1444702,970.7841187,299.6264114,-0.015,-1.34999997,-0.524999988,-0.008766294,0.133581619,0.016697702,TRUE
8673,1000_radii_1,-1,R,0,23,173.3326878,0,-486.2605286,970.8500977,299.6176567,-0.015,-1.34999997,-0.524999988,-0.008761381,0.133506759,0.016688345,TRUE
8674,1000_radii_1,-1,R,0,23,173.3493314,0,-486.3762207,970.9158936,299.6089249,-0.015,-1.34999997,-0.524999988,-0.008733806,0.133086577,0.016635822,TRUE
8675,1000_radii_1,-1,R,0,23,173.3659965,0,-486.4920654,970.9817505,299.6001778,-0.015,-1.34999997,-0.524999988,-0.008744741,0.133253201,0.01665665,TRUE
8676,1000_radii_1,-1,R,0,23,173.3826272,0,-486.6078491,971.0475464,299.5914345,-0.015,-1.34999997,-0.524999988,-0.008738085,0.133151778,0.016643972,TRUE
8677,1000_radii_1,-1,R,0,23,173.3993041,0,-486.723877,971.1134644,299.5826797,-0.015,-1.34999997,-0.524999988,-0.00875631,0.133429484,0.016678686,TRUE
8678,1000_radii_1,-1,L,0,24,173.4159375,0,-486.8395996,971.1791382,299.5739517,-0.015,-1.34999997,-0.524999988,-0.008731588,0.133052769,0.016631596,FALSE
8679,1000_radii_1,-1,L,0,24,173.4325815,0,-486.9554138,971.244873,299.5652084,-0.015,-1.34999997,-0.524999988,-0.00873967,0.133175926,0.016646991,FALSE
8680,1000_radii_1,-1,L,0,24,173.4493166,0,-487.0718689,971.3109131,299.5564232,-0.015,-1.34999997,-0.524999988,-0.008785469,0.133873814,0.016734227,FALSE
8681,1000_radii_1,-1,L,0,24,173.4658957,0,-487.1872253,971.3763428,299.547718,-0.015,-1.34999997,-0.524999988,-0.008703538,0.132625343,0.016578168,FALSE
8682,1000_radii_1,-1,L,0,24,173.483419,0,-487.3091431,971.4454346,299.5385246,-0.015,-1.34999997,-0.524999988,-0.009197818,0.140157224,0.017519653,FALSE
8683,1000_radii_1,-1,L,0,24,173.4993032,0,-487.4197388,971.5081177,299.5301781,-0.015,-1.34999997,-0.524999988,-0.008342376,0.127121926,0.015890241,FALSE
8684,1000_radii_1,-1,L,0,24,173.515878,0,-487.5351257,971.5734863,299.5214806,-0.015,-1.34999997,-0.524999988,-0.008701795,0.13259878,0.016574847,FALSE
8685,1000_radii_1,-1,L,0,24,173.532618,0,-487.6516418,971.6394653,299.5126915,-0.015,-1.34999997,-0.524999988,-0.008788004,0.133912452,0.016739056,FALSE
8686,1000_radii_1,-1,L,0,24,173.5492601,0,-487.7675171,971.7050781,299.5039558,-0.015,-1.34999997,-0.524999988,-0.008737134,0.133137289,0.016642161,FALSE
8687,1000_radii_1,-1,L,0,24,173.5659114,0,-487.8834534,971.7706909,299.4952164,-0.015,-1.34999997,-0.524999988,-0.008742522,0.133219393,0.016652424,FALSE
8688,1000_radii_1,-1,L,0,24,173.5826586,0,-488.000061,971.8366699,299.4864197,-0.015,-1.34999997,-0.524999988,-0.008792125,0.133975238,0.016746905,FALSE
8689,1000_radii_1,-1,L,0,24,173.599209,0,-488.1151733,971.9017334,299.4777412,-0.015,-1.34999997,-0.524999988,-0.008677865,0.132234139,0.016529267,FALSE
8690,1000_radii_1,-1,L,0,24,173.6159287,0,-488.2317505,971.9676514,299.4689522,-0.015,-1.34999997,-0.524999988,-0.008788797,0.133924526,0.016740566,FALSE
8691,1000_radii_1,-1,L,0,24,173.6325307,0,-488.3473816,972.032959,299.4602394,-0.015,-1.34999997,-0.524999988,-0.008715899,0.1328137,0.016601713,FALSE
8692,1000_radii_1,-1,L,0,24,173.6492432,0,-488.4637146,972.0986938,299.4514694,-0.015,-1.34999997,-0.524999988,-0.008768671,0.133617842,0.01670223,FALSE
8693,1000_radii_1,-1,L,0,24,173.6658576,0,-488.5795288,972.1640625,299.4427338,-0.015,-1.34999997,-0.524999988,-0.008727943,0.132997228,0.016624654,FALSE
8694,1000_radii_1,-1,L,0,24,173.6825589,0,-488.6958923,972.2297363,299.4339752,-0.015,-1.34999997,-0.524999988,-0.008768195,0.133610597,0.016701325,FALSE
8695,1000_radii_1,-1,L,0,24,173.6992243,0,-488.8118591,972.295166,299.4252319,-0.015,-1.34999997,-0.524999988,-0.008739353,0.133171096,0.016646387,FALSE
8696,1000_radii_1,-1,L,0,24,173.7158544,0,-488.927887,972.3605957,299.4164848,-0.015,-1.34999997,-0.524999988,-0.008741096,0.13319766,0.016649707,FALSE
8697,1000_radii_1,-1,L,0,24,173.7326143,0,-489.0446777,972.4264526,299.407692,-0.015,-1.34999997,-0.524999988,-0.008799098,0.134081491,0.016760186,FALSE
8698,1000_radii_1,-1,L,0,24,173.7492344,0,-489.1605225,972.4917603,299.3989677,-0.015,-1.34999997,-0.524999988,-0.008725724,0.13296342,0.016620428,FALSE
8699,1000_radii_1,-1,L,0,24,173.7658639,0,-489.2764282,972.5570679,299.3902397,-0.015,-1.34999997,-0.524999988,-0.008730162,0.133031036,0.016628879,FALSE
8700,1000_radii_1,-1,L,0,24,173.7825951,0,-489.3930359,972.6227417,299.3814468,-0.015,-1.34999997,-0.524999988,-0.008783567,0.133844836,0.016730605,FALSE
8701,1000_radii_1,-1,L,0,24,173.7992611,0,-489.5091553,972.6881104,299.3727036,-0.015,-1.34999997,-0.524999988,-0.008745058,0.133258031,0.016657254,FALSE
8702,1000_radii_1,-1,L,0,24,173.8159265,0,-489.6253662,972.75354,299.3639565,-0.015,-1.34999997,-0.524999988,-0.008751872,0.133361869,0.016670234,FALSE
8703,1000_radii_1,-1,L,0,24,173.8325412,0,-489.7412415,972.8187256,299.3552246,-0.015,-1.34999997,-0.524999988,-0.008724298,0.132941687,0.016617711,FALSE
8704,1000_radii_1,-1,L,0,24,173.849181,0,-489.8572693,972.8839722,299.3464928,-0.015,-1.34999997,-0.524999988,-0.008736342,0.133125215,0.016640652,FALSE
8705,1000_radii_1,-1,L,0,24,173.8658515,0,-489.9735107,972.9493408,299.3377457,-0.015,-1.34999997,-0.524999988,-0.008752031,0.133364284,0.016670535,FALSE
8706,1000_radii_1,-1,L,0,24,173.8825414,0,-490.0899048,973.0147705,299.3289795,-0.015,-1.34999997,-0.524999988,-0.00876249,0.133523663,0.016690458,FALSE
8707,1000_radii_1,-1,L,0,24,173.8991569,0,-490.20578,973.079895,299.3202591,-0.015,-1.34999997,-0.524999988,-0.008722713,0.132917538,0.016614692,FALSE
8708,1000_radii_1,-1,L,0,24,173.9158323,0,-490.3220825,973.1452026,299.3115044,-0.015,-1.34999997,-0.524999988,-0.008754883,0.133407751,0.016675969,FALSE
8709,1000_radii_1,-1,L,0,24,173.9325439,0,-490.4386597,973.2106323,299.3027344,-0.015,-1.34999997,-0.524999988,-0.008773266,0.133687872,0.016710984,FALSE
8710,1000_radii_1,-1,L,0,24,173.9492455,0,-490.5549927,973.2759399,299.2939758,-0.015,-1.34999997,-0.524999988,-0.008754883,0.133407751,0.016675969,FALSE
8711,1000_radii_1,-1,L,0,24,173.965923,0,-490.6715393,973.3413086,299.2852058,-0.015,-1.34999997,-0.524999988,-0.008768988,0.133622671,0.016702834,FALSE
8712,1000_radii_1,-1,L,0,24,173.9825329,0,-490.7874451,973.406311,299.2764893,-0.015,-1.34999997,-0.524999988,-0.008720653,0.132886145,0.016610768,FALSE
8713,1000_radii_1,-1,L,0,24,173.9991693,0,-490.9035339,973.4713745,299.2677536,-0.015,-1.34999997,-0.524999988,-0.008734123,0.133091407,0.016636426,FALSE
8714,1000_radii_1,-1,L,0,24,174.0158054,0,-491.0196228,973.536438,299.2590179,-0.015,-1.34999997,-0.524999988,-0.008733489,0.133081747,0.016635218,FALSE
8715,1000_radii_1,-1,L,0,24,174.0325695,0,-491.1366272,973.6019897,299.2502213,-0.015,-1.34999997,-0.524999988,-0.008800207,0.134098394,0.016762299,FALSE
8716,1000_radii_1,-1,L,0,24,174.0492458,0,-491.2528687,973.6671143,299.241478,-0.015,-1.34999997,-0.524999988,-0.008742681,0.133221808,0.016652726,FALSE
8717,1000_radii_1,-1,L,0,24,174.065983,0,-491.369873,973.732605,299.2326736,-0.015,-1.34999997,-0.524999988,-0.008799256,0.134083905,0.016760488,FALSE
8718,1000_radii_1,-1,L,0,24,174.0825434,0,-491.4855042,973.7973022,299.2239799,-0.015,-1.34999997,-0.524999988,-0.008695139,0.132497357,0.01656217,FALSE
8719,1000_radii_1,-1,L,0,24,174.099258,0,-491.6019897,973.8624878,299.2152252,-0.015,-1.34999997,-0.524999988,-0.008759321,0.133475366,0.016684421,FALSE
8720,1000_radii_1,-1,L,0,24,174.1159138,0,-491.7185059,973.9276123,299.206459,-0.015,-1.34999997,-0.524999988,-0.008760113,0.13348744,0.01668593,FALSE
8721,1000_radii_1,-1,L,0,24,174.1325312,0,-491.8345337,973.9924927,299.1977425,-0.015,-1.34999997,-0.524999988,-0.008724456,0.132944102,0.016618013,FALSE
8722,1000_radii_1,-1,L,0,24,174.1491848,0,-491.9508362,974.0574951,299.1889992,-0.015,-1.34999997,-0.524999988,-0.008742522,0.133219393,0.016652424,FALSE
8723,1000_radii_1,-1,L,0,24,174.1658677,0,-492.0673523,974.1225586,299.1802292,-0.015,-1.34999997,-0.524999988,-0.008759162,0.133472951,0.016684119,FALSE
8724,1000_radii_1,-1,L,0,24,174.1825627,0,-492.18396,974.1876831,299.1714706,-0.015,-1.34999997,-0.524999988,-0.008765026,0.1335623,0.016695288,FALSE
8725,1000_radii_1,-1,L,0,24,174.1992598,0,-492.3003845,974.2526855,299.1627197,-0.015,-1.34999997,-0.524999988,-0.008750129,0.133335305,0.016666913,FALSE
8726,1000_radii_1,-1,L,0,24,174.2158368,0,-492.4164124,974.3174438,299.154007,-0.015,-1.34999997,-0.524999988,-0.008718751,0.132857167,0.016607146,FALSE
8727,1000_radii_1,-1,L,0,24,174.2324904,0,-492.5327759,974.3823242,299.145256,-0.015,-1.34999997,-0.524999988,-0.008743315,0.133231467,0.016653933,FALSE
8728,1000_radii_1,-1,L,0,24,174.2491633,0,-492.6492615,974.4472656,299.1365051,-0.015,-1.34999997,-0.524999988,-0.00875314,0.133381187,0.016672648,FALSE
8729,1000_radii_1,-1,L,0,24,174.2658894,0,-492.7661438,974.5123901,299.1277313,-0.015,-1.34999997,-0.524999988,-0.008781349,0.133811029,0.016726379,FALSE
8730,1000_radii_1,-1,L,0,24,174.2826387,0,-492.8831787,974.5776367,299.1189308,-0.015,-1.34999997,-0.524999988,-0.008793076,0.133989727,0.016748716,FALSE
8731,1000_radii_1,-1,L,0,24,174.2991991,0,-492.9989319,974.6420898,299.1102371,-0.015,-1.34999997,-0.524999988,-0.008694188,0.132482867,0.016560358,FALSE
8732,1000_radii_1,-1,L,0,24,174.3159517,0,-493.1160278,974.7072754,299.1014442,-0.015,-1.34999997,-0.524999988,-0.008795136,0.13402112,0.01675264,FALSE
8733,1000_radii_1,-1,L,0,24,174.3325076,0,-493.2317505,974.7716675,299.0927544,-0.015,-1.34999997,-0.524999988,-0.008692128,0.132451475,0.016556434,FALSE
8734,1000_radii_1,-1,L,0,24,174.3491826,0,-493.3483276,974.8365479,299.0839958,-0.015,-1.34999997,-0.524999988,-0.00875425,0.133398091,0.016674761,FALSE
8735,1000_radii_1,-1,L,0,24,174.365832,0,-493.4647217,974.9013062,299.0752487,-0.015,-1.34999997,-0.524999988,-0.008741255,0.133200074,0.016650009,FALSE
8736,1000_radii_1,-1,L,0,24,174.3825569,0,-493.581604,974.9663086,299.0664787,-0.015,-1.34999997,-0.524999988,-0.00877596,0.133728924,0.016716116,FALSE
8737,1000_radii_1,-1,L,0,24,174.3991894,0,-493.697937,975.0310059,299.0577393,-0.015,-1.34999997,-0.524999988,-0.008735233,0.133108311,0.016638539,FALSE
8738,1000_radii_1,-1,L,0,24,174.4158394,0,-493.8143616,975.0957031,299.0490074,-0.015,-1.34999997,-0.524999988,-0.008741255,0.133200074,0.016650009,FALSE
8739,1000_radii_1,-1,L,0,24,174.432519,0,-493.9310303,975.1605225,299.0402412,-0.015,-1.34999997,-0.524999988,-0.008758528,0.133463292,0.016682911,TRUE
8740,1000_radii_1,-1,L,0,24,174.4491711,0,-494.0474854,975.2251587,299.031498,-0.015,-1.34999997,-0.524999988,-0.008741572,0.133204904,0.016650613,TRUE
8741,1000_radii_1,-1,L,0,24,174.4665954,0,-494.169342,975.2927856,299.0223618,-0.015,-1.34999997,-0.524999988,-0.009145046,0.139353083,0.017419135,TRUE
8742,1000_radii_1,-1,L,0,24,174.4825469,0,-494.2809753,975.3547363,299.0139809,-0.015,-1.34999997,-0.524999988,-0.008376923,0.127648361,0.015956045,TRUE
8743,1000_radii_1,-1,L,0,24,174.4992162,0,-494.397583,975.4194336,299.0052299,-0.015,-1.34999997,-0.524999988,-0.008751397,0.133354624,0.016669328,TRUE
8744,1000_radii_1,-1,L,0,24,174.5158816,0,-494.5141296,975.4840698,298.996479,-0.015,-1.34999997,-0.524999988,-0.008745217,0.133260445,0.016657556,TRUE
8745,1000_radii_1,-1,L,0,24,174.5326494,0,-494.6315002,975.5491333,298.9876785,-0.015,-1.34999997,-0.524999988,-0.008806387,0.134192573,0.016774072,TRUE
8746,1000_radii_1,-1,L,0,24,174.5492179,0,-494.7474365,975.6133423,298.978981,-0.015,-1.34999997,-0.524999988,-0.008698625,0.132550483,0.01656881,TRUE
8747,1000_radii_1,-1,L,0,24,174.56594,0,-494.8644714,975.6781616,298.9701958,-0.015,-1.34999997,-0.524999988,-0.008779605,0.133784465,0.016723058,TRUE
8748,1000_radii_1,-1,L,0,24,174.5825644,0,-494.980835,975.7425537,298.9614677,-0.015,-1.34999997,-0.524999988,-0.008727784,0.132994813,0.016624352,TRUE
8749,1000_radii_1,-1,L,0,24,174.5991564,0,-495.0969849,975.8068237,298.9527626,-0.015,-1.34999997,-0.524999988,-0.008711937,0.132753329,0.016594166,TRUE
8750,1000_radii_1,-1,L,0,24,174.6158188,0,-495.213623,975.8713379,298.9440079,-0.015,-1.34999997,-0.524999988,-0.008747118,0.133289424,0.016661178,TRUE
8751,1000_radii_1,-1,L,0,24,174.6325087,0,-495.3304749,975.9359741,298.9352493,-0.015,-1.34999997,-0.524999988,-0.008762332,0.133521248,0.016690156,TRUE
8752,1000_radii_1,-1,L,0,24,174.6491554,0,-495.4470215,976.0004272,298.9265099,-0.015,-1.34999997,-0.524999988,-0.008739511,0.133173511,0.016646689,TRUE
8753,1000_radii_1,-1,L,0,24,174.6658334,0,-495.5638123,976.0649414,298.9177513,-0.015,-1.34999997,-0.524999988,-0.008755834,0.13342224,0.01667778,TRUE
8754,1000_radii_1,-1,L,0,24,174.6825864,0,-495.6811218,976.1297607,298.9089584,-0.015,-1.34999997,-0.524999988,-0.008794343,0.134009045,0.016751131,TRUE
8755,1000_radii_1,-1,L,0,24,174.6992675,0,-495.797821,976.1942139,298.9002151,-0.015,-1.34999997,-0.524999988,-0.008747435,0.133294253,0.016661782,TRUE
8756,1000_radii_1,-1,L,0,24,174.7158444,0,-495.9140625,976.2583618,298.8915024,-0.015,-1.34999997,-0.524999988,-0.00871368,0.132779893,0.016597487,TRUE
8757,1000_radii_1,-1,L,0,24,174.7325766,0,-496.03125,976.3230591,298.8827133,-0.015,-1.34999997,-0.524999988,-0.008784677,0.13386174,0.016732718,TRUE
8758,1000_radii_1,-1,L,0,24,174.7492248,0,-496.1478577,976.3873901,298.8739738,-0.015,-1.34999997,-0.524999988,-0.008740145,0.133183171,0.016647896,TRUE
8759,1000_radii_1,-1,L,0,24,174.7658736,0,-496.2644958,976.4517212,298.8652306,-0.015,-1.34999997,-0.524999988,-0.008740779,0.13319283,0.016649104,TRUE
8760,1000_radii_1,-1,L,0,24,174.7825544,0,-496.3813477,976.5161133,298.856472,-0.015,-1.34999997,-0.524999988,-0.008757261,0.133443973,0.016680497,TRUE
8761,1000_radii_1,-1,L,0,24,174.7992116,0,-496.4980469,976.5804443,298.8477325,-0.015,-1.34999997,-0.524999988,-0.0087449,0.133255616,0.016656952,TRUE
8762,1000_radii_1,-1,L,0,24,174.8158523,0,-496.6146545,976.6446533,298.8389931,-0.015,-1.34999997,-0.524999988,-0.008736817,0.133132459,0.016641557,TRUE
8763,1000_radii_1,-1,L,0,24,174.8325768,0,-496.731842,976.7091675,298.8296356,-0.016000001,-1.440000068,-0.560000027,-0.009365082,0.13378688,0.01672336,TRUE
8764,1000_radii_1,-1,L,0,24,174.8491725,0,-496.8481445,976.7731934,298.8203354,-0.016000001,-1.440000068,-0.560000027,-0.00929341,0.132762989,0.016595374,TRUE
8765,1000_radii_1,-1,L,0,24,174.8658313,0,-496.9649353,976.8374634,298.8110046,-0.016000001,-1.440000068,-0.560000027,-0.009330091,0.133287009,0.016660876,TRUE
8766,1000_radii_1,-1,L,0,24,174.8825115,0,-497.0818481,976.9017944,298.8016663,-0.016000001,-1.440000068,-0.560000027,-0.00934074,0.133439144,0.016679893,TRUE
8767,1000_radii_1,-1,L,0,24,174.8991569,0,-497.1985168,976.9659424,298.792347,-0.016000001,-1.440000068,-0.560000027,-0.009320456,0.133149363,0.01664367,TRUE
8768,1000_radii_1,-1,L,0,24,174.9158221,0,-497.3153687,977.0301514,298.7830086,-0.016000001,-1.440000068,-0.560000027,-0.009333303,0.133332891,0.016666611,TRUE
8769,1000_radii_1,-1,L,0,24,174.9325599,0,-497.4327087,977.0946045,298.7736359,-0.016000001,-1.440000068,-0.560000027,-0.00937252,0.133893133,0.016736642,TRUE
8770,1000_radii_1,-1,L,0,24,174.9491692,0,-497.5491638,977.1585693,298.7643356,-0.016000001,-1.440000068,-0.560000027,-0.009300002,0.132857167,0.016607146,TRUE
8771,1000_radii_1,-1,L,0,24,174.965904,0,-497.6665344,977.2230225,298.7549591,-0.016000001,-1.440000068,-0.560000027,-0.00937252,0.133893133,0.016736642,TRUE
8772,1000_radii_1,-1,L,0,24,174.982512,0,-497.78302,977.2869263,298.7456589,-0.016000001,-1.440000068,-0.560000027,-0.009301185,0.132874071,0.016609259,TRUE
8773,1000_radii_1,-1,L,0,24,174.9992789,0,-497.9004822,977.3513794,298.7362823,-0.016000001,-1.440000068,-0.560000027,-0.009378267,0.133975238,0.016746905,TRUE
8774,1000_radii_1,-1,L,0,24,175.0158634,0,-498.0169678,977.4152222,298.7269897,-0.016000001,-1.440000068,-0.560000027,-0.00929865,0.132837849,0.016604731,TRUE
8775,1000_radii_1,-1,L,0,24,175.0325496,0,-498.1340332,977.4793701,298.7176437,-0.016000001,-1.440000068,-0.560000027,-0.009344628,0.133494685,0.016686836,TRUE
8776,1000_radii_1,-1,L,0,24,175.0491737,0,-498.2506409,977.5432739,298.7083359,-0.016000001,-1.440000068,-0.560000027,-0.00930744,0.13296342,0.016620428,TRUE
8777,1000_radii_1,-1,L,0,24,175.0658333,0,-498.3675537,977.6072998,298.6990013,-0.016000001,-1.440000068,-0.560000027,-0.009329922,0.133284594,0.016660574,TRUE
8778,1000_radii_1,-1,L,0,24,175.0825947,0,-498.485199,977.6716919,298.689621,-0.016000001,-1.440000068,-0.560000027,-0.009387395,0.134105639,0.016763205,TRUE
8779,1000_radii_1,-1,L,0,24,175.0991533,0,-498.6014099,977.7352905,298.6803436,-0.016000001,-1.440000068,-0.560000027,-0.009273125,0.132473208,0.016559151,TRUE
8780,1000_radii_1,-1,L,0,24,175.1158247,0,-498.7184143,977.7993164,298.6710052,-0.016000001,-1.440000068,-0.560000027,-0.009336176,0.133373943,0.016671743,TRUE
8781,1000_radii_1,-1,L,0,24,175.132488,0,-498.8353882,977.8632813,298.6616745,-0.016000001,-1.440000068,-0.560000027,-0.009331274,0.133303913,0.016662989,TRUE
8782,1000_radii_1,-1,L,0,24,175.14916,0,-498.9524231,977.9272461,298.6523399,-0.016000001,-1.440000068,-0.560000027,-0.009336007,0.133371528,0.016671441,TRUE
8783,1000_radii_1,-1,L,0,24,175.1658716,0,-499.0697632,977.991333,298.6429825,-0.016000001,-1.440000068,-0.560000027,-0.009358997,0.133699946,0.016712493,TRUE
8784,1000_radii_1,-1,L,0,24,175.1825401,0,-499.1867676,978.0552368,298.6336517,-0.016000001,-1.440000068,-0.560000027,-0.00933212,0.133315987,0.016664498,TRUE
8785,1000_radii_1,-1,L,0,24,175.1991508,0,-499.3034058,978.1188965,298.6243439,-0.016000001,-1.440000068,-0.560000027,-0.009303383,0.132905464,0.016613183,TRUE
8786,1000_radii_1,-1,L,0,24,175.2158159,0,-499.4204407,978.1828003,298.6150093,-0.016000001,-1.440000068,-0.560000027,-0.009333134,0.133330476,0.016666309,TRUE
8787,1000_radii_1,-1,L,0,24,175.232529,0,-499.5378113,978.2468262,298.6056557,-0.016000001,-1.440000068,-0.560000027,-0.009359504,0.133707191,0.016713399,TRUE
8788,1000_radii_1,-1,L,0,24,175.2491802,0,-499.6547546,978.3106079,298.5963364,-0.016000001,-1.440000068,-0.560000027,-0.009324175,0.133202489,0.016650311,TRUE
8789,1000_radii_1,-1,L,0,24,175.2658622,0,-499.7719421,978.3745117,298.5869904,-0.016000001,-1.440000068,-0.560000027,-0.0093426,0.133465707,0.016683213,TRUE
8790,1000_radii_1,-1,L,0,24,175.2825415,0,-499.8890991,978.4383545,298.5776443,-0.016000001,-1.440000068,-0.560000027,-0.009339219,0.13341741,0.016677176,TRUE
8791,1000_radii_1,-1,L,0,24,175.2991641,0,-500.0058899,978.5019531,298.5683327,-0.016000001,-1.440000068,-0.560000027,-0.009308454,0.132977909,0.016622239,TRUE
8792,1000_radii_1,-1,L,0,24,175.3158071,0,-500.1228333,978.5656128,298.559021,-0.016000001,-1.440000068,-0.560000027,-0.009320456,0.133149363,0.01664367,TRUE
8793,1000_radii_1,-1,L,0,24,175.332471,0,-500.2399292,978.6293335,298.5496864,-0.016000001,-1.440000068,-0.560000027,-0.009332289,0.133318402,0.0166648,TRUE
8794,1000_radii_1,-1,L,0,24,175.3491512,0,-500.3571167,978.6931152,298.5403481,-0.016000001,-1.440000068,-0.560000027,-0.009339895,0.133427069,0.016678384,TRUE
8795,1000_radii_1,-1,L,0,24,175.3658127,0,-500.4742126,978.7568359,298.5310135,-0.016000001,-1.440000068,-0.560000027,-0.009331443,0.133306327,0.016663291,TRUE
8796,1000_radii_1,-1,L,0,24,175.3825092,0,-500.5915527,978.8206177,298.5216675,-0.016000001,-1.440000068,-0.560000027,-0.009349869,0.133569545,0.016696193,TRUE
8797,1000_radii_1,-1,L,0,24,175.3992374,0,-500.7091064,978.8845215,298.5122986,-0.016000001,-1.440000068,-0.560000027,-0.009365758,0.13379654,0.016724567,TRUE
8798,1000_radii_1,-1,L,0,24,175.4158349,0,-500.8257751,978.947937,298.503006,-0.016000001,-1.440000068,-0.560000027,-0.0092951,0.132787137,0.016598392,TRUE
8799,1000_radii_1,-1,L,0,24,175.4325751,0,-500.9434814,979.0118408,298.4936295,-0.016000001,-1.440000068,-0.560000027,-0.009375393,0.133934185,0.016741773,TRUE
8800,1000_radii_1,-1,L,0,24,175.4492107,0,-501.0604553,979.0753174,298.4843063,-0.016000001,-1.440000068,-0.560000027,-0.00931623,0.133088992,0.016636124,TRUE
8801,1000_radii_1,-1,L,0,24,175.4658773,0,-501.1776428,979.138916,298.4749832,-0.016000001,-1.440000068,-0.560000027,-0.009332627,0.133323231,0.016665404,TRUE
8802,1000_radii_1,-1,L,0,24,175.4825771,0,-501.2950745,979.2026367,298.4656296,-0.016000001,-1.440000068,-0.560000027,-0.009352235,0.133603353,0.016700419,TRUE
8803,1000_radii_1,-1,L,0,24,175.499193,0,-501.4119263,979.2659912,298.4563179,-0.016000001,-1.440000068,-0.560000027,-0.009305411,0.132934442,0.016616805,TRUE
8804,1000_radii_1,-1,L,0,24,175.5158478,0,-501.5290527,979.3294678,298.4469948,-0.016000001,-1.440000068,-0.560000027,-0.00932671,0.133238712,0.016654839,TRUE
8805,1000_radii_1,-1,L,0,24,175.5326171,0,-501.6470032,979.3933716,298.4376068,-0.016000001,-1.440000068,-0.560000027,-0.009390776,0.134153936,0.016769242,TRUE
8806,1000_radii_1,-1,L,0,24,175.5491385,0,-501.7632141,979.4562988,298.4283524,-0.016000001,-1.440000068,-0.560000027,-0.009250981,0.132156864,0.016519608,TRUE
8807,1000_radii_1,-1,L,0,24,175.5658003,0,-501.8804626,979.5197754,298.4190216,-0.016000001,-1.440000068,-0.560000027,-0.009331781,0.133311157,0.016663895,TRUE
8808,1000_radii_1,-1,L,0,24,175.5824678,0,-501.9977417,979.583252,298.4096909,-0.016000001,-1.440000068,-0.560000027,-0.009334655,0.133352209,0.016669026,TRUE
8809,1000_radii_1,-1,L,0,24,175.5991308,0,-502.1149902,979.6466675,298.4003639,-0.016000001,-1.440000068,-0.560000027,-0.009330767,0.133296668,0.016662084,TRUE
8810,1000_radii_1,-1,L,0,24,175.6158418,0,-502.2325745,979.7102661,298.3910027,-0.016000001,-1.440000068,-0.560000027,-0.009358151,0.133687872,0.016710984,TRUE
8811,1000_radii_1,-1,L,0,24,175.6324743,0,-502.3496399,979.7735596,298.3816872,-0.016000001,-1.440000068,-0.560000027,-0.009314201,0.133060014,0.016632502,TRUE
8812,1000_radii_1,-1,L,0,24,175.6491231,0,-502.4668274,979.836853,298.372364,-0.016000001,-1.440000068,-0.560000027,-0.009322822,0.133183171,0.016647896,TRUE
8813,1000_radii_1,-1,L,0,24,175.6658334,0,-502.5844421,979.9003906,298.3630066,-0.016000001,-1.440000068,-0.560000027,-0.009358151,0.133687872,0.016710984,TRUE
8814,1000_radii_1,-1,L,0,24,175.6825586,0,-502.702179,979.9639282,298.3536339,-0.016000001,-1.440000068,-0.560000027,-0.009366265,0.133803784,0.016725473,TRUE
8815,1000_radii_1,-1,L,0,24,175.6991926,0,-502.8192749,980.0270996,298.344326,-0.016000001,-1.440000068,-0.560000027,-0.009314709,0.133067258,0.016633407,TRUE
8816,1000_radii_1,-1,L,0,24,175.7158306,0,-502.9364319,980.090271,298.3350067,-0.016000001,-1.440000068,-0.560000027,-0.009317582,0.133108311,0.016638539,TRUE
8817,1000_radii_1,-1,L,0,24,175.7325452,0,-503.0541077,980.1537476,298.3256454,-0.016000001,-1.440000068,-0.560000027,-0.009359673,0.133709605,0.016713701,TRUE
8818,1000_radii_1,-1,L,0,24,175.7491762,0,-503.1712341,980.2168579,298.3163261,-0.016000001,-1.440000068,-0.560000027,-0.009314032,0.133057599,0.0166322,TRUE
8819,1000_radii_1,-1,L,0,24,175.7658449,0,-503.2886047,980.2800903,298.3069954,-0.016000001,-1.440000068,-0.560000027,-0.00933381,0.133340135,0.016667517,TRUE
8820,1000_radii_1,-1,L,0,24,175.7824889,0,-503.4058533,980.3432617,298.2976799,-0.016000001,-1.440000068,-0.560000027,-0.009321132,0.133159022,0.016644878,TRUE
8821,1000_radii_1,-1,L,0,24,175.7991217,0,-503.5230103,980.406311,298.2883606,-0.016000001,-1.440000068,-0.560000027,-0.009314201,0.133060014,0.016632502,TRUE
8822,1000_radii_1,-1,L,0,24,175.8158499,0,-503.6408386,980.4697266,298.2789955,-0.016000001,-1.440000068,-0.560000027,-0.009367618,0.133823103,0.016727888,TRUE
8823,1000_radii_1,-1,L,0,24,175.8324564,0,-503.757843,980.5326538,298.2696915,-0.016000001,-1.440000068,-0.560000027,-0.00930034,0.132861997,0.01660775,TRUE
8824,1000_radii_1,-1,L,0,24,175.8491263,0,-503.8752747,980.5958252,298.2603645,-0.016000001,-1.440000068,-0.560000027,-0.009333641,0.13333772,0.016667215,TRUE
8825,1000_radii_1,-1,L,0,24,175.8658062,0,-503.9927979,980.6589966,298.2510223,-0.016000001,-1.440000068,-0.560000027,-0.009340571,0.133436729,0.016679591,TRUE
8826,1000_radii_1,-1,L,0,24,175.8824768,0,-504.1102905,980.7221069,298.2416878,-0.016000001,-1.440000068,-0.560000027,-0.009335838,0.133369113,0.016671139,TRUE
8827,1000_radii_1,-1,L,0,24,175.8991485,0,-504.2278137,980.7852173,298.2323456,-0.016000001,-1.440000068,-0.560000027,-0.00933736,0.133390847,0.016673856,TRUE
8828,1000_radii_1,-1,L,0,24,175.915855,0,-504.3455505,980.8484497,298.2229919,-0.016000001,-1.440000068,-0.560000027,-0.00935494,0.13364199,0.016705249,TRUE
8829,1000_radii_1,-1,L,0,24,175.9324781,0,-504.462738,980.9113159,298.2136841,-0.016000001,-1.440000068,-0.560000027,-0.009309637,0.132994813,0.016624352,TRUE
8830,1000_radii_1,-1,L,0,24,175.9491471,0,-504.5802307,980.9743652,298.2043495,-0.016000001,-1.440000068,-0.560000027,-0.009332289,0.133318402,0.0166648,TRUE
8831,1000_radii_1,-1,L,0,24,175.9658318,0,-504.697876,981.0374756,298.1950073,-0.016000001,-1.440000068,-0.560000027,-0.009344797,0.1334971,0.016687137,TRUE
8832,1000_radii_1,-1,L,0,24,175.9825395,0,-504.8156738,981.100647,298.1856461,-0.016000001,-1.440000068,-0.560000027,-0.009355954,0.133656479,0.01670706,TRUE
8833,1000_radii_1,-1,L,0,24,175.9991608,0,-504.9328918,981.1634521,298.1763382,-0.016000001,-1.440000068,-0.560000027,-0.009308285,0.132975495,0.016621937,TRUE
8834,1000_radii_1,-1,L,0,24,176.0157994,0,-505.0502319,981.2263184,298.1670227,-0.016000001,-1.440000068,-0.560000027,-0.009318427,0.133120385,0.016640048,TRUE
8835,1000_radii_1,-1,L,0,24,176.0324654,0,-505.1677551,981.2892456,298.157692,-0.016000001,-1.440000068,-0.560000027,-0.009332458,0.133320816,0.016665102,TRUE
8836,1000_radii_1,-1,L,0,24,176.049174,0,-505.2855835,981.3522949,298.1483345,-0.016000001,-1.440000068,-0.560000027,-0.009355447,0.133649234,0.016706154,TRUE
8837,1000_radii_1,-1,L,0,24,176.0658505,0,-505.4032288,981.4152222,298.1389999,-0.016000001,-1.440000068,-0.560000027,-0.009339557,0.13342224,0.01667778,TRUE
8838,1000_radii_1,-1,L,0,24,176.0824664,0,-505.5204468,981.4779053,298.1296883,-0.016000001,-1.440000068,-0.560000027,-0.00930558,0.132936857,0.016617107,TRUE
8839,1000_radii_1,-1,L,0,24,176.0991373,0,-505.6380615,981.5407715,298.1203575,-0.016000001,-1.440000068,-0.560000027,-0.009335669,0.133366698,0.016670837,TRUE
8840,1000_radii_1,-1,L,0,24,176.115771,0,-505.7554321,981.6035156,298.1110382,-0.016000001,-1.440000068,-0.560000027,-0.009314878,0.133069673,0.016633709,TRUE
8841,1000_radii_1,-1,L,0,24,176.1324545,0,-505.8731384,981.6663818,298.101696,-0.016000001,-1.440000068,-0.560000027,-0.009342431,0.133463292,0.016682911,TRUE
8842,1000_radii_1,-1,L,0,24,176.149113,0,-505.9906921,981.729187,298.0923691,-0.016000001,-1.440000068,-0.560000027,-0.009329077,0.13327252,0.016659065,TRUE
8843,1000_radii_1,-1,L,0,24,176.1658251,0,-506.1086426,981.7921753,298.0830116,-0.016000001,-1.440000068,-0.560000027,-0.009359335,0.133704776,0.016713097,TRUE
8844,1000_radii_1,-1,L,0,24,176.1825123,0,-506.2264099,981.8549805,298.0736694,-0.016000001,-1.440000068,-0.560000027,-0.009342938,0.133470536,0.016683817,TRUE
8845,1000_radii_1,-1,L,0,24,176.1991563,0,-506.3439026,981.9176636,298.0643425,-0.016000001,-1.440000068,-0.560000027,-0.009321808,0.133168682,0.016646085,TRUE
8846,1000_radii_1,-1,L,0,24,176.215822,0,-506.4615479,981.9804077,298.0550156,-0.016000001,-1.440000068,-0.560000027,-0.009333134,0.133330476,0.016666309,TRUE
8847,1000_radii_1,-1,L,0,24,176.2325082,0,-506.5793457,982.0432129,298.0456696,-0.016000001,-1.440000068,-0.560000027,-0.009344121,0.13348744,0.01668593,TRUE
8848,1000_radii_1,-1,L,0,24,176.2491667,0,-506.6969604,982.105896,298.0363388,-0.016000001,-1.440000068,-0.560000027,-0.009328739,0.13326769,0.016658461,TRUE
8849,1000_radii_1,-1,L,0,24,176.2658079,0,-506.8144836,982.168457,298.0270195,-0.016000001,-1.440000068,-0.560000027,-0.009319273,0.133132459,0.016641557,TRUE
8850,1000_radii_1,-1,L,0,24,176.2824567,0,-506.9320679,982.2310181,298.0176888,-0.016000001,-1.440000068,-0.560000027,-0.00932333,0.133190415,0.016648802,TRUE
8851,1000_radii_1,-1,L,0,24,176.2991245,0,-507.0497742,982.2936401,298.0083656,-0.016000001,-1.440000068,-0.560000027,-0.009333472,0.133335305,0.016666913,TRUE
8852,1000_radii_1,-1,L,0,24,176.315809,0,-507.1676331,982.3563232,297.9990196,-0.016000001,-1.440000068,-0.560000027,-0.009343445,0.133477781,0.016684723,TRUE
8853,1000_radii_1,-1,L,0,24,176.332449,0,-507.2851868,982.4188232,297.9896965,-0.016000001,-1.440000068,-0.560000027,-0.009319104,0.133130044,0.016641256,TRUE
8854,1000_radii_1,-1,L,0,24,176.3491096,0,-507.4028625,982.4813843,297.9803658,-0.016000001,-1.440000068,-0.560000027,-0.009329584,0.133279764,0.016659971,TRUE
8855,1000_radii_1,-1,L,0,24,176.3657677,0,-507.5205688,982.5438843,297.9710426,-0.016000001,-1.440000068,-0.560000027,-0.009328908,0.133270105,0.016658763,TRUE
8856,1000_radii_1,-1,L,0,24,176.3825089,0,-507.638855,982.6066895,297.9616661,-0.016000001,-1.440000068,-0.560000027,-0.009374548,0.133922111,0.016740264,TRUE
8857,1000_radii_1,-1,L,0,24,176.3990877,0,-507.756012,982.6688843,297.9523849,-0.016000001,-1.440000068,-0.560000027,-0.009284282,0.132632587,0.016579073,TRUE
8858,1000_radii_1,-1,L,0,24,176.4158059,0,-507.874115,982.7315674,297.9430161,-0.016000001,-1.440000068,-0.560000027,-0.009358659,0.133695116,0.01671189,TRUE
8859,1000_radii_1,-1,L,0,24,176.4325235,0,-507.9923096,982.7942505,297.9336586,-0.016000001,-1.440000068,-0.560000027,-0.009364406,0.133777221,0.016722153,TRUE
8860,1000_radii_1,-1,L,0,24,176.4491603,0,-508.1098938,982.8565674,297.9243393,-0.016000001,-1.440000068,-0.560000027,-0.009316399,0.133091407,0.016636426,TRUE
8861,1000_radii_1,-1,L,0,24,176.4658392,0,-508.2277832,982.9190674,297.9150009,-0.016000001,-1.440000068,-0.560000027,-0.00934091,0.133441558,0.016680195,TRUE
8862,1000_radii_1,-1,L,0,24,176.4825062,0,-508.3455811,982.9815063,297.9056702,-0.016000001,-1.440000068,-0.560000027,-0.009332796,0.133325646,0.016665706,TRUE
8863,1000_radii_1,-1,L,0,24,176.4991667,0,-508.4633484,983.0438843,297.8963432,-0.016000001,-1.440000068,-0.560000027,-0.009329584,0.133279764,0.016659971,TRUE
8864,1000_radii_1,-1,L,0,24,176.5158684,0,-508.5814209,983.1063843,297.8869896,-0.016000001,-1.440000068,-0.560000027,-0.009352235,0.133603353,0.016700419,TRUE
8865,1000_radii_1,-1,L,0,24,176.5325018,0,-508.6990051,983.1685791,297.8776741,-0.016000001,-1.440000068,-0.560000027,-0.009311835,0.133026206,0.016628276,TRUE
8866,1000_radii_1,-1,L,0,24,176.5491107,0,-508.8164978,983.2307129,297.8683739,-0.016000001,-1.440000068,-0.560000027,-0.00930389,0.132912709,0.016614089,TRUE
8867,1000_radii_1,-1,L,0,24,176.5657752,0,-508.9343567,983.2930298,297.8590355,-0.016000001,-1.440000068,-0.560000027,-0.009333134,0.133330476,0.016666309,TRUE
8868,1000_radii_1,-1,L,0,24,176.5824681,0,-509.0524292,983.3554688,297.8496895,-0.016000001,-1.440000068,-0.560000027,-0.009348854,0.133555056,0.016694382,TRUE
8869,1000_radii_1,-1,L,0,24,176.5990828,0,-509.1699524,983.4175415,297.8403854,-0.016000001,-1.440000068,-0.560000027,-0.009304228,0.132917538,0.016614692,TRUE
8870,1000_radii_1,-1,L,0,24,176.615808,0,-509.288269,983.4800415,297.8310204,-0.016000001,-1.440000068,-0.560000027,-0.009366434,0.133806199,0.016725775,TRUE
8871,1000_radii_1,-1,L,0,24,176.6324112,0,-509.4057312,983.5420532,297.8217201,-0.016000001,-1.440000068,-0.560000027,-0.009297805,0.132825775,0.016603222,TRUE
8872,1000_radii_1,-1,L,0,24,176.6490763,0,-509.5236511,983.604248,297.8123817,-0.016000001,-1.440000068,-0.560000027,-0.009332627,0.133323231,0.016665404,TRUE
8873,1000_radii_1,-1,L,0,24,176.6657405,0,-509.641571,983.6664429,297.8030586,-0.016000001,-1.440000068,-0.560000027,-0.009331612,0.133308742,0.016663593,TRUE
8874,1000_radii_1,-1,L,0,24,176.6824493,0,-509.7598267,983.7288208,297.7936974,-0.016000001,-1.440000068,-0.560000027,-0.009357644,0.133680627,0.016710078,TRUE
8875,1000_radii_1,-1,L,0,24,176.6990707,0,-509.8774414,983.7908325,297.7843933,-0.016000001,-1.440000068,-0.560000027,-0.009307778,0.13296825,0.016621031,TRUE
8876,1000_radii_1,-1,L,0,24,176.7158275,0,-509.9960022,983.8533325,297.7750092,-0.016000001,-1.440000068,-0.560000027,-0.009381141,0.13401629,0.016752036,TRUE
8877,1000_radii_1,-1,L,0,24,176.7324917,0,-510.1139832,983.9154663,297.7656822,-0.016000001,-1.440000068,-0.560000027,-0.009333641,0.13333772,0.016667215,TRUE
8878,1000_radii_1,-1,L,0,24,176.7491378,0,-510.231842,983.977478,297.7563553,-0.016000001,-1.440000068,-0.560000027,-0.009322484,0.133178341,0.016647293,TRUE
8879,1000_radii_1,-1,L,0,24,176.7657619,0,-510.3495178,984.0394287,297.7470474,-0.016000001,-1.440000068,-0.560000027,-0.009309299,0.132989984,0.016623748,TRUE
8880,1000_radii_1,-1,L,0,24,176.7825284,0,-510.4682312,984.1018677,297.7376556,-0.016000001,-1.440000068,-0.560000027,-0.009389593,0.134137032,0.016767129,TRUE
8881,1000_radii_1,-1,L,0,24,176.7990833,0,-510.5854492,984.1635132,297.7283859,-0.016000001,-1.440000068,-0.560000027,-0.009270082,0.132429741,0.016553718,TRUE
8882,1000_radii_1,-1,L,0,24,176.8157611,0,-510.7035522,984.2255859,297.7190437,-0.016000001,-1.440000068,-0.560000027,-0.009339726,0.133424654,0.016678082,TRUE
8883,1000_radii_1,-1,L,0,24,176.8324495,0,-510.8217468,984.2876587,297.7096977,-0.016000001,-1.440000068,-0.560000027,-0.009345643,0.133509174,0.016688647,TRUE
8884,1000_radii_1,-1,L,0,24,176.8491704,0,-510.940155,984.3498535,297.7003403,-0.016000001,-1.440000068,-0.560000027,-0.009361701,0.133738583,0.016717323,TRUE
8885,1000_radii_1,-1,L,0,24,176.8658479,0,-511.0583191,984.4118652,297.6909981,-0.016000001,-1.440000068,-0.560000027,-0.009341079,0.133443973,0.016680497,TRUE
8886,1000_radii_1,-1,L,0,24,176.8825139,0,-511.1763611,984.4738159,297.6816673,-0.016000001,-1.440000068,-0.560000027,-0.009332796,0.133325646,0.016665706,TRUE
8887,1000_radii_1,-1,L,0,24,176.8991032,0,-511.2939148,984.5354614,297.6723709,-0.016000001,-1.440000068,-0.560000027,-0.009291381,0.132734011,0.016591751,TRUE
8888,1000_radii_1,-1,L,0,24,176.9157843,0,-511.4120789,984.5974121,297.6630325,-0.016000001,-1.440000068,-0.560000027,-0.00934074,0.133439144,0.016679893,TRUE
8889,1000_radii_1,-1,L,0,24,176.9324171,0,-511.5299377,984.6591797,297.6537094,-0.016000001,-1.440000068,-0.560000027,-0.009315047,0.133072088,0.016634011,TRUE
8890,1000_radii_1,-1,L,0,24,176.9491293,0,-511.6483459,984.7211914,297.644352,-0.016000001,-1.440000068,-0.560000027,-0.009357137,0.133673383,0.016709173,TRUE
8891,1000_radii_1,-1,L,0,24,176.9657953,0,-511.766449,984.7830811,297.6350288,-0.016000001,-1.440000068,-0.560000027,-0.009332965,0.133328061,0.016666008,TRUE
8892,1000_radii_1,-1,L,0,24,176.9826307,0,-511.885376,984.8453369,297.6256332,-0.016000001,-1.440000068,-0.560000027,-0.009396354,0.134233625,0.016779203,TRUE
8893,1000_radii_1,-1,L,0,24,176.9990993,0,-512.0025024,984.9066162,297.6163788,-0.016000001,-1.440000068,-0.560000027,-0.009253009,0.132185842,0.01652323,TRUE
8894,1000_radii_1,-1,L,0,24,177.015777,0,-512.1207275,984.9684448,297.6070328,-0.016000001,-1.440000068,-0.560000027,-0.009341248,0.133446388,0.016680799,TRUE
8895,1000_radii_1,-1,L,0,24,177.0324177,0,-512.2387085,985.0301514,297.5977173,-0.016000001,-1.440000068,-0.560000027,-0.009318596,0.1331228,0.01664035,TRUE
8896,1000_radii_1,-1,L,0,24,177.0491495,0,-512.3572998,985.0921631,297.5883484,-0.016000001,-1.440000068,-0.560000027,-0.009368632,0.133837592,0.016729699,TRUE
8897,1000_radii_1,-1,L,0,24,177.0657388,0,-512.4749146,985.1536255,297.5790596,-0.016000001,-1.440000068,-0.560000027,-0.009290705,0.132724351,0.016590544,TRUE
8898,1000_radii_1,-1,L,0,24,177.0824154,0,-512.5932007,985.2153931,297.5697174,-0.016000001,-1.440000068,-0.560000027,-0.009339726,0.133424654,0.016678082,TRUE
8899,1000_radii_1,-1,L,0,24,177.0990754,0,-512.7113647,985.2770996,297.5603905,-0.016000001,-1.440000068,-0.560000027,-0.009329584,0.133279764,0.016659971,TRUE
8900,1000_radii_1,-1,L,0,24,177.1157565,0,-512.8296509,985.3388672,297.5510445,-0.016000001,-1.440000068,-0.560000027,-0.00934074,0.133439144,0.016679893,TRUE
8901,1000_radii_1,-1,L,0,24,177.1324294,0,-512.947937,985.4005737,297.5417061,-0.016000001,-1.440000068,-0.560000027,-0.009337529,0.133393262,0.016674158,TRUE
8902,1000_radii_1,-1,L,0,24,177.1490641,0,-513.065918,985.4620972,297.5323944,-0.016000001,-1.440000068,-0.560000027,-0.009315723,0.133081747,0.016635218,TRUE
8903,1000_radii_1,-1,L,0,24,177.165715,0,-513.184021,985.5236816,297.5230713,-0.016000001,-1.440000068,-0.560000027,-0.009324513,0.133207319,0.016650915,TRUE
8904,1000_radii_1,-1,L,0,24,177.1825521,0,-513.3034668,985.5859375,297.5136452,-0.016000001,-1.440000068,-0.560000027,-0.009426105,0.134658637,0.01683233,TRUE
8905,1000_radii_1,-1,L,0,24,177.1991801,0,-513.4214478,985.6473999,297.5043297,-0.016000001,-1.440000068,-0.560000027,-0.009314032,0.133057599,0.0166322,TRUE
8906,1000_radii_1,-1,L,0,24,177.2157897,0,-513.5393066,985.7087402,297.4950218,-0.016000001,-1.440000068,-0.560000027,-0.009301016,0.132871656,0.016608957,TRUE
8907,1000_radii_1,-1,L,0,24,177.2324671,0,-513.6576538,985.7703247,297.4856911,-0.016000001,-1.440000068,-0.560000027,-0.009339557,0.13342224,0.01667778,TRUE
8908,1000_radii_1,-1,L,0,24,177.2490827,0,-513.7755737,985.831665,297.476387,-0.016000001,-1.440000068,-0.560000027,-0.009304566,0.132922368,0.016615296,TRUE
8909,1000_radii_1,-1,L,0,24,177.2657433,0,-513.8937988,985.8931885,297.4670563,-0.016000001,-1.440000068,-0.560000027,-0.009330091,0.133287009,0.016660876,TRUE
8910,1000_radii_1,-1,L,0,24,177.2825065,0,-514.0128174,985.9550171,297.4576683,-0.016000001,-1.440000068,-0.560000027,-0.009387395,0.134105639,0.016763205,TRUE
8911,1000_radii_1,-1,L,0,24,177.2990904,0,-514.1305542,986.0161743,297.4483833,-0.016000001,-1.440000068,-0.560000027,-0.009286479,0.13266398,0.016582998,TRUE
8912,1000_radii_1,-1,L,0,24,177.315735,0,-514.2487183,986.0775757,297.439064,-0.016000001,-1.440000068,-0.560000027,-0.009320794,0.133154193,0.016644274,TRUE
8913,1000_radii_1,-1,L,0,24,177.3324104,0,-514.3671265,986.1390381,297.4297218,-0.016000001,-1.440000068,-0.560000027,-0.009339388,0.133419825,0.016677478,TRUE
8914,1000_radii_1,-1,L,0,24,177.3490667,0,-514.4853516,986.2003784,297.4204025,-0.016000001,-1.440000068,-0.560000027,-0.00932502,0.133214564,0.01665182,TRUE
8915,1000_radii_1,-1,L,0,24,177.3657152,0,-514.6035767,986.2617188,297.4110718,-0.016000001,-1.440000068,-0.560000027,-0.00932502,0.133214564,0.01665182,TRUE
8916,1000_radii_1,-1,L,0,24,177.3823921,0,-514.7219849,986.3231201,297.4017296,-0.016000001,-1.440000068,-0.560000027,-0.009334486,0.133349794,0.016668724,TRUE
8917,1000_radii_1,-1,L,0,24,177.3990364,0,-514.840271,986.3844604,297.3924103,-0.016000001,-1.440000068,-0.560000027,-0.009325696,0.133224223,0.016653028,TRUE
8918,1000_radii_1,-1,L,0,24,177.4157169,0,-514.9587402,986.4458618,297.3830719,-0.016000001,-1.440000068,-0.560000027,-0.009340571,0.133436729,0.016679591,TRUE
8919,1000_radii_1,-1,L,0,24,177.4325036,0,-515.0779419,986.5076294,297.3736687,-0.016000001,-1.440000068,-0.560000027,-0.009397537,0.134250529,0.016781316,TRUE
8920,1000_radii_1,-1,L,0,24,177.4490938,0,-515.1958618,986.5686646,297.3643799,-0.016000001,-1.440000068,-0.560000027,-0.009293072,0.132758159,0.01659477,TRUE
8921,1000_radii_1,-1,L,0,24,177.4657834,0,-515.3144531,986.6300659,297.3550339,-0.016000001,-1.440000068,-0.560000027,-0.009347502,0.133535737,0.016691967,TRUE
8922,1000_radii_1,-1,L,0,24,177.4824567,0,-515.4329224,986.6913452,297.3456955,-0.016000001,-1.440000068,-0.560000027,-0.009336684,0.133381187,0.016672648,TRUE
8923,1000_radii_1,-1,L,0,24,177.4990668,0,-515.5509644,986.7523804,297.3363953,-0.016000001,-1.440000068,-0.560000027,-0.009301016,0.132871656,0.016608957,TRUE
8924,1000_radii_1,-1,L,0,24,177.5157186,0,-515.6693115,986.8135376,297.3270645,-0.016000001,-1.440000068,-0.560000027,-0.009326034,0.133229053,0.016653632,TRUE
8925,1000_radii_1,-1,L,0,24,177.5324903,0,-515.7885132,986.8751221,297.3176765,-0.016000001,-1.440000068,-0.560000027,-0.009392128,0.134173254,0.016771657,TRUE
8926,1000_radii_1,-1,L,0,24,177.5490525,0,-515.90625,986.9359131,297.3083954,-0.016000001,-1.440000068,-0.560000027,-0.009275153,0.132502186,0.016562773,TRUE
8927,1000_radii_1,-1,L,0,24,177.565713,0,-516.0246582,986.9970703,297.2990685,-0.016000001,-1.440000068,-0.560000027,-0.009329753,0.133282179,0.016660272,TRUE
8928,1000_radii_1,-1,L,0,24,177.5824518,0,-516.1436768,987.0584717,297.2896996,-0.016000001,-1.440000068,-0.560000027,-0.009373703,0.133910037,0.016738755,TRUE
8929,1000_radii_1,-1,L,0,24,177.5990571,0,-516.2617188,987.1193848,297.2803955,-0.016000001,-1.440000068,-0.560000027,-0.009298819,0.132840264,0.016605033,TRUE
8930,1000_radii_1,-1,L,0,24,177.6157684,0,-516.3805542,987.1806641,297.2710381,-0.016000001,-1.440000068,-0.560000027,-0.009357982,0.133685457,0.016710682,TRUE
8931,1000_radii_1,-1,L,0,24,177.6324752,0,-516.4993286,987.2418823,297.2616882,-0.016000001,-1.440000068,-0.560000027,-0.009355785,0.133654064,0.016706758,TRUE
8932,1000_radii_1,-1,L,0,24,177.649057,0,-516.6172485,987.3026733,297.2523994,-0.016000001,-1.440000068,-0.560000027,-0.009285972,0.132656736,0.016582092,TRUE
8933,1000_radii_1,-1,L,0,24,177.6657876,0,-516.7362061,987.3639526,297.2430229,-0.016000001,-1.440000068,-0.560000027,-0.009368294,0.133832762,0.016729095,TRUE
8934,1000_radii_1,-1,L,0,24,177.6824475,0,-516.8547363,987.4249878,297.233696,-0.016000001,-1.440000068,-0.560000027,-0.009330767,0.133296668,0.016662084,TRUE
8935,1000_radii_1,-1,L,0,24,177.6991416,0,-516.9734497,987.486084,297.22435,-0.016000001,-1.440000068,-0.560000027,-0.009348009,0.133542982,0.016692873,TRUE
8936,1000_radii_1,-1,L,0,24,177.7158333,0,-517.0921631,987.5471802,297.2150116,-0.016000001,-1.440000068,-0.560000027,-0.009347502,0.133535737,0.016691967,TRUE
8937,1000_radii_1,-1,L,0,24,177.7323945,0,-517.2098999,987.6077271,297.2057304,-0.016000001,-1.440000068,-0.560000027,-0.009269068,0.132415252,0.016551906,TRUE
8938,1000_radii_1,-1,L,0,24,177.749034,0,-517.3283691,987.6686401,297.1964073,-0.016000001,-1.440000068,-0.560000027,-0.00932316,0.133188,0.0166485,TRUE
8939,1000_radii_1,-1,L,0,24,177.7657051,0,-517.4470215,987.7296143,297.1870766,-0.016000001,-1.440000068,-0.560000027,-0.009335838,0.133369113,0.016671139,TRUE
8940,1000_radii_1,-1,L,0,24,177.7823911,0,-517.5655518,987.7905273,297.1777534,-0.016000001,-1.440000068,-0.560000027,-0.009329415,0.133277349,0.016659669,TRUE
8941,1000_radii_1,-1,L,0,24,177.7990211,0,-517.684082,987.8513794,297.1684227,-0.016000001,-1.440000068,-0.560000027,-0.00932857,0.133265275,0.016658159,TRUE
8942,1000_radii_1,-1,L,0,24,177.8156893,0,-517.8027344,987.9122314,297.1590805,-0.016000001,-1.440000068,-0.560000027,-0.009333472,0.133335305,0.016666913,TRUE
8943,1000_radii_1,-1,L,0,24,177.8324434,0,-517.9219971,987.9733887,297.1497002,-0.016000001,-1.440000068,-0.560000027,-0.009381986,0.134028364,0.016753546,TRUE
8944,1000_radii_1,-1,L,0,24,177.8490503,0,-518.0402222,988.0339966,297.1403999,-0.016000001,-1.440000068,-0.560000027,-0.009299326,0.132847508,0.016605939,TRUE
8945,1000_radii_1,-1,L,0,24,177.8657452,0,-518.1590576,988.0949097,297.1310616,-0.016000001,-1.440000068,-0.560000027,-0.009347333,0.133533322,0.016691665,TRUE
8946,1000_radii_1,-1,L,0,24,177.8824595,0,-518.2780762,988.1558838,297.1216927,-0.016000001,-1.440000068,-0.560000027,-0.009361025,0.133728924,0.016716116,TRUE
8947,1000_radii_1,-1,L,0,24,177.8990887,0,-518.3964844,988.2165527,297.1123848,-0.016000001,-1.440000068,-0.560000027,-0.009313356,0.13304794,0.016630992,TRUE
8948,1000_radii_1,-1,L,0,24,177.9157771,0,-518.5153198,988.2774048,297.103035,-0.016000001,-1.440000068,-0.560000027,-0.009344121,0.13348744,0.01668593,TRUE
8949,1000_radii_1,-1,L,0,24,177.9325252,0,-518.6345825,988.3384399,297.0936546,-0.016000001,-1.440000068,-0.560000027,-0.009380127,0.134001801,0.016750225,TRUE
8950,1000_radii_1,-1,L,0,24,177.9491755,0,-518.7531738,988.3991089,297.0843353,-0.016000001,-1.440000068,-0.560000027,-0.009323499,0.13319283,0.016649104,TRUE
8951,1000_radii_1,-1,L,0,24,177.9657615,0,-518.8713379,988.4595337,297.0750465,-0.016000001,-1.440000068,-0.560000027,-0.009289353,0.132705033,0.016588129,TRUE
8952,1000_radii_1,-1,L,0,24,177.9823859,0,-518.989624,988.5200195,297.0657501,-0.016000001,-1.440000068,-0.560000027,-0.009298143,0.132830604,0.016603826,TRUE
8953,1000_radii_1,-1,L,0,24,177.999054,0,-519.1085205,988.5807495,297.0564041,-0.016000001,-1.440000068,-0.560000027,-0.009344459,0.13349227,0.016686534,TRUE
8954,1000_radii_1,-1,L,0,24,178.0157001,0,-519.2271118,988.6413574,297.0470848,-0.016000001,-1.440000068,-0.560000027,-0.009322484,0.133178341,0.016647293,TRUE
8955,1000_radii_1,-1,L,0,24,178.0324352,0,-519.3463745,988.7022705,297.0377045,-0.016000001,-1.440000068,-0.560000027,-0.009372351,0.133890718,0.01673634,TRUE
8956,1000_radii_1,-1,L,0,24,178.0490858,0,-519.4650269,988.7628174,297.0283813,-0.016000001,-1.440000068,-0.560000027,-0.009322484,0.133178341,0.016647293,TRUE
8957,1000_radii_1,-1,L,0,24,178.0657213,0,-519.5835571,988.8233032,297.0190735,-0.016000001,-1.440000068,-0.560000027,-0.009314878,0.133069673,0.016633709,TRUE
8958,1000_radii_1,-1,L,0,24,178.0823738,0,-519.7021484,988.8837891,297.009758,-0.016000001,-1.440000068,-0.560000027,-0.009318427,0.133120385,0.016640048,TRUE
8959,1000_radii_1,-1,L,0,24,178.0990371,0,-519.8210449,988.944397,297.000412,-0.016000001,-1.440000068,-0.560000027,-0.00934074,0.133439144,0.016679893,TRUE
8960,1000_radii_1,-1,L,0,24,178.1157668,0,-519.9403076,989.005188,296.9904556,-0.017000001,-1.530000083,-0.595000032,-0.009955069,0.133849666,0.016731208,TRUE
8961,1000_radii_1,-1,L,0,24,178.1323298,0,-520.0583496,989.0653076,296.9806061,-0.017000001,-1.530000083,-0.595000032,-0.009854312,0.132494942,0.016561868,TRUE
8962,1000_radii_1,-1,L,0,24,178.1490182,0,-520.1773071,989.1258545,296.9706726,-0.017000001,-1.530000083,-0.595000032,-0.009929925,0.133511589,0.016688949,TRUE
8963,1000_radii_1,-1,L,0,24,178.1657642,0,-520.2966919,989.1865845,296.9607086,-0.017000001,-1.530000083,-0.595000032,-0.00996369,0.133965578,0.016745697,TRUE
8964,1000_radii_1,-1,L,0,24,178.1823423,0,-520.414856,989.2467041,296.9508438,-0.017000001,-1.530000083,-0.595000032,-0.009862574,0.132606024,0.016575753,TRUE
8965,1000_radii_1,-1,L,0,24,178.1990497,0,-520.5339966,989.307312,296.9409065,-0.017000001,-1.530000083,-0.595000032,-0.009941958,0.133673383,0.016709173,TRUE
8966,1000_radii_1,-1,L,0,24,178.2157486,0,-520.6530762,989.3678589,296.9309692,-0.017000001,-1.530000083,-0.595000032,-0.009936031,0.133593693,0.016699212,TRUE
8967,1000_radii_1,-1,L,0,24,178.2323708,0,-520.7715454,989.4280396,296.9210892,-0.017000001,-1.530000083,-0.595000032,-0.00988251,0.132874071,0.016609259,TRUE
8968,1000_radii_1,-1,L,0,24,178.2490254,0,-520.8904419,989.4884033,296.9111671,-0.017000001,-1.530000083,-0.595000032,-0.009917712,0.13334738,0.016668422,TRUE
8969,1000_radii_1,-1,L,0,24,178.2657306,0,-521.0095825,989.5488892,296.9012299,-0.017000001,-1.530000083,-0.595000032,-0.009939624,0.13364199,0.016705249,TRUE
8970,1000_radii_1,-1,L,0,24,178.2824504,0,-521.1287842,989.609375,296.8912811,-0.017000001,-1.530000083,-0.595000032,-0.009942497,0.133680627,0.016710078,TRUE
8971,1000_radii_1,-1,L,0,24,178.2990343,0,-521.2471924,989.6694336,296.8814087,-0.017000001,-1.530000083,-0.595000032,-0.009872631,0.132741255,0.016592657,TRUE
8972,1000_radii_1,-1,L,0,24,178.3157175,0,-521.3662109,989.7297974,296.8714828,-0.017000001,-1.530000083,-0.595000032,-0.009926872,0.133470536,0.016683817,TRUE
8973,1000_radii_1,-1,L,0,24,178.3323735,0,-521.4849854,989.789978,296.8615837,-0.017000001,-1.530000083,-0.595000032,-0.009903882,0.133161437,0.01664518,TRUE
8974,1000_radii_1,-1,L,0,24,178.3490275,0,-521.6038818,989.8502197,296.8516655,-0.017000001,-1.530000083,-0.595000032,-0.009913042,0.133284594,0.016660574,TRUE
8975,1000_radii_1,-1,L,0,24,178.3657122,0,-521.7230225,989.9105225,296.8417397,-0.017000001,-1.530000083,-0.595000032,-0.009929566,0.133506759,0.016688345,TRUE
8976,1000_radii_1,-1,L,0,24,178.3823417,0,-521.8417358,989.9705811,296.8318405,-0.017000001,-1.530000083,-0.595000032,-0.009894543,0.133035865,0.016629483,TRUE
8977,1000_radii_1,-1,L,0,24,178.3990104,0,-521.9607544,990.0307617,296.8219223,-0.017000001,-1.530000083,-0.595000032,-0.00991861,0.133359454,0.016669932,TRUE
8978,1000_radii_1,-1,L,0,24,178.4157531,0,-522.0802612,990.0911865,296.8119698,-0.017000001,-1.530000083,-0.595000032,-0.009960817,0.133926941,0.016740868,TRUE
8979,1000_radii_1,-1,L,0,24,178.4324263,0,-522.1990967,990.1512451,296.8020668,-0.017000001,-1.530000083,-0.595000032,-0.009902625,0.133144533,0.016643067,TRUE
8980,1000_radii_1,-1,L,0,24,178.4491612,0,-522.3187866,990.211731,296.7920914,-0.017000001,-1.530000083,-0.595000032,-0.009971773,0.134074246,0.016759281,TRUE
8981,1000_radii_1,-1,L,0,24,178.4657831,0,-522.4375,990.2716675,296.7821999,-0.017000001,-1.530000083,-0.595000032,-0.009892747,0.133011717,0.016626465,TRUE
8982,1000_radii_1,-1,L,0,24,178.4823474,0,-522.5557861,990.3313599,296.7723351,-0.017000001,-1.530000083,-0.595000032,-0.009856826,0.132528749,0.016566094,TRUE
8983,1000_radii_1,-1,L,0,24,178.4990692,0,-522.6752319,990.3916016,296.762394,-0.017000001,-1.530000083,-0.595000032,-0.009949681,0.133777221,0.016722153,TRUE
8984,1000_radii_1,-1,L,0,24,178.5157847,0,-522.7946167,990.4517822,296.752449,-0.017000001,-1.530000083,-0.595000032,-0.009943754,0.133697531,0.016712191,TRUE
8985,1000_radii_1,-1,L,0,24,178.53242,0,-522.9133301,990.5115967,296.7425537,-0.017000001,-1.530000083,-0.595000032,-0.009887179,0.132936857,0.016617107,TRUE
8986,1000_radii_1,-1,L,0,24,178.5491174,0,-523.0327148,990.5717773,296.7326241,-0.017000001,-1.530000083,-0.595000032,-0.009943575,0.133695116,0.01671189,TRUE
8987,1000_radii_1,-1,L,0,24,178.5657139,0,-523.1513062,990.6315308,296.7227402,-0.017000001,-1.530000083,-0.595000032,-0.009877481,0.132806456,0.016600807,TRUE
8988,1000_radii_1,-1,L,0,24,178.5823274,0,-523.2700806,990.6912842,296.7128563,-0.017000001,-1.530000083,-0.595000032,-0.009888077,0.132948931,0.016618616,TRUE
8989,1000_radii_1,-1,L,0,24,178.5989907,0,-523.3891602,990.7512207,296.7029381,-0.017000001,-1.530000083,-0.595000032,-0.00991394,0.133296668,0.016662084,TRUE
8990,1000_radii_1,-1,L,0,24,178.6156926,0,-523.5084839,990.8112793,296.6930046,-0.017000001,-1.530000083,-0.595000032,-0.009936211,0.133596108,0.016699514,TRUE
8991,1000_radii_1,-1,L,0,24,178.6324519,0,-523.6281738,990.87146,296.683033,-0.017000001,-1.530000083,-0.595000032,-0.009965127,0.133984897,0.016748112,TRUE
8992,1000_radii_1,-1,L,0,24,178.6489966,0,-523.746521,990.9309692,296.6731873,-0.017000001,-1.530000083,-0.595000032,-0.009853593,0.132485282,0.01656066,TRUE
8993,1000_radii_1,-1,L,0,24,178.665796,0,-523.8665771,990.991272,296.6631889,-0.017000001,-1.530000083,-0.595000032,-0.009994582,0.134380931,0.016797616,TRUE
8994,1000_radii_1,-1,L,0,24,178.6824626,0,-523.9855957,991.0510254,296.6532822,-0.017000001,-1.530000083,-0.595000032,-0.009907654,0.133212149,0.016651519,TRUE
8995,1000_radii_1,-1,L,0,24,178.6990393,0,-524.104248,991.1105957,296.6434135,-0.017000001,-1.530000083,-0.595000032,-0.009872991,0.132746085,0.016593261,TRUE
8996,1000_radii_1,-1,L,0,24,178.7157008,0,-524.2233887,991.1703491,296.6334915,-0.017000001,-1.530000083,-0.595000032,-0.009911965,0.133270105,0.016658763,TRUE
8997,1000_radii_1,-1,L,0,24,178.7323393,0,-524.3423462,991.2300415,296.6235962,-0.017000001,-1.530000083,-0.595000032,-0.009899213,0.133098651,0.016637331,TRUE
8998,1000_radii_1,-1,L,0,24,178.749056,0,-524.4619141,991.289978,296.6136513,-0.017000001,-1.530000083,-0.595000032,-0.009946448,0.133733754,0.016716719,TRUE
8999,1000_radii_1,-1,L,0,24,178.7656828,0,-524.5808716,991.3495483,296.603756,-0.017000001,-1.530000083,-0.595000032,-0.009894004,0.133028621,0.016628578,TRUE
9000,1000_radii_1,-1,L,0,24,178.7823449,0,-524.7000732,991.4092407,296.5938377,-0.017000001,-1.530000083,-0.595000032,-0.009914299,0.133301498,0.016662687,TRUE
9001,1000_radii_1,-1,L,0,24,178.7990006,0,-524.8192139,991.4688721,296.5839348,-0.017000001,-1.530000083,-0.595000032,-0.00990963,0.133238712,0.016654839,TRUE
9002,1000_radii_1,-1,L,0,24,178.8156745,0,-524.9384766,991.5285645,296.5740089,-0.017000001,-1.530000083,-0.595000032,-0.009920586,0.133386017,0.016673252,TRUE
9003,1000_radii_1,-1,L,0,24,178.8323459,0,-525.0577393,991.5882568,296.5640945,-0.017000001,-1.530000083,-0.595000032,-0.009920406,0.133383602,0.01667295,TRUE
9004,1000_radii_1,-1,L,0,24,178.8490086,0,-525.1769409,991.6478882,296.554184,-0.017000001,-1.530000083,-0.595000032,-0.009913761,0.133294253,0.016661782,TRUE
9005,1000_radii_1,-1,L,0,24,178.8656924,0,-525.2963257,991.7075806,296.5442505,-0.017000001,-1.530000083,-0.595000032,-0.009926692,0.133468122,0.016683515,TRUE
9006,1000_radii_1,-1,L,0,24,178.8823301,0,-525.4154053,991.7670898,296.5343475,-0.017000001,-1.530000083,-0.595000032,-0.009899572,0.133103481,0.016637935,TRUE
9007,1000_radii_1,-1,L,0,24,178.8991301,0,-525.5356445,991.8271484,296.5243568,-0.017000001,-1.530000083,-0.595000032,-0.00999566,0.13439542,0.016799427,TRUE
9008,1000_radii_1,-1,L,0,24,178.9157559,0,-525.6546631,991.8865356,296.5144615,-0.017000001,-1.530000083,-0.595000032,-0.00989149,0.132994813,0.016624352,TRUE
9009,1000_radii_1,-1,L,0,24,178.9324129,0,-525.7737427,991.9459229,296.50457,-0.017000001,-1.530000083,-0.595000032,-0.009898674,0.133091407,0.016636426,TRUE
9010,1000_radii_1,-1,L,0,24,178.9490852,0,-525.8932495,992.0054932,296.4946404,-0.017000001,-1.530000083,-0.595000032,-0.009929745,0.133509174,0.016688647,TRUE
9011,1000_radii_1,-1,L,0,24,178.9657238,0,-526.0123901,992.0648804,296.4847374,-0.017000001,-1.530000083,-0.595000032,-0.009903344,0.133154193,0.016644274,TRUE
9012,1000_radii_1,-1,L,0,24,178.9823439,0,-526.1314087,992.1241455,296.4748383,-0.017000001,-1.530000083,-0.595000032,-0.009888616,0.132956176,0.016619522,TRUE
9013,1000_radii_1,-1,L,0,24,178.9990069,0,-526.2507324,992.1835938,296.4649239,-0.017000001,-1.530000083,-0.595000032,-0.009915197,0.133313572,0.016664196,TRUE
9014,1000_radii_1,-1,L,0,24,179.015694,0,-526.3702393,992.243103,296.4550018,-0.017000001,-1.530000083,-0.595000032,-0.00992741,0.133477781,0.016684723,TRUE
9015,1000_radii_1,-1,L,0,24,179.0323431,0,-526.489502,992.3024292,296.4450951,-0.017000001,-1.530000083,-0.595000032,-0.009907834,0.133214564,0.01665182,TRUE
9016,1000_radii_1,-1,L,0,24,179.0491145,0,-526.6094971,992.3621216,296.4351273,-0.017000001,-1.530000083,-0.595000032,-0.009965127,0.133984897,0.016748112,TRUE
9017,1000_radii_1,-1,L,0,24,179.0657527,0,-526.7288208,992.4214478,296.4252205,-0.017000001,-1.530000083,-0.595000032,-0.009909809,0.133241127,0.016655141,TRUE
9018,1000_radii_1,-1,L,0,24,179.0823514,0,-526.8477783,992.4805298,296.4153328,-0.017000001,-1.530000083,-0.595000032,-0.009879097,0.132828189,0.016603524,TRUE
9019,1000_radii_1,-1,L,0,24,179.0989936,0,-526.967041,992.5397949,296.4054337,-0.017000001,-1.530000083,-0.595000032,-0.009903523,0.133156607,0.016644576,TRUE
9020,1000_radii_1,-1,L,0,24,179.1156804,0,-527.0866089,992.5991821,296.3955116,-0.017000001,-1.530000083,-0.595000032,-0.00992777,0.133482611,0.016685326,TRUE
9021,1000_radii_1,-1,L,0,24,179.1323322,0,-527.2059326,992.6583862,296.3855972,-0.017000001,-1.530000083,-0.595000032,-0.009908013,0.133216978,0.016652122,TRUE
9022,1000_radii_1,-1,L,0,24,179.1490915,0,-527.3260498,992.7179565,296.3756256,-0.017000001,-1.530000083,-0.595000032,-0.009971413,0.134069416,0.016758677,TRUE
9023,1000_radii_1,-1,L,0,24,179.1657059,0,-527.4451294,992.7769775,296.3657455,-0.017000001,-1.530000083,-0.595000032,-0.009885204,0.132910294,0.016613787,TRUE
9024,1000_radii_1,-1,L,0,24,179.1823233,0,-527.56427,992.8359985,296.3558502,-0.017000001,-1.530000083,-0.595000032,-0.009887718,0.132944102,0.016618013,TRUE
9025,1000_radii_1,-1,L,0,24,179.1990811,0,-527.6843872,992.8955078,296.3458824,-0.017000001,-1.530000083,-0.595000032,-0.009971054,0.134064587,0.016758073,TRUE
9026,1000_radii_1,-1,L,0,24,179.2156807,0,-527.8034058,992.9544678,296.3360062,-0.017000001,-1.530000083,-0.595000032,-0.009876403,0.132791967,0.016598996,TRUE
9027,1000_radii_1,-1,L,0,24,179.232315,0,-527.9226685,993.0134888,296.326107,-0.017000001,-1.530000083,-0.595000032,-0.009897776,0.133079333,0.016634917,TRUE
9028,1000_radii_1,-1,L,0,24,179.2490305,0,-528.0425415,993.0728149,296.3161621,-0.017000001,-1.530000083,-0.595000032,-0.00994591,0.133726509,0.016715814,TRUE
9029,1000_radii_1,-1,L,0,24,179.2656808,0,-528.1619263,993.1318359,296.3062553,-0.017000001,-1.530000083,-0.595000032,-0.009905858,0.133188,0.0166485,TRUE
9030,1000_radii_1,-1,L,0,24,179.2823136,0,-528.281189,993.1907959,296.2963676,-0.017000001,-1.530000083,-0.595000032,-0.009897417,0.133074503,0.016634313,TRUE
9031,1000_radii_1,-1,L,0,24,179.2989908,0,-528.4008179,993.2498779,296.2864342,-0.017000001,-1.530000083,-0.595000032,-0.0099231,0.133419825,0.016677478,TRUE
9032,1000_radii_1,-1,L,0,24,179.3156773,0,-528.5205078,993.309021,296.2765045,-0.017000001,-1.530000083,-0.595000032,-0.009928668,0.133494685,0.016686836,TRUE
9033,1000_radii_1,-1,L,0,24,179.3323237,0,-528.6398926,993.367981,296.2666054,-0.017000001,-1.530000083,-0.595000032,-0.009904421,0.133168682,0.016646085,TRUE
9034,1000_radii_1,-1,L,0,24,179.3490091,0,-528.7595825,993.427063,296.2566795,-0.017000001,-1.530000083,-0.595000032,-0.009925974,0.133458462,0.016682308,TRUE
9035,1000_radii_1,-1,L,0,24,179.365762,0,-528.8797607,993.4863892,296.2467079,-0.017000001,-1.530000083,-0.595000032,-0.009969079,0.134038023,0.016754753,TRUE
9036,1000_radii_1,-1,L,0,24,179.3823725,0,-528.9989624,993.545166,296.236824,-0.017000001,-1.530000083,-0.595000032,-0.009883767,0.132890975,0.016611372,TRUE
9037,1000_radii_1,-1,L,0,24,179.3990222,0,-529.1184692,993.6040649,296.2269211,-0.017000001,-1.530000083,-0.595000032,-0.009906756,0.133200074,0.016650009,TRUE
9038,1000_radii_1,-1,L,0,24,179.4157036,0,-529.2381592,993.6630249,296.2169991,-0.017000001,-1.530000083,-0.595000032,-0.009924716,0.133441558,0.016680195,TRUE
9039,1000_radii_1,-1,L,0,24,179.4323122,0,-529.3573608,993.7217407,296.2071152,-0.017000001,-1.530000083,-0.595000032,-0.00988233,0.132871656,0.016608957,TRUE
9040,1000_radii_1,1000,L,0,25,179.4490066,0,-529.4771729,993.7807007,296.1971817,-0.017000001,-1.530000083,-0.595000032,-0.009930464,0.133518833,0.016689854,FALSE
9041,1000_radii_1,1000,L,0,25,179.4656892,0,-529.5969238,993.8395996,296.1872559,-0.017000001,-1.530000083,-0.595000032,-0.009925794,0.133456047,0.016682006,FALSE
9042,1000_radii_1,1000,L,0,25,179.4823365,0,-529.7164307,993.8983765,296.1773529,-0.017000001,-1.530000083,-0.595000032,-0.009904242,0.133166267,0.016645783,FALSE
9043,1000_radii_1,1000,L,0,25,179.4997517,0,-529.8414917,993.9598389,296.1669846,-0.017000001,-1.530000083,-0.595000032,-0.010364206,0.139350668,0.017418834,FALSE
9044,1000_radii_1,1000,L,0,25,179.5156356,0,-529.9555054,994.0158691,296.1575394,-0.017000001,-1.530000083,-0.595000032,-0.009449844,0.127056725,0.015882091,FALSE
9045,1000_radii_1,1000,L,0,25,179.5322823,0,-530.0750732,994.074585,296.1476288,-0.017000001,-1.530000083,-0.595000032,-0.009906217,0.13319283,0.016649104,FALSE
9046,1000_radii_1,1000,L,0,25,179.5489595,0,-530.1948242,994.1333618,296.1377068,-0.017000001,-1.530000083,-0.595000032,-0.009923998,0.133431899,0.016678987,FALSE
9047,1000_radii_1,1000,L,0,25,179.5657001,0,-530.3150635,994.1923828,296.1277466,-0.017000001,-1.530000083,-0.595000032,-0.009960817,0.133926941,0.016740868,FALSE
9048,1000_radii_1,1000,L,0,25,179.5823483,0,-530.4346313,994.2510376,296.1178322,-0.017000001,-1.530000083,-0.595000032,-0.009906576,0.13319766,0.016649707,FALSE
9049,1000_radii_1,1000,L,0,25,179.5990233,0,-530.5543823,994.3097534,296.1079178,-0.017000001,-1.530000083,-0.595000032,-0.00991861,0.133359454,0.016669932,FALSE
9050,1000_radii_1,1000,L,0,25,179.6156878,0,-530.6741333,994.3684082,296.0980072,-0.017000001,-1.530000083,-0.595000032,-0.009916455,0.133330476,0.016666309,FALSE
9051,1000_radii_1,1000,L,0,25,179.6323677,0,-530.7939453,994.427124,296.0880814,-0.017000001,-1.530000083,-0.595000032,-0.009925076,0.133446388,0.016680799,FALSE
9052,1000_radii_1,1000,L,0,25,179.6489824,0,-530.9133301,994.4855957,296.0781937,-0.017000001,-1.530000083,-0.595000032,-0.009886102,0.132922368,0.016615296,FALSE
9053,1000_radii_1,1000,L,0,25,179.6656828,0,-531.0333252,994.5443115,296.0682526,-0.017000001,-1.530000083,-0.595000032,-0.009937648,0.133615427,0.016701928,FALSE
9054,1000_radii_1,1000,L,0,25,179.6822788,0,-531.1525879,994.6026611,296.0583839,-0.017000001,-1.530000083,-0.595000032,-0.009874068,0.132760574,0.016595072,FALSE
9055,1000_radii_1,1000,L,0,25,179.6989361,0,-531.2723389,994.6611938,296.0484695,-0.017000001,-1.530000083,-0.595000032,-0.009911785,0.13326769,0.016658461,FALSE
9056,1000_radii_1,1000,L,0,25,179.715683,0,-531.3927002,994.7200317,296.0385017,-0.017000001,-1.530000083,-0.595000032,-0.009964229,0.133972823,0.016746603,FALSE
9057,1000_radii_1,1000,L,0,25,179.7323629,0,-531.5125732,994.7786255,296.0285797,-0.017000001,-1.530000083,-0.595000032,-0.009923818,0.133429484,0.016678686,FALSE
9058,1000_radii_1,1000,L,0,25,179.7489558,0,-531.6318359,994.836853,296.0187073,-0.017000001,-1.530000083,-0.595000032,-0.009873889,0.132758159,0.01659477,FALSE
9059,1000_radii_1,1000,L,0,25,179.765633,0,-531.751709,994.8953857,296.0087891,-0.017000001,-1.530000083,-0.595000032,-0.009922561,0.13341258,0.016676573,FALSE
9060,1000_radii_1,1000,L,0,25,179.7822691,0,-531.8713379,994.9537354,295.9988861,-0.017000001,-1.530000083,-0.595000032,-0.009898494,0.133088992,0.016636124,FALSE
9061,1000_radii_1,1000,L,0,25,179.79893,0,-531.9911499,995.012146,295.9889755,-0.017000001,-1.530000083,-0.595000032,-0.009912503,0.133277349,0.016659669,FALSE
9062,1000_radii_1,1000,L,0,25,179.8156096,0,-532.111084,995.0706177,295.9790421,-0.017000001,-1.530000083,-0.595000032,-0.009925076,0.133446388,0.016680799,FALSE
9063,1000_radii_1,1000,L,0,25,179.8322596,0,-532.230835,995.1289673,295.9691391,-0.017000001,-1.530000083,-0.595000032,-0.009906756,0.133200074,0.016650009,FALSE
9064,1000_radii_1,1000,L,0,25,179.848909,0,-532.3505859,995.1873169,295.9592361,-0.017000001,-1.530000083,-0.595000032,-0.009906936,0.133202489,0.016650311,FALSE
9065,1000_radii_1,1000,L,0,25,179.8656867,0,-532.4712524,995.2460938,295.9492493,-0.017000001,-1.530000083,-0.595000032,-0.009982728,0.134221551,0.016777694,FALSE
9066,1000_radii_1,1000,L,0,25,179.882302,0,-532.5907593,995.3042603,295.9393692,-0.017000001,-1.530000083,-0.595000032,-0.009885742,0.132917538,0.016614692,FALSE
9067,1000_radii_1,1000,L,0,25,179.8989529,0,-532.7105713,995.3625488,295.9294586,-0.017000001,-1.530000083,-0.595000032,-0.009907654,0.133212149,0.016651519,FALSE
9068,1000_radii_1,1000,L,0,25,179.9156772,0,-532.8308716,995.4210205,295.9195099,-0.017000001,-1.530000083,-0.595000032,-0.009950579,0.133789295,0.016723662,FALSE
9069,1000_radii_1,1000,L,0,25,179.9322885,0,-532.9503784,995.479126,295.9096298,-0.017000001,-1.530000083,-0.595000032,-0.009883408,0.132886145,0.016610768,FALSE
9070,1000_radii_1,1000,L,0,25,179.949033,0,-533.0708618,995.5376587,295.8996658,-0.017000001,-1.530000083,-0.595000032,-0.009960278,0.133919696,0.016739962,FALSE
9071,1000_radii_1,1000,L,0,25,179.9656242,0,-533.1903076,995.5956421,295.8897858,-0.017000001,-1.530000083,-0.595000032,-0.009873529,0.132753329,0.016594166,FALSE
9072,1000_radii_1,1000,L,0,25,179.9823273,0,-533.3105469,995.6539917,295.8798523,-0.017000001,-1.530000083,-0.595000032,-0.009939444,0.133639575,0.016704947,FALSE
9073,1000_radii_1,1000,L,0,25,179.9989604,0,-533.4302979,995.7120972,295.8699493,-0.017000001,-1.530000083,-0.595000032,-0.009897237,0.133072088,0.016634011,FALSE
9074,1000_radii_1,1000,L,0,25,180.0156635,0,-533.5505371,995.7703857,295.8600159,-0.017000001,-1.530000083,-0.595000032,-0.009937648,0.133615427,0.016701928,FALSE
9075,1000_radii_1,1000,L,0,25,180.0322683,0,-533.6700439,995.8283081,295.8501434,-0.017000001,-1.530000083,-0.595000032,-0.009879277,0.132830604,0.016603826,FALSE
9076,1000_radii_1,1000,L,0,25,180.0489376,0,-533.7900391,995.8864746,295.8402176,-0.017000001,-1.530000083,-0.595000032,-0.009917532,0.133344965,0.016668121,FALSE
9077,1000_radii_1,1000,L,0,25,180.0656987,0,-533.9107056,995.9448853,295.830246,-0.017000001,-1.530000083,-0.595000032,-0.009971413,0.134069416,0.016758677,FALSE
9078,1000_radii_1,1000,L,0,25,180.0822723,0,-534.0300903,996.0026855,295.8203888,-0.017000001,-1.530000083,-0.595000032,-0.009862753,0.132608439,0.016576055,FALSE
9079,1000_radii_1,1000,L,0,25,180.0990078,0,-534.1506348,996.0609741,295.8104324,-0.017000001,-1.530000083,-0.595000032,-0.009958123,0.133890718,0.01673634,FALSE
9080,1000_radii_1,1000,L,0,25,180.1157064,0,-534.270874,996.1191406,295.800499,-0.017000001,-1.530000083,-0.595000032,-0.009934056,0.13356713,0.016695891,FALSE
9081,1000_radii_1,1000,L,0,25,180.1323117,0,-534.3905029,996.1769409,295.7906036,-0.017000001,-1.530000083,-0.595000032,-0.009881791,0.132864412,0.016608051,FALSE
9082,1000_radii_1,1000,L,0,25,180.1489587,0,-534.510437,996.2348633,295.7807007,-0.017000001,-1.530000083,-0.595000032,-0.00990496,0.133175926,0.016646991,FALSE
9083,1000_radii_1,1000,L,0,25,180.1656534,0,-534.6306763,996.2929688,295.7707748,-0.017000001,-1.530000083,-0.595000032,-0.009933697,0.1335623,0.016695288,FALSE
9084,1000_radii_1,1000,L,0,25,180.1823366,0,-534.7508545,996.3510132,295.760849,-0.017000001,-1.530000083,-0.595000032,-0.009925794,0.133456047,0.016682006,FALSE
9085,1000_radii_1,1000,L,0,25,180.1989229,0,-534.8703613,996.4086914,295.7509689,-0.017000001,-1.530000083,-0.595000032,-0.009869399,0.132697788,0.016587224,FALSE
9086,1000_radii_1,1000,L,0,25,180.2155859,0,-534.9904175,996.4666138,295.7410583,-0.017000001,-1.530000083,-0.595000032,-0.009915736,0.133320816,0.016665102,FALSE
9087,1000_radii_1,1000,L,0,25,180.2322432,0,-535.1104126,996.5244751,295.7311478,-0.017000001,-1.530000083,-0.595000032,-0.009909989,0.133243542,0.016655443,FALSE
9088,1000_radii_1,1000,L,0,25,180.2489089,0,-535.2305298,996.5823364,295.7212296,-0.017000001,-1.530000083,-0.595000032,-0.009916455,0.133330476,0.016666309,FALSE
9089,1000_radii_1,1000,L,0,25,180.265657,0,-535.3512573,996.6405029,295.7112732,-0.017000001,-1.530000083,-0.595000032,-0.009964229,0.133972823,0.016746603,FALSE
9090,1000_radii_1,1000,L,0,25,180.2822596,0,-535.4709473,996.6981201,295.7013931,-0.017000001,-1.530000083,-0.595000032,-0.009878379,0.13281853,0.016602316,FALSE
9091,1000_radii_1,1000,L,0,25,180.2989271,0,-535.5911255,996.7559814,295.6914749,-0.017000001,-1.530000083,-0.595000032,-0.00991843,0.133357039,0.01666963,FALSE
9092,1000_radii_1,1000,L,0,25,180.3155681,0,-535.7110596,996.8137207,295.681572,-0.017000001,-1.530000083,-0.595000032,-0.00990047,0.133115555,0.016639444,FALSE
9093,1000_radii_1,1000,L,0,25,180.3322477,0,-535.8312988,996.871582,295.6716537,-0.017000001,-1.530000083,-0.595000032,-0.009925255,0.133448803,0.0166811,FALSE
9094,1000_radii_1,1000,L,0,25,180.3489257,0,-535.9515381,996.9293823,295.6617279,-0.017000001,-1.530000083,-0.595000032,-0.009922561,0.13341258,0.016676573,FALSE
9095,1000_radii_1,1000,L,0,25,180.3656521,0,-536.0721436,996.9873047,295.6517792,-0.017000001,-1.530000083,-0.595000032,-0.009952914,0.133820688,0.016727586,FALSE
9096,1000_radii_1,1000,L,0,25,180.3823411,0,-536.1925049,997.045105,295.6412582,-0.017999999,-1.61999993,-0.629999973,-0.010515368,0.133528493,0.016691062,FALSE
9097,1000_radii_1,1000,L,0,25,180.3989878,0,-536.312561,997.1027222,295.6307755,-0.017999999,-1.61999993,-0.629999973,-0.010485892,0.133154193,0.016644274,FALSE
9098,1000_radii_1,1000,L,0,25,180.4156538,0,-536.4327393,997.1604004,295.6202774,-0.017999999,-1.61999993,-0.629999973,-0.010499204,0.133323231,0.016665404,FALSE
9099,1000_radii_1,1000,L,0,25,180.4323183,0,-536.5529785,997.2180786,295.6091919,-0.018999999,-1.709999945,-0.664999979,-0.011082493,0.133323231,0.016665404,FALSE
9100,1000_radii_1,1000,L,0,25,180.4489236,0,-536.6727905,997.2755127,295.5981522,-0.018999999,-1.709999945,-0.664999979,-0.011041945,0.132835434,0.016604429,FALSE
9101,1000_radii_1,1000,L,0,25,180.4662443,0,-536.7974243,997.3352051,295.5860596,-0.02,-1.79999996,-0.699999984,-0.01209345,0.138210864,0.017276358,TRUE
9102,1000_radii_1,1000,L,0,25,180.4832919,0,-536.9200439,997.3939209,295.5741577,-0.02,-1.79999996,-0.699999984,-0.011896943,0.135965065,0.016995633,TRUE
9103,1000_radii_1,1000,L,0,25,180.499212,0,-537.0353394,997.4490967,295.5624161,-0.021,-1.889999975,-0.73499999,-0.011745664,0.127843963,0.015980495,TRUE
9104,1000_radii_1,1000,L,0,25,180.5159106,0,-537.1553955,997.5065308,295.5496063,-0.022,-1.979999989,-0.769999996,-0.012806097,0.133050355,0.016631294,TRUE
9105,1000_radii_1,1000,L,0,25,180.5325733,0,-537.2763672,997.5643921,295.5361099,-0.023,-2.070000004,-0.805000002,-0.013495352,0.134115298,0.016764412,TRUE
9106,1000_radii_1,1000,L,0,25,180.5493163,0,-537.3971558,997.6221313,295.522644,-0.023,-2.070000004,-0.805000002,-0.013471296,0.133876229,0.016734529,TRUE
9107,1000_radii_1,1000,L,0,25,180.5660614,0,-537.5180664,997.6798706,295.5085754,-0.024,-2.160000019,-0.840000007,-0.014065372,0.133955919,0.01674449,TRUE
9108,1000_radii_1,1000,L,0,25,180.5825351,0,-537.637085,997.7366943,295.4947281,-0.024,-2.160000019,-0.840000007,-0.013847819,0.131883988,0.016485498,TRUE
9109,1000_radii_1,1000,L,0,25,180.5992035,0,-537.756958,997.7938843,295.4807739,-0.024,-2.160000019,-0.840000007,-0.01394696,0.132828189,0.016603524,TRUE
9110,1000_radii_1,1000,L,0,25,180.6158285,0,-537.8775024,997.8513184,295.4667664,-0.024,-2.160000019,-0.840000007,-0.01401897,0.133514003,0.01668925,TRUE
9111,1000_radii_1,1000,L,0,25,180.6324921,0,-537.9976807,997.9085693,295.4527817,-0.024,-2.160000019,-0.840000007,-0.013979162,0.133134874,0.016641859,TRUE
9112,1000_radii_1,1000,L,0,25,180.6491448,0,-538.1177979,997.9656982,295.4388199,-0.024,-2.160000019,-0.840000007,-0.013964963,0.132999643,0.016624955,TRUE
9113,1000_radii_1,1000,L,0,25,180.6658334,0,-538.2384644,998.0231323,295.4247894,-0.024,-2.160000019,-0.840000007,-0.014032663,0.133644405,0.016705551,TRUE
9114,1000_radii_1,1000,L,0,25,180.6825257,0,-538.3585815,998.0802612,295.41082,-0.024,-2.160000019,-0.840000007,-0.01396547,0.133004473,0.016625559,TRUE
9115,1000_radii_1,1000,L,0,25,180.6991748,0,-538.4796143,998.1377563,295.3967514,-0.024,-2.160000019,-0.840000007,-0.014070189,0.134001801,0.016750225,TRUE
9116,1000_radii_1,1000,L,0,25,180.7158988,0,-538.6001587,998.1950073,295.3827438,-0.024,-2.160000019,-0.840000007,-0.014009589,0.133424654,0.016678082,TRUE
9117,1000_radii_1,1000,L,0,25,180.7324471,0,-538.7200928,998.2518921,295.3688049,-0.024,-2.160000019,-0.840000007,-0.013938339,0.132746085,0.016593261,TRUE
9118,1000_radii_1,1000,L,0,25,180.7491291,0,-538.8406982,998.309082,295.3547897,-0.024,-2.160000019,-0.840000007,-0.014013392,0.133460877,0.01668261,TRUE
9119,1000_radii_1,1000,L,0,25,180.7658805,0,-538.9613647,998.366272,295.3407669,-0.024,-2.160000019,-0.840000007,-0.014022774,0.133550226,0.016693778,TRUE
9120,1000_radii_1,1000,L,0,25,180.7824789,0,-539.081665,998.4232178,295.3267899,-0.024,-2.160000019,-0.840000007,-0.01397688,0.13311314,0.016639143,TRUE
9121,1000_radii_1,1000,L,0,25,180.7991675,0,-539.2023926,998.4803467,295.312767,-0.024,-2.160000019,-0.840000007,-0.014025056,0.13357196,0.016696495,TRUE
9122,1000_radii_1,1000,L,0,25,180.8159042,0,-539.3231201,998.5374146,295.2987442,-0.024,-2.160000019,-0.840000007,-0.014020238,0.133526078,0.01669076,TRUE
9123,1000_radii_1,1000,L,0,25,180.8324772,0,-539.4430542,998.5941162,295.2848129,-0.024,-2.160000019,-0.840000007,-0.013930479,0.132671225,0.016583903,TRUE
9124,1000_radii_1,1000,L,0,25,180.8491082,0,-539.5635986,998.651062,295.2708054,-0.024,-2.160000019,-0.840000007,-0.014000714,0.133340135,0.016667517,TRUE
9125,1000_radii_1,1000,L,0,25,180.8658153,0,-539.6845093,998.7081299,295.2567673,-0.024,-2.160000019,-0.840000007,-0.014040016,0.133714435,0.016714304,TRUE
9126,1000_radii_1,1000,L,0,25,180.8824526,0,-539.8046265,998.7648315,295.2428284,-0.024,-2.160000019,-0.840000007,-0.013947721,0.132835434,0.016604429,TRUE
9127,1000_radii_1,1000,L,0,25,180.8991147,0,-539.925354,998.8217773,295.2288055,-0.024,-2.160000019,-0.840000007,-0.014017196,0.1334971,0.016687137,TRUE
9128,1000_radii_1,1000,L,0,25,180.915784,0,-540.0460205,998.8786621,295.214798,-0.024,-2.160000019,-0.840000007,-0.014009082,0.133419825,0.016677478,TRUE
9129,1000_radii_1,1000,L,0,25,180.93246,0,-540.1663208,998.9353027,295.2008286,-0.024,-2.160000019,-0.840000007,-0.013959891,0.132951346,0.016618918,TRUE
9130,1000_radii_1,1000,L,0,25,180.9492341,0,-540.2880859,998.9926147,295.1866989,-0.024,-2.160000019,-0.840000007,-0.01413155,0.134586192,0.016823274,TRUE
9131,1000_radii_1,1000,L,0,25,180.9658174,0,-540.4081421,999.0490723,295.1727753,-0.024,-2.160000019,-0.840000007,-0.01392845,0.132651906,0.016581488,TRUE
9132,1000_radii_1,1000,L,0,25,180.9825492,0,-540.5288696,999.105835,295.1587753,-0.024,-2.160000019,-0.840000007,-0.014006039,0.133390847,0.016673856,TRUE
9133,1000_radii_1,1000,L,0,25,180.9991581,0,-540.6494141,999.1624146,295.1447906,-0.024,-2.160000019,-0.840000007,-0.01398119,0.133154193,0.016644274,TRUE
9134,1000_radii_1,1000,L,0,25,181.0158422,0,-540.7704468,999.2192383,295.1307526,-0.024,-2.160000019,-0.840000007,-0.014041284,0.133726509,0.016715814,TRUE
9135,1000_radii_1,1000,L,0,25,181.0324642,0,-540.8903198,999.2754517,295.1168518,-0.024,-2.160000019,-0.840000007,-0.013900052,0.132381444,0.016547681,TRUE
9136,1000_radii_1,1000,L,0,25,181.0491456,0,-541.0114746,999.3322144,295.1028061,-0.024,-2.160000019,-0.840000007,-0.014046862,0.133779636,0.016722454,TRUE
9137,1000_radii_1,1000,L,0,25,181.0659734,0,-541.1334839,999.3894043,295.0886459,-0.024,-2.160000019,-0.840000007,-0.01415006,0.134762475,0.016845309,TRUE
9138,1000_radii_1,1000,L,0,25,181.082461,0,-541.2529907,999.4453735,295.074791,-0.024,-2.160000019,-0.840000007,-0.013855426,0.131956433,0.016494554,TRUE
9139,1000_radii_1,1000,L,0,25,181.0991807,0,-541.3737793,999.5018921,295.0607986,-0.024,-2.160000019,-0.840000007,-0.014001475,0.13334738,0.016668422,TRUE
9140,1000_radii_1,1000,L,0,25,181.115806,0,-541.4946899,999.5584106,295.0479507,-0.022,-1.979999989,-0.769999996,-0.012847469,0.133480196,0.016685024,TRUE
9141,1000_radii_1,1000,L,0,25,181.1325411,0,-541.6154175,999.6148071,295.0362854,-0.02,-1.79999996,-0.699999984,-0.011660077,0.133258031,0.016657254,TRUE
9142,1000_radii_1,1000,L,0,25,181.1491727,0,-541.7363281,999.6712646,295.0257797,-0.017999999,-1.61999993,-0.629999973,-0.010507762,0.133431899,0.016678987,TRUE
9143,1000_radii_1,1000,L,0,25,181.1658466,0,-541.8574219,999.7277832,295.0164261,-0.016000001,-1.440000068,-0.560000027,-0.009354095,0.133629916,0.016703739,TRUE
9144,1000_radii_1,1000,L,0,25,181.182563,0,-541.9780884,999.7841187,295.0088501,-0.013,-1.170000024,-0.455000009,-0.007574381,0.133175926,0.016646991,TRUE
9145,1000_radii_1,1000,L,0,25,181.1991472,0,-542.0986328,999.840332,295.0018692,-0.012,-1.080000009,-0.420000004,-0.006981974,0.132989984,0.016623748,TRUE
9146,1000_radii_1,1000,L,0,25,181.2158509,0,-542.2199707,999.8969116,294.9960175,-0.01,-0.89999998,-0.349999992,-0.005857085,0.133876229,0.016734529,TRUE
9147,1000_radii_1,1000,L,0,25,181.2324348,0,-542.3399048,999.9528198,294.9902191,-0.01,-0.89999998,-0.349999992,-0.005788307,0.132304169,0.016538021,TRUE
9148,1000_radii_1,1000,L,0,25,181.2491501,0,-542.4611816,1000.009338,294.9843674,-0.01,-0.89999998,-0.349999992,-0.005855078,0.133830347,0.016728793,TRUE
9149,1000_radii_1,1000,L,0,25,181.2659057,0,-542.5829468,1000.06604,294.9790726,-0.009,-0.809999965,-0.314999986,-0.005288301,0.134306071,0.016788259,TRUE
9150,1000_radii_1,1000,L,0,25,181.2824929,0,-542.7029419,1000.121948,294.9738693,-0.009,-0.809999965,-0.314999986,-0.005211568,0.132357296,0.016544662,TRUE
9151,1000_radii_1,1000,L,0,25,181.2991538,0,-542.8240356,1000.178345,294.968605,-0.009,-0.809999965,-0.314999986,-0.005259206,0.13356713,0.016695891,TRUE
9152,1000_radii_1,1000,L,0,25,181.3158259,0,-542.944397,1000.234375,294.9633789,-0.009,-0.809999965,-0.314999986,-0.005228113,0.132777478,0.016597185,TRUE
9153,1000_radii_1,1000,L,0,25,181.3324143,0,-543.0647583,1000.290405,294.9581451,-0.009,-0.809999965,-0.314999986,-0.005228018,0.132775063,0.016596883,TRUE
9154,1000_radii_1,1000,L,0,25,181.3491449,0,-543.1866455,1000.347107,294.9528656,-0.009,-0.809999965,-0.314999986,-0.00529296,0.134424398,0.01680305,TRUE
9155,1000_radii_1,1000,L,0,25,181.3658112,0,-543.3074951,1000.40332,294.9476089,-0.009,-0.809999965,-0.314999986,-0.00524751,0.133270105,0.016658763,TRUE
9156,1000_radii_1,1000,L,0,25,181.3824392,0,-543.4277954,1000.45929,294.9423828,-0.009,-0.809999965,-0.314999986,-0.005224785,0.132692958,0.01658662,TRUE
9157,1000_radii_1,1000,L,0,25,181.3990895,0,-543.548645,1000.515503,294.9371414,-0.009,-0.809999965,-0.314999986,-0.005247795,0.133277349,0.016659669,TRUE
9158,1000_radii_1,1000,L,0,25,181.4157347,0,-543.6696167,1000.571777,294.9318924,-0.009,-0.809999965,-0.314999986,-0.00525331,0.13341741,0.016677176,TRUE
9159,1000_radii_1,1000,L,0,25,181.4324635,0,-543.7910767,1000.628235,294.9266052,-0.009,-0.809999965,-0.314999986,-0.005272707,0.133910037,0.016738755,TRUE
9160,1000_radii_1,1000,L,0,25,181.4491587,0,-543.9116211,1000.684265,294.9213715,-0.009,-0.809999965,-0.314999986,-0.005234579,0.132941687,0.016617711,TRUE
9161,1000_radii_1,1000,L,0,25,181.4658078,0,-544.032959,1000.740662,294.9161148,-0.009,-0.809999965,-0.314999986,-0.005268239,0.13379654,0.016724567,TRUE
9162,1000_radii_1,1000,L,0,25,181.4825068,0,-544.1539307,1000.796875,294.9108582,-0.009,-0.809999965,-0.314999986,-0.00525274,0.133402921,0.016675365,TRUE
9163,1000_radii_1,1000,L,0,25,181.4991559,0,-544.274231,1000.852783,294.9056396,-0.009,-0.809999965,-0.314999986,-0.005223929,0.132671225,0.016583903,TRUE
9164,1000_radii_1,1000,L,0,25,181.5158167,0,-544.3956909,1000.90918,294.9003601,-0.009,-0.809999965,-0.314999986,-0.005273848,0.133939015,0.016742377,TRUE
9165,1000_radii_1,1000,L,0,25,181.5324447,0,-544.5163574,1000.96521,294.8951187,-0.009,-0.809999965,-0.314999986,-0.005238097,0.133031036,0.016628879,TRUE
9166,1000_radii_1,1000,L,0,25,181.54914,0,-544.637085,1001.02124,294.8898849,-0.009,-0.809999965,-0.314999986,-0.005241235,0.133110725,0.016638841,TRUE
9167,1000_radii_1,1000,L,0,25,181.5658356,0,-544.7584229,1001.077576,294.884613,-0.009,-0.809999965,-0.314999986,-0.005268048,0.13379171,0.016723964,TRUE
9168,1000_radii_1,1000,L,0,25,181.5824765,0,-544.8793945,1001.133667,294.879364,-0.009,-0.809999965,-0.314999986,-0.005250173,0.13333772,0.016667215,TRUE
9169,1000_radii_1,1000,L,0,25,181.5990535,0,-544.9997559,1001.189514,294.8741379,-0.009,-0.809999965,-0.314999986,-0.00522469,0.132690544,0.016586318,TRUE
9170,1000_radii_1,1000,L,0,25,181.6157965,0,-545.1206665,1001.245544,294.8688965,-0.009,-0.809999965,-0.314999986,-0.005247795,0.133277349,0.016659669,TRUE
9171,1000_radii_1,1000,L,0,25,181.6324525,0,-545.2421875,1001.30188,294.8636169,-0.009,-0.809999965,-0.314999986,-0.005273088,0.133919696,0.016739962,TRUE
9172,1000_radii_1,1000,L,0,25,181.6491267,0,-545.3631592,1001.35791,294.8583679,-0.009,-0.809999965,-0.314999986,-0.005249222,0.133313572,0.016664196,TRUE
9173,1000_radii_1,1000,L,0,25,181.6658265,0,-545.4839478,1001.413879,294.8531189,-0.009,-0.809999965,-0.314999986,-0.005242851,0.133151778,0.016643972,TRUE
9174,1000_radii_1,1000,L,0,25,181.6824312,0,-545.6049194,1001.46991,294.8478775,-0.009,-0.809999965,-0.314999986,-0.005248271,0.133289424,0.016661178,TRUE
9175,1000_radii_1,1000,L,0,25,181.6990852,0,-545.7252808,1001.525635,294.842659,-0.009,-0.809999965,-0.314999986,-0.005223454,0.132659151,0.016582394,TRUE
9176,1000_radii_1,1000,L,0,25,181.7157808,0,-545.8466797,1001.581848,294.8373871,-0.009,-0.809999965,-0.314999986,-0.005266907,0.133762732,0.016720341,TRUE
9177,1000_radii_1,1000,L,0,25,181.7324006,0,-545.9675293,1001.637756,294.8321457,-0.009,-0.809999965,-0.314999986,-0.005242661,0.133146948,0.016643369,TRUE
9178,1000_radii_1,1000,L,0,25,181.7490518,0,-546.0886841,1001.693787,294.826889,-0.009,-0.809999965,-0.314999986,-0.005255687,0.133477781,0.016684723,TRUE
9179,1000_radii_1,1000,L,0,25,181.7658044,0,-546.2103271,1001.750061,294.8216171,-0.009,-0.809999965,-0.314999986,-0.005276796,0.134013875,0.016751734,TRUE
9180,1000_radii_1,1000,L,0,25,181.7823757,0,-546.3303833,1001.805603,294.8164063,-0.009,-0.809999965,-0.314999986,-0.005208716,0.132284851,0.016535606,TRUE
9181,1000_radii_1,1000,L,0,25,181.7990737,0,-546.4518433,1001.861755,294.8111343,-0.009,-0.809999965,-0.314999986,-0.005268143,0.133794125,0.016724266,TRUE
9182,1000_radii_1,1000,L,0,25,181.8157385,0,-546.5723877,1001.91748,294.8059082,-0.009,-0.809999965,-0.314999986,-0.005228779,0.132794382,0.016599298,TRUE
9183,1000_radii_1,1000,L,0,25,181.8324437,0,-546.6940308,1001.973694,294.800621,-0.009,-0.809999965,-0.314999986,-0.005276701,0.13401146,0.016751433,TRUE
9184,1000_radii_1,1000,L,0,25,181.849187,0,-546.8155518,1002.029846,294.7953491,-0.009,-0.809999965,-0.314999986,-0.005272232,0.133897963,0.016737245,TRUE
9185,1000_radii_1,1000,L,0,25,181.8657794,0,-546.9362183,1002.085571,294.790123,-0.009,-0.809999965,-0.314999986,-0.005234389,0.132936857,0.016617107,TRUE
9186,1000_radii_1,1000,L,0,25,181.882417,0,-547.0565796,1002.141174,294.7849045,-0.009,-0.809999965,-0.314999986,-0.005220031,0.132572216,0.016571527,TRUE
9187,1000_radii_1,1000,L,0,25,181.8990404,0,-547.1776123,1002.197083,294.7796478,-0.009,-0.809999965,-0.314999986,-0.005250173,0.13333772,0.016667215,TRUE
9188,1000_radii_1,1000,L,0,25,181.9157022,0,-547.2988892,1002.253052,294.7743988,-0.009,-0.809999965,-0.314999986,-0.005258635,0.133552641,0.01669408,TRUE
9189,1000_radii_1,1000,L,0,25,181.9323652,0,-547.4199219,1002.308899,294.7691498,-0.009,-0.809999965,-0.314999986,-0.005248176,0.133287009,0.016660876,TRUE
9190,1000_radii_1,1000,L,0,25,181.9493681,0,-547.5427856,1002.365601,294.7638168,-0.009,-0.809999965,-0.314999986,-0.005328047,0.135315473,0.016914434,TRUE
9191,1000_radii_1,1000,L,0,25,181.965735,0,-547.6622314,1002.420715,294.7586365,-0.009,-0.809999965,-0.314999986,-0.005180666,0.131572473,0.016446559,TRUE
9192,1000_radii_1,1000,L,0,25,181.9824007,0,-547.7833252,1002.476563,294.7533875,-0.009,-0.809999965,-0.314999986,-0.005249982,0.133332891,0.016666611,TRUE
9193,1000_radii_1,1000,L,0,25,181.9990806,0,-547.9041748,1002.532288,294.7481461,-0.009,-0.809999965,-0.314999986,-0.005239713,0.133072088,0.016634011,TRUE
9194,1000_radii_1,1000,L,0,25,182.0157312,0,-548.0253296,1002.588135,294.742897,-0.009,-0.809999965,-0.314999986,-0.005251694,0.133376358,0.016672045,TRUE
9195,1000_radii_1,1000,L,0,25,182.0324192,0,-548.1467896,1002.644104,294.7376328,-0.009,-0.809999965,-0.314999986,-0.005264625,0.133704776,0.016713097,TRUE
9196,1000_radii_1,1000,L,0,25,182.049059,0,-548.2677612,1002.699829,294.7323914,-0.009,-0.809999965,-0.314999986,-0.005244372,0.133190415,0.016648802,TRUE
9197,1000_radii_1,1000,L,0,25,182.065884,0,-548.3893433,1002.755859,294.7271194,-0.009,-0.809999965,-0.314999986,-0.005270901,0.133864155,0.016733019,TRUE
9198,1000_radii_1,1000,L,0,25,182.0824839,0,-548.5105591,1002.811707,294.7218628,-0.009,-0.809999965,-0.314999986,-0.005254546,0.133448803,0.0166811,TRUE
9199,1000_radii_1,1000,L,0,25,182.099063,0,-548.6305542,1002.866943,294.7166595,-0.009,-0.809999965,-0.314999986,-0.005201489,0.132101323,0.016512665,TRUE
9200,1000_radii_1,1000,L,0,25,182.1158105,0,-548.7525635,1002.923096,294.7113647,-0.009,-0.809999965,-0.314999986,-0.005289062,0.134325389,0.016790674,TRUE
9201,1000_radii_1,1000,L,0,25,182.1323464,0,-548.8729248,1002.978516,294.7061539,-0.009,-0.809999965,-0.314999986,-0.005217083,0.132497357,0.01656217,TRUE
9202,1000_radii_1,1000,L,0,25,182.1490879,0,-548.9946289,1003.034546,294.700882,-0.009,-0.809999965,-0.314999986,-0.005276131,0.133996971,0.016749621,TRUE
9203,1000_radii_1,1000,L,0,25,182.1657938,0,-549.1156006,1003.090149,294.6956406,-0.009,-0.809999965,-0.314999986,-0.005241805,0.133125215,0.016640652,TRUE
9204,1000_radii_1,1000,L,0,25,182.1824299,0,-549.2367554,1003.145874,294.6903839,-0.009,-0.809999965,-0.314999986,-0.005249887,0.133330476,0.016666309,TRUE
9205,1000_radii_1,1000,L,0,25,182.1991031,0,-549.3582153,1003.201721,294.6851273,-0.009,-0.809999965,-0.314999986,-0.005262914,0.133661309,0.016707664,TRUE
9206,1000_radii_1,1000,L,0,25,182.2157924,0,-549.4795532,1003.257507,294.6798706,-0.009,-0.809999965,-0.314999986,-0.005257304,0.133518833,0.016689854,TRUE
9207,1000_radii_1,1000,L,0,25,182.2323871,0,-549.5999756,1003.312805,294.6746521,-0.009,-0.809999965,-0.314999986,-0.005217083,0.132497357,0.01656217,TRUE
9208,1000_radii_1,1000,L,0,25,182.249071,0,-549.7214966,1003.368652,294.6693878,-0.009,-0.809999965,-0.314999986,-0.005265386,0.133724094,0.016715512,TRUE
9209,1000_radii_1,1000,L,0,25,182.2657318,0,-549.8425903,1003.424255,294.6641388,-0.009,-0.809999965,-0.314999986,-0.005245704,0.133224223,0.016653028,TRUE
9210,1000_radii_1,1000,L,0,25,182.2823921,0,-549.9633789,1003.479736,294.658905,-0.009,-0.809999965,-0.314999986,-0.005233343,0.132910294,0.016613787,TRUE
9211,1000_radii_1,1000,L,0,25,182.2991194,0,-550.085144,1003.535645,294.6536331,-0.009,-0.809999965,-0.314999986,-0.005276321,0.134001801,0.016750225,TRUE
9212,1000_radii_1,1000,L,0,25,182.3158002,0,-550.206604,1003.59137,294.6483688,-0.009,-0.809999965,-0.314999986,-0.005261583,0.133627501,0.016703438,TRUE
9213,1000_radii_1,1000,L,0,25,182.3324131,0,-550.3270264,1003.646606,294.6431503,-0.009,-0.809999965,-0.314999986,-0.005216323,0.132478038,0.016559755,TRUE
9214,1000_radii_1,1000,L,0,25,182.3490806,0,-550.4484863,1003.702332,294.6378784,-0.009,-0.809999965,-0.314999986,-0.005262058,0.133639575,0.016704947,TRUE
9215,1000_radii_1,1000,L,0,25,182.3657243,0,-550.5697021,1003.757935,294.632637,-0.009,-0.809999965,-0.314999986,-0.005250743,0.133352209,0.016669026,TRUE
9216,1000_radii_1,1000,L,0,25,182.3823954,0,-550.690918,1003.813538,294.627388,-0.009,-0.809999965,-0.314999986,-0.005251218,0.133364284,0.016670535,TRUE
9217,1000_radii_1,1000,L,0,25,182.3990288,0,-550.8116455,1003.868896,294.6221619,-0.009,-0.809999965,-0.314999986,-0.005229349,0.132808871,0.016601109,TRUE
9218,1000_radii_1,1000,L,0,25,182.4157368,0,-550.9334106,1003.924683,294.6168747,-0.009,-0.809999965,-0.314999986,-0.005273183,0.133922111,0.016740264,TRUE
9219,1000_radii_1,1000,L,0,25,182.4324079,0,-551.0540771,1003.97998,294.6116562,-0.009,-0.809999965,-0.314999986,-0.005225926,0.132721936,0.016590242,TRUE
9220,1000_radii_1,1000,L,0,25,182.4491482,0,-551.1760254,1004.035828,294.6063766,-0.009,-0.809999965,-0.314999986,-0.005282691,0.134163595,0.016770449,TRUE
9221,1000_radii_1,1000,L,0,25,182.465758,0,-551.2969971,1004.091248,294.6011429,-0.009,-0.809999965,-0.314999986,-0.005238953,0.133052769,0.016631596,TRUE
9222,1000_radii_1,1000,L,0,25,182.4823558,0,-551.4178467,1004.146606,294.5959015,-0.009,-0.809999965,-0.314999986,-0.005234769,0.132946516,0.016618315,TRUE
9223,1000_radii_1,1000,L,0,25,182.4991335,0,-551.539917,1004.202454,294.5906219,-0.009,-0.809999965,-0.314999986,-0.005284878,0.134219136,0.016777392,TRUE
9224,1000_radii_1,1000,L,0,25,182.5158505,0,-551.6609497,1004.257874,294.5853729,-0.009,-0.809999965,-0.314999986,-0.00524152,0.13311797,0.016639746,TRUE
9225,1000_radii_1,1000,L,0,25,182.532397,0,-551.7819214,1004.313232,294.5801392,-0.009,-0.809999965,-0.314999986,-0.005238953,0.133052769,0.016631596,TRUE
9226,1000_radii_1,1000,L,0,25,182.549076,0,-551.9032593,1004.368713,294.5748825,-0.009,-0.809999965,-0.314999986,-0.005253881,0.133431899,0.016678987,TRUE
9227,1000_radii_1,1000,L,0,25,182.5658027,0,-552.0246582,1004.424194,294.5696259,-0.009,-0.809999965,-0.314999986,-0.005255117,0.133463292,0.016682911,TRUE
9228,1000_radii_1,1000,L,0,25,182.5823966,0,-552.1456299,1004.479492,294.5643921,-0.009,-0.809999965,-0.314999986,-0.005238287,0.133035865,0.016629483,TRUE
9229,1000_radii_1,1000,L,0,25,182.5991075,0,-552.2672729,1004.535095,294.5591202,-0.009,-0.809999965,-0.314999986,-0.005267288,0.133772391,0.016721549,TRUE
9230,1000_radii_1,1000,L,0,25,182.6157627,0,-552.3880005,1004.590271,294.5539017,-0.009,-0.809999965,-0.314999986,-0.005225165,0.132702618,0.016587827,TRUE
9231,1000_radii_1,1000,L,0,25,182.6323662,0,-552.5090942,1004.645569,294.5486603,-0.009,-0.809999965,-0.314999986,-0.005240854,0.133101066,0.016637633,TRUE
9232,1000_radii_1,1000,L,0,25,182.6490551,0,-552.6307373,1004.701111,294.5433884,-0.009,-0.809999965,-0.314999986,-0.005264435,0.133699946,0.016712493,TRUE
9233,1000_radii_1,1000,L,0,25,182.6657175,0,-552.7520752,1004.756531,294.5381393,-0.009,-0.809999965,-0.314999986,-0.005251314,0.133366698,0.016670837,TRUE
9234,1000_radii_1,1000,L,0,25,182.6824463,0,-552.8737793,1004.812134,294.5322876,-0.01,-0.89999998,-0.349999992,-0.005854444,0.133815858,0.016726982,TRUE
9235,1000_radii_1,1000,L,0,25,182.6990625,0,-552.994751,1004.86731,294.5264664,-0.01,-0.89999998,-0.349999992,-0.00581641,0.132946516,0.016618315,TRUE
9236,1000_radii_1,1000,L,0,25,182.715766,0,-553.1160889,1004.922668,294.5206375,-0.01,-0.89999998,-0.349999992,-0.00583437,0.133357039,0.01666963,TRUE
9237,1000_radii_1,1000,L,0,25,182.7324202,0,-553.2374878,1004.978027,294.5147934,-0.01,-0.89999998,-0.349999992,-0.005837751,0.133434314,0.016679289,TRUE
9238,1000_radii_1,1000,L,0,25,182.7490747,0,-553.3587036,1005.033325,294.5089722,-0.01,-0.89999998,-0.349999992,-0.005828877,0.133231467,0.016653933,TRUE
9239,1000_radii_1,1000,L,0,25,182.7657489,0,-553.4797363,1005.088501,294.5031509,-0.01,-0.89999998,-0.349999992,-0.005820742,0.133045525,0.016630691,TRUE
9240,1000_radii_1,1000,L,0,25,182.7823675,0,-553.6008911,1005.143738,294.4973145,-0.01,-0.89999998,-0.349999992,-0.005825179,0.133146948,0.016643369,TRUE
9241,1000_radii_1,1000,L,0,25,182.799,0,-553.7221069,1005.198975,294.4914932,-0.01,-0.89999998,-0.349999992,-0.005828243,0.133216978,0.016652122,TRUE
9242,1000_radii_1,1000,L,0,25,182.8157514,0,-553.8441162,1005.254578,294.4856186,-0.01,-0.89999998,-0.349999992,-0.005866065,0.134081491,0.016760186,TRUE
9243,1000_radii_1,1000,L,0,25,182.8324274,0,-553.965271,1005.309753,294.479805,-0.01,-0.89999998,-0.349999992,-0.005825073,0.133144533,0.016643067,TRUE
9244,1000_radii_1,1000,L,0,25,182.8490973,0,-554.086853,1005.365112,294.4739609,-0.01,-0.89999998,-0.349999992,-0.005845463,0.133610597,0.016701325,TRUE
9245,1000_radii_1,1000,L,0,25,182.8657129,0,-554.2078247,1005.420166,294.4681396,-0.01,-0.89999998,-0.349999992,-0.005815565,0.132927198,0.0166159,TRUE
9246,1000_radii_1,1000,L,0,25,182.8824686,0,-554.3292236,1005.475403,294.4623108,-0.01,-0.89999998,-0.349999992,-0.005835849,0.133390847,0.016673856,TRUE
9247,1000_radii_1,1000,L,0,25,182.8990422,0,-554.4505005,1005.530579,294.4564743,-0.01,-0.89999998,-0.349999992,-0.005829194,0.133238712,0.016654839,TRUE
9248,1000_radii_1,1000,L,0,25,182.9157955,0,-554.5719604,1005.585815,294.4506378,-0.01,-0.89999998,-0.349999992,-0.005836483,0.133405336,0.016675667,TRUE
9249,1000_radii_1,1000,L,0,25,182.93237,0,-554.6928711,1005.640808,294.4448318,-0.01,-0.89999998,-0.349999992,-0.005811128,0.132825775,0.016603222,TRUE
9250,1000_radii_1,1000,L,0,25,182.9491375,0,-554.8151245,1005.69635,294.4389572,-0.01,-0.89999998,-0.349999992,-0.0058742,0.134267433,0.016783429,TRUE
9251,1000_radii_1,1000,L,0,25,182.9657008,0,-554.9359131,1005.751282,294.4331512,-0.01,-0.89999998,-0.349999992,-0.005805845,0.132705033,0.016588129,TRUE
9252,1000_radii_1,1000,L,0,25,182.9823379,0,-555.0571289,1005.806335,294.4273224,-0.01,-0.89999998,-0.349999992,-0.00582613,0.133168682,0.016646085,TRUE
9253,1000_radii_1,1000,L,0,25,182.999015,0,-555.1781006,1005.861267,294.4215088,-0.01,-0.89999998,-0.349999992,-0.005813029,0.132869242,0.016608655,TRUE
9254,1000_radii_1,1000,L,0,25,183.0156264,0,-555.2996216,1005.916443,294.4156723,-0.01,-0.89999998,-0.349999992,-0.005838279,0.133446388,0.016680799,TRUE
9255,1000_radii_1,1000,L,0,25,183.0323881,0,-555.4217529,1005.971863,294.4098053,-0.01,-0.89999998,-0.349999992,-0.005866593,0.134093565,0.016761696,TRUE
9256,1000_radii_1,1000,L,0,25,183.0491773,0,-555.5435181,1006.0271,294.4039459,-0.01,-0.89999998,-0.349999992,-0.005849689,0.133707191,0.016713399,TRUE
9257,1000_radii_1,1000,L,0,25,183.0657811,0,-555.664978,1006.082214,294.3981171,-0.01,-0.89999998,-0.349999992,-0.005836483,0.133405336,0.016675667,TRUE
9258,1000_radii_1,1000,L,0,25,183.0823931,0,-555.7860107,1006.137146,294.3923035,-0.01,-0.89999998,-0.349999992,-0.005814825,0.132910294,0.016613787,TRUE
9259,1000_radii_1,1000,L,0,25,183.0990706,0,-555.9070435,1006.192017,294.3864899,-0.01,-0.89999998,-0.349999992,-0.005815353,0.132922368,0.016615296,TRUE
9260,1000_radii_1,1000,L,0,25,183.1158099,0,-556.0292358,1006.247437,294.3806229,-0.01,-0.89999998,-0.349999992,-0.005869235,0.134153936,0.016769242,TRUE
9261,1000_radii_1,1000,L,0,25,183.1323564,0,-556.1499634,1006.302185,294.3748245,-0.01,-0.89999998,-0.349999992,-0.00580014,0.132574631,0.016571829,TRUE
9262,1000_radii_1,1000,L,0,25,183.1491202,0,-556.2716064,1006.3573,294.3689804,-0.01,-0.89999998,-0.349999992,-0.005841977,0.133530907,0.016691363,TRUE
9263,1000_radii_1,1000,L,0,25,183.1658297,0,-556.3937378,1006.412598,294.3631134,-0.01,-0.89999998,-0.349999992,-0.005864692,0.134050098,0.016756262,TRUE
9264,1000_radii_1,1000,L,0,25,183.1824006,0,-556.5146484,1006.467346,294.3573074,-0.01,-0.89999998,-0.349999992,-0.005807218,0.132736426,0.016592053,TRUE
9265,1000_radii_1,1000,L,0,25,183.1991061,0,-556.6364746,1006.522522,294.3508606,-0.011,-0.989999995,-0.384999998,-0.006436286,0.133740998,0.016717625,TRUE
9266,1000_radii_1,1000,L,0,25,183.215706,0,-556.7574463,1006.577271,294.3444824,-0.011,-0.989999995,-0.384999998,-0.006390846,0.132796796,0.0165996,TRUE
9267,1000_radii_1,1000,L,0,25,183.2323545,0,-556.8787231,1006.632141,294.3380737,-0.011,-0.989999995,-0.384999998,-0.006406535,0.1331228,0.01664035,TRUE
9268,1000_radii_1,1000,L,0,25,183.2490975,0,-557.0004272,1006.687195,294.3316345,-0.011,-0.989999995,-0.384999998,-0.006428383,0.133576789,0.016697099,TRUE
9269,1000_radii_1,1000,L,0,25,183.265842,0,-557.1216431,1006.742004,294.3252411,-0.011,-0.989999995,-0.384999998,-0.006402816,0.133045525,0.016630691,TRUE
9270,1000_radii_1,1000,L,0,25,183.2823698,0,-557.2433472,1006.796997,294.3182373,-0.012,-1.080000009,-0.420000004,-0.007012781,0.133576789,0.016697099,TRUE
9271,1000_radii_1,1000,L,0,25,183.2990065,0,-557.3643799,1006.851685,294.3112564,-0.012,-1.080000009,-0.420000004,-0.006973607,0.132830604,0.016603826,TRUE
9272,1000_radii_1,1000,L,0,25,183.3157057,0,-557.4862671,1006.906738,294.3042297,-0.012,-1.080000009,-0.420000004,-0.007022924,0.133769976,0.016721247,TRUE
9273,1000_radii_1,1000,L,0,25,183.3323391,0,-557.607605,1006.961548,294.2972412,-0.012,-1.080000009,-0.420000004,-0.006990088,0.133144533,0.016643067,TRUE
9274,1000_radii_1,1000,L,0,25,183.3490453,0,-557.7288208,1007.016235,294.2902603,-0.012,-1.080000009,-0.420000004,-0.006981467,0.132980324,0.016622541,TRUE
9275,1000_radii_1,1000,L,0,25,183.3657282,0,-557.850647,1007.071228,294.2832413,-0.012,-1.080000009,-0.420000004,-0.007016965,0.133656479,0.01670706,TRUE
9276,1000_radii_1,1000,L,0,25,183.3823196,0,-557.9721069,1007.126038,294.2762527,-0.012,-1.080000009,-0.420000004,-0.006994145,0.133221808,0.016652726,TRUE
9277,1000_radii_1,1000,L,0,25,183.3990041,0,-558.0933838,1007.180725,294.2692642,-0.012,-1.080000009,-0.420000004,-0.006983876,0.133026206,0.016628276,TRUE
9278,1000_radii_1,1000,L,0,25,183.4156879,0,-558.21521,1007.235657,294.2622452,-0.012,-1.080000009,-0.420000004,-0.007017092,0.133658894,0.016707362,TRUE
9279,1000_radii_1,1000,L,0,25,183.4324034,0,-558.3373413,1007.29071,294.2552109,-0.012,-1.080000009,-0.420000004,-0.0070337,0.133975238,0.016746905,TRUE
9280,1000_radii_1,1000,L,0,25,183.4490585,0,-558.458374,1007.345215,294.2482452,-0.012,-1.080000009,-0.420000004,-0.006967902,0.132721936,0.016590242,TRUE
9281,1000_radii_1,1000,L,0,25,183.4657393,0,-558.5803223,1007.400146,294.2412262,-0.012,-1.080000009,-0.420000004,-0.007021402,0.133740998,0.016717625,TRUE
9282,1000_radii_1,1000,L,0,25,183.4823311,0,-558.7014771,1007.454712,294.2342453,-0.012,-1.080000009,-0.420000004,-0.006976903,0.13289339,0.016611674,TRUE
9283,1000_radii_1,1000,L,0,25,183.4989935,0,-558.8230591,1007.50946,294.2272415,-0.012,-1.080000009,-0.420000004,-0.006998836,0.133311157,0.016663895,TRUE
9284,1000_radii_1,1000,L,0,25,183.5157017,0,-558.9443359,1007.564026,294.2202606,-0.012,-1.080000009,-0.420000004,-0.006981087,0.13297308,0.016621635,TRUE
9285,1000_radii_1,1000,L,0,25,183.5323874,0,-559.0666504,1007.61908,294.2132187,-0.012,-1.080000009,-0.420000004,-0.007041687,0.134127372,0.016765922,TRUE
9286,1000_radii_1,1000,L,0,25,183.5490036,0,-559.1879883,1007.673645,294.2062378,-0.012,-1.080000009,-0.420000004,-0.00698451,0.13303828,0.016629785,TRUE
9287,1000_radii_1,1000,L,0,25,183.565704,0,-559.3098145,1007.728394,294.199234,-0.012,-1.080000009,-0.420000004,-0.007012274,0.13356713,0.016695891,TRUE
9288,1000_radii_1,1000,L,0,25,183.5823501,0,-559.4310303,1007.782898,294.1922531,-0.012,-1.080000009,-0.420000004,-0.006977917,0.132912709,0.016614089,TRUE
9289,1000_radii_1,1000,L,0,25,183.5989702,0,-559.5524902,1007.837463,294.1852646,-0.012,-1.080000009,-0.420000004,-0.006991483,0.133171096,0.016646387,TRUE
9290,1000_radii_1,1000,L,0,25,183.6156181,0,-559.6740112,1007.892029,294.1782608,-0.012,-1.080000009,-0.420000004,-0.006992243,0.133185585,0.016648198,TRUE
9291,1000_radii_1,1000,L,0,25,183.6323876,0,-559.7962036,1007.946899,294.1712341,-0.012,-1.080000009,-0.420000004,-0.007033573,0.133972823,0.016746603,TRUE
9292,1000_radii_1,1000,L,0,25,183.6490805,0,-559.9178467,1008.001465,294.164238,-0.012,-1.080000009,-0.420000004,-0.006998836,0.133311157,0.016663895,TRUE
9293,1000_radii_1,1000,L,0,25,183.6657018,0,-560.0395508,1008.056091,294.1572266,-0.012,-1.080000009,-0.420000004,-0.007003146,0.133393262,0.016674158,TRUE
9294,1000_radii_1,1000,L,0,25,183.6824569,0,-560.161438,1008.110779,294.1502228,-0.012,-1.080000009,-0.420000004,-0.007014049,0.133600938,0.016700117,TRUE
9295,1000_radii_1,1000,L,0,25,183.6989536,0,-560.2823486,1008.164978,294.1432571,-0.012,-1.080000009,-0.420000004,-0.006955477,0.132485282,0.01656066,TRUE
9296,1000_radii_1,1000,L,0,25,183.7157005,0,-560.4046021,1008.219788,294.1362305,-0.012,-1.080000009,-0.420000004,-0.007033954,0.133980067,0.016747508,TRUE
9297,1000_radii_1,1000,L,0,25,183.7323967,0,-560.526123,1008.274231,294.1292419,-0.012,-1.080000009,-0.420000004,-0.006990976,0.133161437,0.01664518,TRUE
9298,1000_radii_1,1000,L,0,25,183.7489887,0,-560.6473999,1008.328552,294.1222534,-0.012,-1.080000009,-0.420000004,-0.006975762,0.132871656,0.016608957,TRUE
9299,1000_radii_1,1000,L,0,25,183.7657006,0,-560.7695923,1008.383301,294.1152344,-0.012,-1.080000009,-0.420000004,-0.007029263,0.133890718,0.01673634,TRUE
9300,1000_radii_1,1000,L,0,25,183.7823672,0,-560.8913574,1008.437805,294.1082306,-0.012,-1.080000009,-0.420000004,-0.00700378,0.133405336,0.016675667,TRUE
9301,1000_radii_1,1000,L,0,25,183.7989904,0,-561.0125122,1008.492004,294.101265,-0.012,-1.080000009,-0.420000004,-0.006968282,0.132729181,0.016591148,TRUE
9302,1000_radii_1,1000,L,0,25,183.815657,0,-561.1344604,1008.54657,294.0942383,-0.012,-1.080000009,-0.420000004,-0.007013415,0.133588863,0.016698608,TRUE
9303,1000_radii_1,1000,L,0,25,183.8323323,0,-561.2562256,1008.601013,294.0872421,-0.012,-1.080000009,-0.420000004,-0.007004034,0.133410165,0.016676271,TRUE
9304,1000_radii_1,1000,L,0,25,183.8490916,0,-561.3777466,1008.655334,294.0802536,-0.012,-1.080000009,-0.420000004,-0.006988693,0.13311797,0.016639746,TRUE
9305,1000_radii_1,1000,L,0,25,183.8657063,0,-561.499939,1008.709961,294.0732193,-0.012,-1.080000009,-0.420000004,-0.007027108,0.133849666,0.016731208,TRUE
9306,1000_radii_1,1000,L,0,25,183.8823098,0,-561.6212158,1008.76416,294.0662537,-0.012,-1.080000009,-0.420000004,-0.006974241,0.132842678,0.016605335,TRUE
9307,1000_radii_1,1000,L,0,25,183.8990269,0,-561.7428589,1008.818481,294.0592575,-0.012,-1.080000009,-0.420000004,-0.006994652,0.133231467,0.016653933,TRUE
9308,1000_radii_1,1000,L,0,25,183.9157309,0,-561.8651123,1008.873047,294.0522308,-0.012,-1.080000009,-0.420000004,-0.007028375,0.133873814,0.016734227,TRUE
9309,1000_radii_1,1000,L,0,25,183.9323214,0,-561.9865112,1008.927246,294.0452499,-0.012,-1.080000009,-0.420000004,-0.006978424,0.132922368,0.016615296,TRUE
9310,1000_radii_1,1000,L,0,25,183.9491215,0,-562.1092529,1008.981995,294.0376053,-0.013,-1.170000024,-0.455000009,-0.007645113,0.134419568,0.016802446,TRUE
9311,1000_radii_1,1000,L,0,25,183.965735,0,-562.2306519,1009.036133,294.0300446,-0.013,-1.170000024,-0.455000009,-0.007561333,0.132946516,0.016618315,TRUE
9312,1000_radii_1,1000,L,0,25,183.9823016,0,-562.3516235,1009.090088,294.0225067,-0.013,-1.170000024,-0.455000009,-0.007534551,0.132475623,0.016559453,TRUE
9313,1000_radii_1,1000,L,0,25,183.9989852,0,-562.4733276,1009.144348,294.0149307,-0.013,-1.170000024,-0.455000009,-0.007580149,0.133277349,0.016659669,TRUE
9314,1000_radii_1,1000,L,0,25,184.0156675,0,-562.5953979,1009.19873,294.0073242,-0.013,-1.170000024,-0.455000009,-0.007600614,0.13363716,0.016704645,TRUE
9315,1000_radii_1,1000,L,0,25,184.0323377,0,-562.7172852,1009.253052,293.9991608,-0.014,-1.260000039,-0.490000015,-0.008173592,0.133446388,0.016680799,TRUE
9316,1000_radii_1,1000,L,0,25,184.0490698,0,-562.8389282,1009.30719,293.9910049,-0.014,-1.260000039,-0.490000015,-0.008156138,0.133161437,0.01664518,TRUE
9317,1000_radii_1,1000,L,0,25,184.0657905,0,-562.9616089,1009.361755,293.982193,-0.015,-1.34999997,-0.524999988,-0.008810191,0.134250529,0.016781316,TRUE
9318,1000_radii_1,1000,L,0,25,184.0824652,0,-563.083374,1009.415955,293.9734421,-0.015,-1.34999997,-0.524999988,-0.008747118,0.133289424,0.016661178,TRUE
9319,1000_radii_1,1000,L,0,25,184.0990506,0,-563.204895,1009.469971,293.9647141,-0.015,-1.34999997,-0.524999988,-0.008726675,0.132977909,0.016622239,TRUE
9320,1000_radii_1,1000,L,0,25,184.1156856,0,-563.3264771,1009.524048,293.9559784,-0.015,-1.34999997,-0.524999988,-0.008732856,0.133072088,0.016634011,TRUE
9321,1000_radii_1,1000,L,0,25,184.1323365,0,-563.447998,1009.578064,293.947258,-0.015,-1.34999997,-0.524999988,-0.008725883,0.132965835,0.016620729,TRUE
9322,1000_radii_1,1000,L,0,25,184.1489605,0,-563.5697632,1009.632141,293.9385147,-0.015,-1.34999997,-0.524999988,-0.008745375,0.13326286,0.016657858,TRUE
9323,1000_radii_1,1000,L,0,25,184.1656806,0,-563.6919556,1009.686401,293.9297333,-0.015,-1.34999997,-0.524999988,-0.008773266,0.133687872,0.016710984,TRUE
9324,1000_radii_1,1000,L,0,25,184.182419,0,-563.8139038,1009.74054,293.9209824,-0.015,-1.34999997,-0.524999988,-0.00875425,0.133398091,0.016674761,TRUE
9325,1000_radii_1,1000,L,0,25,184.1990123,0,-563.93573,1009.794556,293.9122391,-0.015,-1.34999997,-0.524999988,-0.008744266,0.133245956,0.016655745,TRUE
9326,1000_radii_1,1000,L,0,25,184.2157039,0,-564.0578613,1009.848694,293.9034729,-0.015,-1.34999997,-0.524999988,-0.008768354,0.133613012,0.016701626,TRUE
9327,1000_radii_1,1000,L,0,25,184.2323778,0,-564.1793213,1009.902527,293.8947525,-0.015,-1.34999997,-0.524999988,-0.008718276,0.132849923,0.01660624,TRUE
9328,1000_radii_1,1000,L,0,25,184.2490387,0,-564.3014526,1009.956604,293.8859863,-0.015,-1.34999997,-0.524999988,-0.008765184,0.133564715,0.016695589,TRUE
9329,1000_radii_1,1000,L,0,25,184.265737,0,-564.4238281,1010.010803,293.8772049,-0.015,-1.34999997,-0.524999988,-0.008783409,0.133842422,0.016730303,TRUE
9330,1000_radii_1,1000,L,0,25,184.2823743,0,-564.5455322,1010.064697,293.8684692,-0.015,-1.34999997,-0.524999988,-0.008734757,0.133101066,0.016637633,TRUE
9331,1000_radii_1,1000,L,0,25,184.2990086,0,-564.6669922,1010.118469,293.8597565,-0.015,-1.34999997,-0.524999988,-0.008716057,0.132816115,0.016602014,TRUE
9332,1000_radii_1,1000,L,0,25,184.3156538,0,-564.7889404,1010.172424,293.8510056,-0.015,-1.34999997,-0.524999988,-0.008750763,0.133344965,0.016668121,TRUE
9333,1000_radii_1,1000,L,0,25,184.3323829,0,-564.9111938,1010.226501,293.8416367,-0.016000001,-1.440000068,-0.560000027,-0.009357137,0.133673383,0.016709173,TRUE
9334,1000_radii_1,1000,L,0,25,184.3490435,0,-565.0333252,1010.280457,293.8323059,-0.016000001,-1.440000068,-0.560000027,-0.009345474,0.133506759,0.016688345,TRUE
9335,1000_radii_1,1000,L,0,25,184.3657505,0,-565.1550293,1010.334229,293.8229828,-0.016000001,-1.440000068,-0.560000027,-0.009311328,0.133018962,0.01662737,TRUE
9336,1000_radii_1,1000,L,0,25,184.3824126,0,-565.2770386,1010.388062,293.8130646,-0.017000001,-1.530000083,-0.595000032,-0.009917892,0.133349794,0.016668724,TRUE
9337,1000_radii_1,1000,L,0,25,184.3990696,0,-565.3994751,1010.442078,293.8031158,-0.017000001,-1.530000083,-0.595000032,-0.009955429,0.133854496,0.016731812,TRUE
9338,1000_radii_1,1000,L,0,25,184.4157498,0,-565.5210571,1010.495728,293.7926483,-0.017999999,-1.61999993,-0.629999973,-0.010463642,0.132871656,0.016608957,TRUE
9339,1000_radii_1,1000,L,0,25,184.4324091,0,-565.6435547,1010.549744,293.781517,-0.018999999,-1.709999945,-0.664999979,-0.011125852,0.133844836,0.016730605,TRUE
9340,1000_radii_1,1000,L,0,25,184.4489716,0,-565.7645264,1010.603088,293.7705383,-0.018999999,-1.709999945,-0.664999979,-0.010991561,0.132229309,0.016528664,TRUE
9341,1000_radii_1,1000,L,0,25,184.4657949,0,-565.8879395,1010.657471,293.7587357,-0.02,-1.79999996,-0.699999984,-0.0117989,0.134844579,0.016855572,TRUE
9342,1000_radii_1,1000,L,0,25,184.4823042,0,-566.008606,1010.710571,293.7472,-0.02,-1.79999996,-0.699999984,-0.011533932,0.131816372,0.016477047,TRUE
9343,1000_radii_1,1000,L,0,25,184.4989569,0,-566.130188,1010.764038,293.7355804,-0.02,-1.79999996,-0.699999984,-0.011620987,0.132811286,0.016601411,TRUE
9344,1000_radii_1,1000,L,0,25,184.5156987,0,-566.253418,1010.818237,293.723793,-0.02,-1.79999996,-0.699999984,-0.011779038,0.134617585,0.016827198,TRUE
9345,1000_radii_1,1000,L,0,25,184.5324115,0,-566.3755493,1010.871887,293.7121277,-0.02,-1.79999996,-0.699999984,-0.011673601,0.13341258,0.016676573,TRUE
9346,1000_radii_1,1000,L,0,25,184.5490108,0,-566.4973755,1010.925415,293.7004852,-0.02,-1.79999996,-0.699999984,-0.011643174,0.133064844,0.016633105,TRUE
9347,1000_radii_1,1000,L,0,25,184.5656744,0,-566.6193848,1010.979004,293.6888351,-0.02,-1.79999996,-0.699999984,-0.011661345,0.13327252,0.016659065,TRUE
9348,1000_radii_1,1000,L,0,25,184.5823724,0,-566.7414551,1011.032532,293.6771622,-0.02,-1.79999996,-0.699999984,-0.01166219,0.133282179,0.016660272,TRUE
9349,1000_radii_1,1000,L,0,25,184.5989958,0,-566.8635254,1011.08606,293.6654968,-0.02,-1.79999996,-0.699999984,-0.011664726,0.133311157,0.016663895,TRUE
9350,1000_radii_1,1000,L,0,25,184.6155982,0,-566.9851685,1011.139404,293.6538773,-0.02,-1.79999996,-0.699999984,-0.011622255,0.132825775,0.016603222,TRUE
9351,1000_radii_1,1000,L,0,25,184.6323167,0,-567.1072998,1011.192871,293.6422119,-0.02,-1.79999996,-0.699999984,-0.011665149,0.133315987,0.016664498,TRUE
9352,1000_radii_1,1000,L,0,25,184.6489634,0,-567.2294922,1011.246338,293.6305389,-0.02,-1.79999996,-0.699999984,-0.011668952,0.133359454,0.016669932,TRUE
9353,1000_radii_1,1000,L,0,25,184.6656484,0,-567.3518677,1011.299866,293.6188507,-0.02,-1.79999996,-0.699999984,-0.011689025,0.133588863,0.016698608,TRUE
9354,1000_radii_1,1000,L,0,25,184.6823512,0,-567.4743652,1011.353455,293.6071548,-0.02,-1.79999996,-0.699999984,-0.01169959,0.133709605,0.016713701,TRUE
9355,1000_radii_1,1000,L,0,25,184.6989484,0,-567.5958252,1011.406555,293.5955505,-0.02,-1.79999996,-0.699999984,-0.011601125,0.132584291,0.016573036,TRUE
9356,1000_radii_1,1000,L,0,25,184.7158034,0,-567.7196045,1011.460632,293.5843277,-0.018999999,-1.709999945,-0.664999979,-0.011228025,0.135073989,0.016884249,TRUE
9357,1000_radii_1,1000,L,0,25,184.7323043,0,-567.8400879,1011.513245,293.5733948,-0.018999999,-1.709999945,-0.664999979,-0.010930739,0.131497613,0.016437202,TRUE
9358,1000_radii_1,1000,L,0,25,184.7490726,0,-567.963562,1011.567139,293.5627975,-0.017999999,-1.61999993,-0.629999973,-0.010606649,0.134687615,0.016835952,TRUE
9359,1000_radii_1,1000,L,0,25,184.765726,0,-568.085083,1011.620117,293.5529251,-0.017000001,-1.530000083,-0.595000032,-0.009861855,0.132596365,0.016574546,TRUE
9360,1000_radii_1,1000,L,0,25,184.7823452,0,-568.2075195,1011.673523,293.5435715,-0.016000001,-1.440000068,-0.560000027,-0.009351052,0.133586449,0.016698306,TRUE
9361,1000_radii_1,1000,L,0,25,184.7990048,0,-568.3297119,1011.726746,293.5348282,-0.015,-1.34999997,-0.524999988,-0.008746009,0.13327252,0.016659065,TRUE
9362,1000_radii_1,1000,L,0,25,184.815705,0,-568.4521484,1011.78009,293.5266495,-0.014,-1.260000039,-0.490000015,-0.008178325,0.133523663,0.016690458,TRUE
9363,1000_radii_1,1000,L,0,25,184.8323384,0,-568.5742188,1011.833252,293.5190811,-0.013,-1.170000024,-0.455000009,-0.007571771,0.133130044,0.016641256,TRUE
9364,1000_radii_1,1000,L,0,25,184.8490391,0,-568.6967163,1011.886536,293.5120621,-0.012,-1.080000009,-0.420000004,-0.007014049,0.133600938,0.016700117,TRUE
9365,1000_radii_1,1000,L,0,25,184.8657338,0,-568.8184814,1011.939514,293.5050964,-0.012,-1.080000009,-0.420000004,-0.006970564,0.132772648,0.016596581,TRUE
9366,1000_radii_1,1000,L,0,25,184.8823433,0,-568.9411011,1011.992859,293.4986572,-0.011,-0.989999995,-0.384999998,-0.006433729,0.133687872,0.016710984,TRUE
9367,1000_radii_1,1000,L,0,25,184.8990453,0,-569.0631104,1012.045898,293.4922562,-0.011,-0.989999995,-0.384999998,-0.006404094,0.133072088,0.016634011,TRUE
9368,1000_radii_1,1000,L,0,25,184.9155887,0,-569.1847534,1012.098755,293.4858704,-0.011,-0.989999995,-0.384999998,-0.006382943,0.132632587,0.016579073,TRUE
9369,1000_radii_1,1000,L,0,25,184.9322713,0,-569.307373,1012.152039,293.4794312,-0.011,-0.989999995,-0.384999998,-0.006435123,0.13371685,0.016714606,TRUE
9370,1000_radii_1,1000,L,0,25,184.9491308,0,-569.4310303,1012.20575,293.4729462,-0.011,-0.989999995,-0.384999998,-0.006489279,0.134842165,0.016855271,TRUE
9371,1000_radii_1,1000,L,0,25,184.9656531,0,-569.5518799,1012.25824,293.4665985,-0.011,-0.989999995,-0.384999998,-0.006341803,0.131777735,0.016472217,TRUE
9372,1000_radii_1,1000,L,0,25,184.9822609,0,-569.6740723,1012.311279,293.4601974,-0.011,-0.989999995,-0.384999998,-0.006411299,0.133221808,0.016652726,TRUE
9373,1000_radii_1,1000,L,0,25,184.9990003,0,-569.796936,1012.364624,293.4537506,-0.011,-0.989999995,-0.384999998,-0.006445118,0.133924526,0.016740566,TRUE
9374,1000_radii_1,1000,L,0,25,185.0157399,0,-569.9191284,1012.417664,293.4473419,-0.011,-0.989999995,-0.384999998,-0.006410254,0.133200074,0.016650009,TRUE
9375,1000_radii_1,1000,L,0,25,185.0322948,0,-570.0412598,1012.470642,293.4409332,-0.011,-0.989999995,-0.384999998,-0.006407116,0.133134874,0.016641859,TRUE
9376,1000_radii_1,1000,L,0,25,185.0489569,0,-570.1636353,1012.523682,293.4345093,-0.011,-0.989999995,-0.384999998,-0.006418737,0.133376358,0.016672045,TRUE
9377,1000_radii_1,1000,L,0,25,185.0656703,0,-570.2858887,1012.57666,293.4281006,-0.011,-0.989999995,-0.384999998,-0.006413275,0.13326286,0.016657858,TRUE
9378,1000_radii_1,1000,L,0,25,185.082276,0,-570.4078979,1012.629517,293.4216995,-0.011,-0.989999995,-0.384999998,-0.006400724,0.133002058,0.016625257,TRUE
9379,1000_radii_1,1000,L,0,25,185.0989543,0,-570.5305176,1012.682617,293.4152679,-0.011,-0.989999995,-0.384999998,-0.006431172,0.133634745,0.016704343,TRUE
9380,1000_radii_1,1000,L,0,25,185.1156804,0,-570.6533203,1012.735779,293.4088287,-0.011,-0.989999995,-0.384999998,-0.006440004,0.133818273,0.016727284,TRUE
9381,1000_radii_1,1000,L,0,25,185.1322607,0,-570.7749023,1012.788391,293.4024429,-0.011,-0.989999995,-0.384999998,-0.006374692,0.132461134,0.016557642,TRUE
9382,1000_radii_1,1000,L,0,25,185.1489783,0,-570.8978271,1012.841614,293.3960114,-0.011,-0.989999995,-0.384999998,-0.00644535,0.133929356,0.016741169,TRUE
9383,1000_radii_1,1000,L,0,25,185.1656253,0,-571.0200806,1012.894531,293.389595,-0.011,-0.989999995,-0.384999998,-0.006411764,0.133231467,0.016653933,TRUE
9384,1000_radii_1,1000,L,0,25,185.1823043,0,-571.1419678,1012.947266,293.3832016,-0.011,-0.989999995,-0.384999998,-0.006391776,0.132816115,0.016602014,TRUE
9385,1000_radii_1,1000,L,0,25,185.1989531,0,-571.2647095,1013.000366,293.37677,-0.011,-0.989999995,-0.384999998,-0.006436634,0.133748243,0.01671853,TRUE
9386,1000_radii_1,1000,L,0,25,185.2156101,0,-571.387085,1013.053284,293.3703537,-0.011,-0.989999995,-0.384999998,-0.006415948,0.133318402,0.0166648,TRUE
9387,1000_radii_1,1000,L,0,25,185.232366,0,-571.5096436,1013.106262,293.3633423,-0.012,-1.080000009,-0.420000004,-0.007010373,0.133530907,0.016691363,TRUE
9388,1000_radii_1,1000,L,0,25,185.2489469,0,-571.631897,1013.159058,293.3563538,-0.012,-1.080000009,-0.420000004,-0.006991609,0.133173511,0.016646689,TRUE
9389,1000_radii_1,1000,L,0,25,185.265638,0,-571.7543945,1013.211975,293.3487549,-0.013,-1.170000024,-0.455000009,-0.007588939,0.133431899,0.016678987,TRUE
9390,1000_radii_1,1000,L,0,25,185.2822955,0,-571.8768311,1013.264832,293.3411789,-0.013,-1.170000024,-0.455000009,-0.00758427,0.133349794,0.016668724,TRUE
9391,1000_radii_1,1000,L,0,25,185.2989576,0,-571.9992065,1013.317627,293.3335953,-0.013,-1.170000024,-0.455000009,-0.007581935,0.133308742,0.016663593,TRUE
9392,1000_radii_1,1000,L,0,25,185.3156001,0,-572.1212158,1013.370239,293.3260422,-0.013,-1.170000024,-0.455000009,-0.007557076,0.132871656,0.016608957,TRUE
9393,1000_radii_1,1000,L,0,25,185.3322948,0,-572.2440796,1013.423218,293.318428,-0.013,-1.170000024,-0.455000009,-0.007611601,0.133830347,0.016728793,TRUE
9394,1000_radii_1,1000,L,0,25,185.3490525,0,-572.3665161,1013.476013,293.3108444,-0.013,-1.170000024,-0.455000009,-0.007583858,0.13334255,0.016667819,TRUE
9395,1000_radii_1,1000,L,0,25,185.3656455,0,-572.4884644,1013.528564,293.3032913,-0.013,-1.170000024,-0.455000009,-0.007551719,0.132777478,0.016597185,TRUE
9396,1000_radii_1,1000,L,0,25,185.3822692,0,-572.611145,1013.581421,293.2956924,-0.013,-1.170000024,-0.455000009,-0.007597867,0.133588863,0.016698608,TRUE
9397,1000_radii_1,1000,L,0,25,185.3989183,0,-572.7335205,1013.634155,293.2881165,-0.013,-1.170000024,-0.455000009,-0.0075796,0.13326769,0.016658461,TRUE
9398,1000_radii_1,1000,L,0,25,185.4156094,0,-572.855835,1013.686768,293.2805405,-0.013,-1.170000024,-0.455000009,-0.00757287,0.133149363,0.01664367,TRUE
9399,1000_radii_1,1000,L,0,25,185.4322488,0,-572.9782104,1013.739441,293.2729645,-0.013,-1.170000024,-0.455000009,-0.00757754,0.133231467,0.016653933,TRUE
9400,1000_radii_1,1000,L,0,25,185.4489713,0,-573.1013184,1013.792419,293.2653427,-0.013,-1.170000024,-0.455000009,-0.00762355,0.134040438,0.016755055,TRUE
9401,1000_radii_1,1000,L,0,26,185.4653315,0,-573.2215576,1013.844116,293.2578888,-0.013,-1.170000024,-0.455000009,-0.007444042,0.130884244,0.016360531,FALSE
9402,1000_radii_1,1000,L,0,26,185.4820609,0,-573.3445435,1013.896973,293.2502823,-0.013,-1.170000024,-0.455000009,-0.007612425,0.133844836,0.016730605,FALSE
9403,1000_radii_1,1000,L,0,26,185.4995178,0,-573.4728394,1013.952087,293.2423325,-0.013,-1.170000024,-0.455000009,-0.007940815,0.139618715,0.017452339,FALSE
9404,1000_radii_1,1000,L,0,26,185.5153984,0,-573.5895996,1014.002258,293.2351151,-0.013,-1.170000024,-0.455000009,-0.007227313,0.127073629,0.015884204,FALSE
9405,1000_radii_1,1000,L,0,26,185.5321392,0,-573.7126465,1014.055054,293.2275009,-0.013,-1.170000024,-0.455000009,-0.007614211,0.133876229,0.016734529,FALSE
9406,1000_radii_1,1000,L,0,26,185.5487446,0,-573.8347168,1014.107422,293.2199402,-0.013,-1.170000024,-0.455000009,-0.00755584,0.132849923,0.01660624,FALSE
9407,1000_radii_1,1000,L,0,26,185.5653819,0,-573.9570313,1014.159912,293.2123718,-0.013,-1.170000024,-0.455000009,-0.00757081,0.13311314,0.016639143,FALSE
9408,1000_radii_1,1000,L,0,26,185.582085,0,-574.079834,1014.212585,293.2047729,-0.013,-1.170000024,-0.455000009,-0.007600339,0.133632331,0.016704041,FALSE
9409,1000_radii_1,1000,L,0,26,185.598767,0,-574.2025146,1014.265198,293.1971741,-0.013,-1.170000024,-0.455000009,-0.007590588,0.133460877,0.01668261,FALSE
9410,1000_radii_1,1000,L,0,26,185.6153739,0,-574.324646,1014.317505,293.189621,-0.013,-1.170000024,-0.455000009,-0.007555977,0.132852338,0.016606542,FALSE
9411,1000_radii_1,1000,L,0,26,185.6320197,0,-574.4470825,1014.369934,293.1820526,-0.013,-1.170000024,-0.455000009,-0.007574244,0.133173511,0.016646689,FALSE
9412,1000_radii_1,1000,L,0,26,185.6487104,0,-574.5698242,1014.422485,293.1744614,-0.013,-1.170000024,-0.455000009,-0.007594021,0.133521248,0.016690156,FALSE
9413,1000_radii_1,1000,L,0,26,185.6653623,0,-574.6922607,1014.474915,293.166893,-0.013,-1.170000024,-0.455000009,-0.007576441,0.133212149,0.016651519,FALSE
9414,1000_radii_1,1000,L,0,26,185.6820841,0,-574.8152466,1014.527527,293.1592712,-0.013,-1.170000024,-0.455000009,-0.007608442,0.133774806,0.016721851,FALSE
9415,1000_radii_1,1000,L,0,26,185.6987664,0,-574.9379883,1014.580017,293.15168,-0.013,-1.170000024,-0.455000009,-0.007591274,0.133472951,0.016684119,FALSE
9416,1000_radii_1,1000,L,0,26,185.7154125,0,-575.0604248,1014.632385,293.1441116,-0.013,-1.170000024,-0.455000009,-0.007572733,0.133146948,0.016643369,FALSE
9417,1000_radii_1,1000,L,0,26,185.7321045,0,-575.1832275,1014.684875,293.1365128,-0.013,-1.170000024,-0.455000009,-0.007595257,0.133542982,0.016692873,FALSE
9418,1000_radii_1,1000,L,0,26,185.74881,0,-575.3061523,1014.737366,293.1289063,-0.013,-1.170000024,-0.455000009,-0.007601438,0.133651649,0.016706456,FALSE
9419,1000_radii_1,1000,L,0,26,185.7654021,0,-575.4282227,1014.78949,293.1213684,-0.013,-1.170000024,-0.455000009,-0.007548972,0.132729181,0.016591148,FALSE
9420,1000_radii_1,1000,L,0,26,185.782027,0,-575.5505371,1014.841736,293.1138,-0.013,-1.170000024,-0.455000009,-0.00756463,0.133004473,0.016625559,FALSE
9421,1000_radii_1,1000,L,0,26,185.7986912,0,-575.6730347,1014.893982,293.1062164,-0.013,-1.170000024,-0.455000009,-0.00757342,0.133159022,0.016644878,FALSE
9422,1000_radii_1,1000,L,0,26,185.8154082,0,-575.7962036,1014.946533,293.0980225,-0.014,-1.260000039,-0.490000015,-0.00820125,0.133897963,0.016737245,FALSE
9423,1000_radii_1,1000,L,0,26,185.8320745,0,-575.9188843,1014.99884,293.0892639,-0.015,-1.34999997,-0.524999988,-0.008750446,0.133340135,0.016667517,FALSE
9424,1000_radii_1,1000,L,0,26,185.8487125,0,-576.0412598,1015.051025,293.0805359,-0.015,-1.34999997,-0.524999988,-0.008728101,0.132999643,0.016624955,FALSE
9425,1000_radii_1,1000,L,0,26,185.8653909,0,-576.1641235,1015.103394,293.071785,-0.015,-1.34999997,-0.524999988,-0.008762332,0.133521248,0.016690156,FALSE
9426,1000_radii_1,1000,L,0,26,185.8820134,0,-576.286438,1015.155518,293.0630493,-0.015,-1.34999997,-0.524999988,-0.008726358,0.13297308,0.016621635,FALSE
9427,1000_radii_1,1000,L,0,26,185.8987504,0,-576.409668,1015.208008,293.0536728,-0.016000001,-1.440000068,-0.560000027,-0.009374548,0.133922111,0.016740264,FALSE
9428,1000_radii_1,1000,L,0,26,185.9153512,0,-576.5318604,1015.26001,293.0443878,-0.016000001,-1.440000068,-0.560000027,-0.0092951,0.132787137,0.016598392,FALSE
9429,1000_radii_1,1000,L,0,26,185.9320111,0,-576.65448,1015.312195,293.0350571,-0.016000001,-1.440000068,-0.560000027,-0.009329415,0.133277349,0.016659669,FALSE
9430,1000_radii_1,1000,L,0,26,185.9487592,0,-576.77771,1015.364624,293.0256729,-0.016000001,-1.440000068,-0.560000027,-0.009375224,0.133931771,0.016741471,FALSE
9431,1000_radii_1,1000,L,0,26,185.9654071,0,-576.9003296,1015.416748,293.0163574,-0.016000001,-1.440000068,-0.560000027,-0.009326034,0.133229053,0.016653632,FALSE
9432,1000_radii_1,1000,L,0,26,185.9820574,0,-577.0229492,1015.468811,293.0070343,-0.016000001,-1.440000068,-0.560000027,-0.009324344,0.133204904,0.016650613,FALSE
9433,1000_radii_1,1000,L,0,26,185.9987431,0,-577.145813,1015.520996,292.9976883,-0.016000001,-1.440000068,-0.560000027,-0.009344628,0.133494685,0.016686836,FALSE
9434,1000_radii_1,1000,L,0,26,186.0154689,0,-577.2689819,1015.573242,292.988327,-0.016000001,-1.440000068,-0.560000027,-0.009365251,0.133789295,0.016723662,FALSE
9435,1000_radii_1,1000,L,0,26,186.0320914,0,-577.3914185,1015.625183,292.9790039,-0.016000001,-1.440000068,-0.560000027,-0.00930913,0.132987569,0.016623446,FALSE
9436,1000_radii_1,1000,L,0,26,186.0486913,0,-577.5135498,1015.676941,292.9697266,-0.016000001,-1.440000068,-0.560000027,-0.009284451,0.132635002,0.016579375,FALSE
9437,1000_radii_1,1000,L,0,26,186.06537,0,-577.6365356,1015.729065,292.9603806,-0.016000001,-1.440000068,-0.560000027,-0.009350038,0.13357196,0.016696495,FALSE
9438,1000_radii_1,1000,L,0,26,186.0820001,0,-577.7590332,1015.780945,292.9510651,-0.016000001,-1.440000068,-0.560000027,-0.009313356,0.13304794,0.016630992,FALSE
9439,1000_radii_1,1000,L,0,26,186.0986757,0,-577.8817749,1015.832947,292.9417343,-0.016000001,-1.440000068,-0.560000027,-0.009332627,0.133323231,0.016665404,FALSE
9440,1000_radii_1,1000,L,0,26,186.1153212,0,-578.0044556,1015.884888,292.9323959,-0.016000001,-1.440000068,-0.560000027,-0.009327555,0.133250786,0.016656348,FALSE
9441,1000_radii_1,1000,L,0,26,186.1320111,0,-578.1274414,1015.93689,292.9230576,-0.016000001,-1.440000068,-0.560000027,-0.009346488,0.133521248,0.016690156,FALSE
9442,1000_radii_1,1000,L,0,26,186.1487076,0,-578.2503052,1015.988831,292.9137192,-0.016000001,-1.440000068,-0.560000027,-0.009339388,0.133419825,0.016677478,FALSE
9443,1000_radii_1,1000,L,0,26,186.1653259,0,-578.3729248,1016.040649,292.9044037,-0.016000001,-1.440000068,-0.560000027,-0.009317413,0.133105896,0.016638237,FALSE
9444,1000_radii_1,1000,L,0,26,186.1820006,0,-578.4957886,1016.09259,292.8950653,-0.016000001,-1.440000068,-0.560000027,-0.009338374,0.133405336,0.016675667,FALSE
9445,1000_radii_1,1000,L,0,26,186.1987065,0,-578.6188965,1016.144592,292.8857117,-0.016000001,-1.440000068,-0.560000027,-0.009354602,0.13363716,0.016704645,FALSE
9446,1000_radii_1,1000,L,0,26,186.2154232,0,-578.7421265,1016.196594,292.8763504,-0.016000001,-1.440000068,-0.560000027,-0.009361363,0.133733754,0.016716719,FALSE
9447,1000_radii_1,1000,L,0,26,186.2320216,0,-578.864502,1016.24823,292.8670425,-0.016000001,-1.440000068,-0.560000027,-0.009295945,0.132799211,0.016599901,FALSE
9448,1000_radii_1,1000,L,0,26,186.2487444,0,-578.9877319,1016.300232,292.8576889,-0.016000001,-1.440000068,-0.560000027,-0.009363561,0.133765147,0.016720643,FALSE
9449,1000_radii_1,1000,L,0,26,186.2654421,0,-579.1108398,1016.352112,292.8483276,-0.016000001,-1.440000068,-0.560000027,-0.009350883,0.133584034,0.016698004,FALSE
9450,1000_radii_1,1000,L,0,26,186.2820223,0,-579.2330933,1016.403625,292.8390503,-0.016000001,-1.440000068,-0.560000027,-0.009285296,0.132647076,0.016580885,FALSE
9451,1000_radii_1,1000,L,0,26,186.2986557,0,-579.3557129,1016.455261,292.8297348,-0.016000001,-1.440000068,-0.560000027,-0.009314878,0.133069673,0.016633709,FALSE
9452,1000_radii_1,1000,L,0,26,186.3153281,0,-579.4786377,1016.507019,292.8204041,-0.016000001,-1.440000068,-0.560000027,-0.009335669,0.133366698,0.016670837,FALSE
9453,1000_radii_1,1000,L,0,26,186.3320201,0,-579.6017456,1016.558838,292.8110504,-0.016000001,-1.440000068,-0.560000027,-0.009348178,0.133545396,0.016693175,FALSE
9454,1000_radii_1,1000,L,0,26,186.3487398,0,-579.7250366,1016.610718,292.8016815,-0.016000001,-1.440000068,-0.560000027,-0.009363054,0.133757902,0.016719738,FALSE
9455,1000_radii_1,1000,L,0,26,186.3653542,0,-579.8475342,1016.662231,292.7923889,-0.016000001,-1.440000068,-0.560000027,-0.009303552,0.132907879,0.016613485,FALSE
9456,1000_radii_1,1000,L,0,26,186.3819951,0,-579.9702759,1016.713806,292.7830582,-0.016000001,-1.440000068,-0.560000027,-0.009319104,0.133130044,0.016641256,FALSE
9457,1000_radii_1,1000,L,0,26,186.3986928,0,-580.0934448,1016.765564,292.7737198,-0.016000001,-1.440000068,-0.560000027,-0.009350714,0.133581619,0.016697702,FALSE
9458,1000_radii_1,1000,L,0,26,186.4153157,0,-580.2160645,1016.817017,292.7644119,-0.016000001,-1.440000068,-0.560000027,-0.00930913,0.132987569,0.016623446,FALSE
9459,1000_radii_1,1000,L,0,26,186.4319379,0,-580.3386841,1016.868469,292.7550964,-0.016000001,-1.440000068,-0.560000027,-0.009309299,0.132989984,0.016623748,FALSE
9460,1000_radii_1,1000,L,0,26,186.4487096,0,-580.4622192,1016.920288,292.7457199,-0.016000001,-1.440000068,-0.560000027,-0.009379619,0.133994556,0.01674932,FALSE
9461,1000_radii_1,1000,L,0,26,186.4654009,0,-580.5855103,1016.971985,292.7363586,-0.016000001,-1.440000068,-0.560000027,-0.00935849,0.133692702,0.016711588,FALSE
9462,1000_radii_1,1000,L,0,26,186.4830857,0,-580.715271,1017.026367,292.7265091,-0.016000001,-1.440000068,-0.560000027,-0.009849209,0.140702978,0.017587872,TRUE
9463,1000_radii_1,1000,L,0,26,186.4989295,0,-580.8328857,1017.075623,292.7175827,-0.016000001,-1.440000068,-0.560000027,-0.008926427,0.127520374,0.015940047,TRUE
9464,1000_radii_1,1000,L,0,26,186.5156142,0,-580.9555664,1017.126953,292.7082748,-0.016000001,-1.440000068,-0.560000027,-0.009308792,0.132982739,0.016622842,TRUE
9465,1000_radii_1,1000,L,0,26,186.5323016,0,-581.0791626,1017.178711,292.6988983,-0.016000001,-1.440000068,-0.560000027,-0.009380296,0.134004216,0.016750527,TRUE
9466,1000_radii_1,1000,L,0,26,186.5490108,0,-581.2024536,1017.230286,292.6895447,-0.016000001,-1.440000068,-0.560000027,-0.009355278,0.13364682,0.016705852,TRUE
9467,1000_radii_1,1000,L,0,26,186.5656222,0,-581.3245239,1017.281311,292.6802826,-0.016000001,-1.440000068,-0.560000027,-0.00925994,0.132284851,0.016535606,TRUE
9468,1000_radii_1,1000,L,0,26,186.5823872,0,-581.4487915,1017.333252,292.6708527,-0.016000001,-1.440000068,-0.560000027,-0.009425936,0.134656222,0.016832028,TRUE
9469,1000_radii_1,1000,L,0,26,186.5990085,0,-581.5715332,1017.384521,292.6615448,-0.016000001,-1.440000068,-0.560000027,-0.009309806,0.132997228,0.016624654,TRUE
9470,1000_radii_1,1000,L,0,26,186.6156513,0,-581.6940918,1017.435669,292.6522522,-0.016000001,-1.440000068,-0.560000027,-0.0092951,0.132787137,0.016598392,TRUE
9471,1000_radii_1,1000,L,0,26,186.6322467,0,-581.8167114,1017.486816,292.6429443,-0.016000001,-1.440000068,-0.560000027,-0.009300171,0.132859582,0.016607448,TRUE
9472,1000_radii_1,1000,L,0,26,186.6489275,0,-581.9396362,1017.538086,292.6336212,-0.016000001,-1.440000068,-0.560000027,-0.00932147,0.133163852,0.016645481,TRUE
9473,1000_radii_1,1000,L,0,26,186.6656098,0,-582.0634155,1017.589661,292.6242447,-0.016000001,-1.440000068,-0.560000027,-0.009386043,0.13408632,0.01676079,TRUE
9474,1000_radii_1,1000,L,0,26,186.6822172,0,-582.185791,1017.640686,292.6149597,-0.016000001,-1.440000068,-0.560000027,-0.009281915,0.13259878,0.016574847,TRUE
9475,1000_radii_1,1000,L,0,26,186.6989475,0,-582.3095703,1017.692261,292.6055756,-0.016000001,-1.440000068,-0.560000027,-0.009386888,0.134098394,0.016762299,TRUE
9476,1000_radii_1,1000,L,0,26,186.7155598,0,-582.432251,1017.743347,292.5962677,-0.016000001,-1.440000068,-0.560000027,-0.009302876,0.13289822,0.016612277,TRUE
9477,1000_radii_1,1000,L,0,26,186.7322297,0,-582.5551147,1017.794495,292.5869446,-0.016000001,-1.440000068,-0.560000027,-0.009317582,0.133108311,0.016638539,TRUE
9478,1000_radii_1,1000,L,0,26,186.748887,0,-582.6783447,1017.845764,292.5776062,-0.016000001,-1.440000068,-0.560000027,-0.00934091,0.133441558,0.016680195,TRUE
9479,1000_radii_1,1000,L,0,26,186.7655222,0,-582.8012085,1017.896851,292.5682983,-0.016000001,-1.440000068,-0.560000027,-0.009315216,0.133074503,0.016634313,TRUE
9480,1000_radii_1,1000,L,0,26,186.782292,0,-582.9249268,1017.948303,292.5589066,-0.016000001,-1.440000068,-0.560000027,-0.009380127,0.134001801,0.016750225,TRUE
9481,1000_radii_1,1000,L,0,26,186.7989098,0,-583.0476685,1017.999268,292.549614,-0.016000001,-1.440000068,-0.560000027,-0.009303214,0.132903049,0.016612881,TRUE
9482,1000_radii_1,1000,L,0,26,186.815634,0,-583.1708374,1018.050415,292.5402832,-0.016000001,-1.440000068,-0.560000027,-0.009334317,0.13334738,0.016668422,TRUE
9483,1000_radii_1,1000,L,0,26,186.8321886,0,-583.2938232,1018.10144,292.5309601,-0.016000001,-1.440000068,-0.560000027,-0.009320456,0.133149363,0.01664367,TRUE
9484,1000_radii_1,1000,L,0,26,186.8488375,0,-583.416626,1018.152405,292.5216522,-0.016000001,-1.440000068,-0.560000027,-0.009305919,0.132941687,0.016617711,TRUE
9485,1000_radii_1,1000,L,0,26,186.8656185,0,-583.5408936,1018.203918,292.5122299,-0.016000001,-1.440000068,-0.560000027,-0.009415118,0.134501672,0.016812709,TRUE
9486,1000_radii_1,1000,L,0,26,186.8822117,0,-583.6634521,1018.2547,292.5029449,-0.016000001,-1.440000068,-0.560000027,-0.009287831,0.132683299,0.016585412,TRUE
9487,1000_radii_1,1000,L,0,26,186.8989203,0,-583.7866211,1018.305725,292.4936218,-0.016000001,-1.440000068,-0.560000027,-0.009330091,0.133287009,0.016660876,TRUE
9488,1000_radii_1,1000,L,0,26,186.915615,0,-583.9102173,1018.356934,292.4842529,-0.016000001,-1.440000068,-0.560000027,-0.009364744,0.133782051,0.016722756,TRUE
9489,1000_radii_1,1000,L,0,26,186.9322067,0,-584.03302,1018.407776,292.4749527,-0.016000001,-1.440000068,-0.560000027,-0.009302031,0.132886145,0.016610768,TRUE
9490,1000_radii_1,1000,L,0,26,186.9489289,0,-584.1564331,1018.458862,292.4655991,-0.016000001,-1.440000068,-0.560000027,-0.009350714,0.133581619,0.016697702,TRUE
9491,1000_radii_1,1000,L,0,26,186.9656073,0,-584.2797241,1018.509827,292.4562607,-0.016000001,-1.440000068,-0.560000027,-0.009339726,0.133424654,0.016678082,TRUE
9492,1000_radii_1,1000,L,0,26,186.9821993,0,-584.4025879,1018.560608,292.4469528,-0.016000001,-1.440000068,-0.560000027,-0.009305242,0.132932027,0.016616503,TRUE
9493,1000_radii_1,1000,L,0,26,186.9988463,0,-584.5257568,1018.611511,292.4376297,-0.016000001,-1.440000068,-0.560000027,-0.009327725,0.133253201,0.01665665,TRUE
9494,1000_radii_1,1000,L,0,26,187.0155642,0,-584.6488037,1018.662354,292.4283066,-0.016000001,-1.440000068,-0.560000027,-0.009320118,0.133144533,0.016643067,TRUE
9495,1000_radii_1,1000,L,0,26,187.0322152,0,-584.7723999,1018.713379,292.4189453,-0.016000001,-1.440000068,-0.560000027,-0.009361701,0.133738583,0.016717323,TRUE
9496,1000_radii_1,1000,L,0,26,187.0488401,0,-584.8953247,1018.764099,292.4096375,-0.016000001,-1.440000068,-0.560000027,-0.009309468,0.132992398,0.01662405,TRUE
9497,1000_radii_1,1000,L,0,26,187.0656483,0,-585.019043,1018.815125,292.4002686,-0.016000001,-1.440000068,-0.560000027,-0.009368125,0.133830347,0.016728793,TRUE
9498,1000_radii_1,1000,L,0,26,187.082256,0,-585.142334,1018.865906,292.3909378,-0.016000001,-1.440000068,-0.560000027,-0.009332458,0.133320816,0.016665102,TRUE
9499,1000_radii_1,1000,L,0,26,187.0988695,0,-585.2653809,1018.916626,292.3816223,-0.016000001,-1.440000068,-0.560000027,-0.009316568,0.133093822,0.016636728,TRUE
9500,1000_radii_1,1000,L,0,26,187.115518,0,-585.3886108,1018.967346,292.3722916,-0.016000001,-1.440000068,-0.560000027,-0.009327386,0.133248371,0.016656046,TRUE
9501,1000_radii_1,1000,L,0,26,187.1322818,0,-585.5120239,1019.018127,292.3629532,-0.016000001,-1.440000068,-0.560000027,-0.009344121,0.13348744,0.01668593,TRUE
9502,1000_radii_1,1000,L,0,26,187.148921,0,-585.6356201,1019.06897,292.3535843,-0.016000001,-1.440000068,-0.560000027,-0.009356292,0.133661309,0.016707664,TRUE
9503,1000_radii_1,1000,L,0,26,187.165501,0,-585.7583008,1019.119446,292.3442993,-0.016000001,-1.440000068,-0.560000027,-0.009285972,0.132656736,0.016582092,TRUE
9504,1000_radii_1,1000,L,0,26,187.1822159,0,-585.8817749,1019.170227,292.3349609,-0.016000001,-1.440000068,-0.560000027,-0.009346995,0.133528493,0.016691062,TRUE
9505,1000_radii_1,1000,L,0,26,187.198839,0,-586.0049438,1019.220825,292.3256378,-0.016000001,-1.440000068,-0.560000027,-0.009321132,0.133159022,0.016644878,TRUE
9506,1000_radii_1,1000,L,0,26,187.2155132,0,-586.1278687,1019.271301,292.3163376,-0.016000001,-1.440000068,-0.560000027,-0.009301524,0.132878901,0.016609863,TRUE
9507,1000_radii_1,1000,L,0,26,187.232181,0,-586.2514038,1019.322021,292.3069916,-0.016000001,-1.440000068,-0.560000027,-0.009349023,0.133557471,0.016694684,TRUE
9508,1000_radii_1,1000,L,0,26,187.2488403,0,-586.3748169,1019.372681,292.2976532,-0.016000001,-1.440000068,-0.560000027,-0.009337191,0.133388432,0.016673554,TRUE
9509,1000_radii_1,1000,L,0,26,187.2655396,0,-586.4986572,1019.423462,292.2882843,-0.016000001,-1.440000068,-0.560000027,-0.009369646,0.133852081,0.01673151,TRUE
9510,1000_radii_1,1000,L,0,26,187.2822213,0,-586.6221313,1019.47406,292.2789307,-0.016000001,-1.440000068,-0.560000027,-0.009342093,0.133458462,0.016682308,TRUE
9511,1000_radii_1,1000,L,0,26,187.2988616,0,-586.7450562,1019.524414,292.2696381,-0.016000001,-1.440000068,-0.560000027,-0.009300171,0.132859582,0.016607448,TRUE
9512,1000_radii_1,1000,L,0,26,187.315559,0,-586.8688965,1019.575134,292.2602692,-0.016000001,-1.440000068,-0.560000027,-0.009368463,0.133835177,0.016729397,TRUE
9513,1000_radii_1,1000,L,0,26,187.3322081,0,-586.9921265,1019.625549,292.2509537,-0.016000001,-1.440000068,-0.560000027,-0.00931978,0.133139704,0.016642463,TRUE
9514,1000_radii_1,1000,L,0,26,187.3489426,0,-587.1156006,1019.676086,292.2416153,-0.016000001,-1.440000068,-0.560000027,-0.009337191,0.133388432,0.016673554,TRUE
9515,1000_radii_1,1000,L,0,26,187.3655226,0,-587.2387695,1019.72644,292.2322998,-0.016000001,-1.440000068,-0.560000027,-0.009317075,0.133101066,0.016637633,TRUE
9516,1000_radii_1,1000,L,0,26,187.3821847,0,-587.3622437,1019.776917,292.2229614,-0.016000001,-1.440000068,-0.560000027,-0.009336345,0.133376358,0.016672045,TRUE
9517,1000_radii_1,1000,L,0,26,187.3988682,0,-587.4853516,1019.827209,292.2136536,-0.016000001,-1.440000068,-0.560000027,-0.009307609,0.132965835,0.016620729,TRUE
9518,1000_radii_1,1000,L,0,26,187.4155022,0,-587.6083374,1019.877441,292.2043457,-0.016000001,-1.440000068,-0.560000027,-0.009299833,0.132854753,0.016606844,TRUE
9519,1000_radii_1,1000,L,0,26,187.4321106,0,-587.7319946,1019.927917,292.1949997,-0.016000001,-1.440000068,-0.560000027,-0.009351221,0.133588863,0.016698608,TRUE
9520,1000_radii_1,1000,L,0,26,187.4488672,0,-587.8561401,1019.978577,292.1856155,-0.016000001,-1.440000068,-0.560000027,-0.009383845,0.134054927,0.016756866,TRUE
9521,1000_radii_1,1000,L,0,26,187.4655531,0,-587.9794312,1020.02887,292.1763,-0.016000001,-1.440000068,-0.560000027,-0.009320794,0.133154193,0.016644274,TRUE
9522,1000_radii_1,1000,L,0,26,187.482172,0,-588.1027832,1020.079163,292.1669769,-0.016000001,-1.440000068,-0.560000027,-0.009324851,0.133212149,0.016651519,TRUE
9523,1000_radii_1,1000,L,0,26,187.4988576,0,-588.2258911,1020.129333,292.1576614,-0.016000001,-1.440000068,-0.560000027,-0.009304735,0.132924783,0.016615598,TRUE
9524,1000_radii_1,1000,L,0,26,187.5155333,0,-588.3496704,1020.179749,292.1483154,-0.016000001,-1.440000068,-0.560000027,-0.009354433,0.133634745,0.016704343,TRUE
9525,1000_radii_1,1000,L,0,26,187.5321739,0,-588.4731445,1020.22998,292.1389847,-0.016000001,-1.440000068,-0.560000027,-0.009330429,0.133291838,0.01666148,TRUE
9526,1000_radii_1,1000,L,0,26,187.5489296,0,-588.5975342,1020.280579,292.1295853,-0.016000001,-1.440000068,-0.560000027,-0.009399059,0.134272263,0.016784033,TRUE
9527,1000_radii_1,1000,L,0,26,187.5656979,0,-588.7217407,1020.331116,292.1196136,-0.017000001,-1.530000083,-0.595000032,-0.009973569,0.134098394,0.016762299,TRUE
9528,1000_radii_1,1000,L,0,26,187.5821871,0,-588.8439331,1020.380798,292.1097946,-0.017000001,-1.530000083,-0.595000032,-0.009809411,0.131891232,0.016486404,TRUE
9529,1000_radii_1,1000,L,0,26,187.5988682,0,-588.9676514,1020.43103,292.0992889,-0.017999999,-1.61999993,-0.629999973,-0.010514988,0.133523663,0.016690458,TRUE
9530,1000_radii_1,1000,L,0,26,187.6155553,0,-589.0913086,1020.481262,292.0881882,-0.018999999,-1.709999945,-0.664999979,-0.011096545,0.13349227,0.016686534,TRUE
9531,1000_radii_1,1000,L,0,26,187.6321676,0,-589.2141724,1020.531128,292.0771713,-0.018999999,-1.709999945,-0.664999979,-0.011019664,0.132567387,0.016570923,TRUE
9532,1000_radii_1,1000,L,0,26,187.6489214,0,-589.3386841,1020.581604,292.0654144,-0.02,-1.79999996,-0.699999984,-0.01175495,0.134342293,0.016792787,TRUE
9533,1000_radii_1,1000,L,0,26,187.6656068,0,-589.4621582,1020.631653,292.0537567,-0.02,-1.79999996,-0.699999984,-0.011659866,0.133255616,0.016656952,TRUE
9534,1000_radii_1,1000,L,0,26,187.6821976,0,-589.5853882,1020.68158,292.0421219,-0.02,-1.79999996,-0.699999984,-0.011632186,0.132939272,0.016617409,TRUE
9535,1000_radii_1,1000,L,0,26,187.6987909,0,-589.708374,1020.731384,292.0305099,-0.02,-1.79999996,-0.699999984,-0.011612324,0.132712277,0.016589035,TRUE
9536,1000_radii_1,1000,L,0,26,187.7154705,0,-589.8319092,1020.781372,292.0188446,-0.02,-1.79999996,-0.699999984,-0.011662402,0.133284594,0.016660574,TRUE
9537,1000_radii_1,1000,L,0,26,187.7321977,0,-589.9561157,1020.831604,292.0071259,-0.02,-1.79999996,-0.699999984,-0.011723467,0.133982482,0.01674781,TRUE
9538,1000_radii_1,1000,L,0,26,187.7488474,0,-590.0796509,1020.881531,291.9954681,-0.02,-1.79999996,-0.699999984,-0.0116605,0.13326286,0.016657858,TRUE
9539,1000_radii_1,1000,L,0,26,187.765569,0,-590.2034912,1020.931519,291.9837799,-0.02,-1.79999996,-0.699999984,-0.011684165,0.133533322,0.016691665,TRUE
9540,1000_radii_1,1000,L,0,26,187.7822262,0,-590.3270874,1020.981384,291.9721222,-0.02,-1.79999996,-0.699999984,-0.011661557,0.133274934,0.016659367,TRUE
9541,1000_radii_1,1000,L,0,26,187.7988584,0,-590.4506226,1021.03125,291.9604645,-0.02,-1.79999996,-0.699999984,-0.01165564,0.133207319,0.016650915,TRUE
9542,1000_radii_1,1000,L,0,26,187.8155317,0,-590.5744019,1021.081177,291.9487839,-0.02,-1.79999996,-0.699999984,-0.011677615,0.133458462,0.016682308,TRUE
9543,1000_radii_1,1000,L,0,26,187.832188,0,-590.6976929,1021.130859,291.9371567,-0.02,-1.79999996,-0.699999984,-0.011630918,0.132924783,0.016615598,TRUE
9544,1000_radii_1,1000,L,0,26,187.8488861,0,-590.8218994,1021.180908,291.9254379,-0.02,-1.79999996,-0.699999984,-0.011716283,0.133900378,0.016737547,TRUE
9545,1000_radii_1,1000,L,0,26,187.8654956,0,-590.9450684,1021.230469,291.9138184,-0.02,-1.79999996,-0.699999984,-0.011620142,0.132801626,0.016600203,TRUE
9546,1000_radii_1,1000,L,0,26,187.8821646,0,-591.0684814,1021.28009,291.9021683,-0.02,-1.79999996,-0.699999984,-0.011640427,0.133033451,0.016629181,TRUE
9547,1000_radii_1,1000,L,0,26,187.8988116,0,-591.1921997,1021.329834,291.8905106,-0.02,-1.79999996,-0.699999984,-0.011669375,0.133364284,0.016670535,TRUE
9548,1000_radii_1,1000,L,0,26,187.915471,0,-591.315979,1021.379578,291.8788376,-0.02,-1.79999996,-0.699999984,-0.011674446,0.13342224,0.01667778,TRUE
9549,1000_radii_1,1000,L,0,26,187.9321503,0,-591.4398804,1021.429321,291.867157,-0.02,-1.79999996,-0.699999984,-0.011680996,0.1334971,0.016687137,TRUE
9550,1000_radii_1,1000,L,0,26,187.9489684,0,-591.5644531,1021.479309,291.8554077,-0.02,-1.79999996,-0.699999984,-0.011745653,0.13423604,0.016779505,TRUE
9551,1000_radii_1,1000,L,0,26,187.9655532,0,-591.6878052,1021.528809,291.8437729,-0.02,-1.79999996,-0.699999984,-0.011629017,0.132903049,0.016612881,TRUE
9552,1000_radii_1,1000,L,0,26,187.9821906,0,-591.8114014,1021.578369,291.8321228,-0.02,-1.79999996,-0.699999984,-0.011653738,0.133185585,0.016648198,TRUE
9553,1000_radii_1,1000,L,0,26,187.9988255,0,-591.9346313,1021.627747,291.8205109,-0.02,-1.79999996,-0.699999984,-0.011614014,0.132731596,0.016591449,TRUE
9554,1000_radii_1,1000,L,0,26,188.0155274,0,-592.0588989,1021.67749,291.8087921,-0.02,-1.79999996,-0.699999984,-0.011715438,0.133890718,0.01673634,TRUE
9555,1000_radii_1,1000,L,0,26,188.0321696,0,-592.1825562,1021.72699,291.797142,-0.02,-1.79999996,-0.699999984,-0.01165564,0.133207319,0.016650915,TRUE
9556,1000_radii_1,1000,L,0,26,188.0488471,0,-592.3062134,1021.776428,291.7854767,-0.02,-1.79999996,-0.699999984,-0.011652682,0.133173511,0.016646689,TRUE
9557,1000_radii_1,1000,L,0,26,188.0655091,0,-592.4299927,1021.825867,291.7738266,-0.02,-1.79999996,-0.699999984,-0.011661979,0.133279764,0.016659971,TRUE
9558,1000_radii_1,1000,L,0,26,188.0822805,0,-592.5548096,1021.875732,291.7626419,-0.018999999,-1.709999945,-0.664999979,-0.011172623,0.134407494,0.016800937,TRUE
9559,1000_radii_1,1000,L,0,26,188.098817,0,-592.6774902,1021.924683,291.7516708,-0.018999999,-1.709999945,-0.664999979,-0.010980922,0.132101323,0.016512665,TRUE
9560,1000_radii_1,1000,L,0,26,188.1155331,0,-592.8012695,1021.97406,291.740593,-0.018999999,-1.709999945,-0.664999979,-0.011077676,0.133265275,0.016658159,TRUE
9561,1000_radii_1,1000,L,0,26,188.1322061,0,-592.9257202,1022.023682,291.729454,-0.018999999,-1.709999945,-0.664999979,-0.011138096,0.133992142,0.016749018,TRUE
9562,1000_radii_1,1000,L,0,26,188.1488371,0,-593.0490723,1022.072815,291.7184143,-0.018999999,-1.709999945,-0.664999979,-0.011038131,0.132789552,0.016598694,TRUE
9563,1000_radii_1,1000,L,0,26,188.165501,0,-593.1732178,1022.122253,291.7072983,-0.018999999,-1.709999945,-0.664999979,-0.011107986,0.133629916,0.016703739,TRUE
9564,1000_radii_1,1000,L,0,26,188.1821419,0,-593.2963257,1022.171265,291.6962891,-0.018999999,-1.709999945,-0.664999979,-0.01101324,0.132490112,0.016561264,TRUE
9565,1000_radii_1,1000,L,0,26,188.19873,0,-593.4200439,1022.220459,291.6852264,-0.018999999,-1.709999945,-0.664999979,-0.011067639,0.133144533,0.016643067,TRUE
9566,1000_radii_1,1000,L,0,26,188.2154543,0,-593.5444946,1022.269958,291.6740952,-0.018999999,-1.709999945,-0.664999979,-0.011131673,0.133914867,0.016739358,TRUE
9567,1000_radii_1,1000,L,0,26,188.2321417,0,-593.6686401,1022.319275,291.6629944,-0.018999999,-1.709999945,-0.664999979,-0.011102968,0.133569545,0.016696193,TRUE
9568,1000_radii_1,1000,L,0,26,188.2488105,0,-593.7925415,1022.368469,291.6519089,-0.018999999,-1.709999945,-0.664999979,-0.011080687,0.133301498,0.016662687,TRUE
9569,1000_radii_1,1000,L,0,26,188.2655471,0,-593.9170532,1022.417908,291.6413574,-0.017999999,-1.61999993,-0.629999973,-0.010548458,0.133948674,0.016743584,TRUE
9570,1000_radii_1,1000,L,0,26,188.2821808,0,-594.0407715,1022.46698,291.6308746,-0.017999999,-1.61999993,-0.629999973,-0.010480187,0.133081747,0.016635218,TRUE
9571,1000_radii_1,1000,L,0,26,188.2988483,0,-594.1647339,1022.516113,291.6209717,-0.017000001,-1.530000083,-0.595000032,-0.009916814,0.133335305,0.016666913,TRUE
9572,1000_radii_1,1000,L,0,26,188.3154896,0,-594.2885132,1022.565186,291.6110687,-0.017000001,-1.530000083,-0.595000032,-0.009901548,0.133130044,0.016641256,TRUE
9573,1000_radii_1,1000,L,0,26,188.3322863,0,-594.4134521,1022.614685,291.6016617,-0.016000001,-1.440000068,-0.560000027,-0.009405482,0.134364027,0.016795503,TRUE
9574,1000_radii_1,1000,L,0,26,188.3488614,0,-594.5360107,1022.663208,291.5924301,-0.016000001,-1.440000068,-0.560000027,-0.009227316,0.131818787,0.016477348,TRUE
9575,1000_radii_1,1000,L,0,26,188.3655296,0,-594.6602783,1022.712402,291.5836639,-0.015,-1.34999997,-0.524999988,-0.008771048,0.133654064,0.016706758,TRUE
9576,1000_radii_1,1000,L,0,26,188.3821654,0,-594.7844238,1022.761536,291.5748978,-0.015,-1.34999997,-0.524999988,-0.008761539,0.133509174,0.016688647,TRUE
9577,1000_radii_1,1000,L,0,26,188.3988682,0,-594.9082642,1022.810486,291.5667419,-0.014,-1.260000039,-0.490000015,-0.008157913,0.133190415,0.016648802,TRUE
9578,1000_radii_1,1000,L,0,26,188.4155191,0,-595.0325928,1022.859619,291.5591354,-0.013,-1.170000024,-0.455000009,-0.007604047,0.133697531,0.016712191,TRUE
9579,1000_radii_1,1000,L,0,26,188.4321486,0,-595.156311,1022.908508,291.5515747,-0.013,-1.170000024,-0.455000009,-0.007565728,0.133023791,0.016627974,TRUE
9580,1000_radii_1,1000,L,0,26,188.4488566,0,-595.2806396,1022.957642,291.5439606,-0.013,-1.170000024,-0.455000009,-0.007603498,0.133687872,0.016710984,TRUE
9581,1000_radii_1,1000,L,0,26,188.4655344,0,-595.4042358,1023.006409,291.5364075,-0.013,-1.170000024,-0.455000009,-0.007557625,0.132881316,0.016610164,TRUE
9582,1000_radii_1,1000,L,0,26,188.4822233,0,-595.5286255,1023.055481,291.5288086,-0.013,-1.170000024,-0.455000009,-0.007607343,0.133755487,0.016719436,TRUE
9583,1000_radii_1,1000,L,0,26,188.4988172,0,-595.6523438,1023.104248,291.5212402,-0.013,-1.170000024,-0.455000009,-0.007562432,0.132965835,0.016620729,TRUE
9584,1000_radii_1,1000,L,0,26,188.5154717,0,-595.7763672,1023.153137,291.513649,-0.013,-1.170000024,-0.455000009,-0.007582347,0.133315987,0.016664498,TRUE
9585,1000_radii_1,1000,L,0,26,188.5321948,0,-595.9005737,1023.202087,291.5060654,-0.013,-1.170000024,-0.455000009,-0.007594296,0.133526078,0.01669076,TRUE
9586,1000_radii_1,1000,L,0,26,188.5487696,0,-596.0241089,1023.250732,291.4985123,-0.013,-1.170000024,-0.455000009,-0.007550895,0.132762989,0.016595374,TRUE
9587,1000_radii_1,1000,L,0,26,188.5654486,0,-596.1483765,1023.299683,291.490921,-0.013,-1.170000024,-0.455000009,-0.007594433,0.133528493,0.016691062,TRUE
9588,1000_radii_1,1000,L,0,26,188.5822444,0,-596.2727661,1023.348633,291.4833145,-0.013,-1.170000024,-0.455000009,-0.007603498,0.133687872,0.016710984,TRUE
9589,1000_radii_1,1000,L,0,26,188.5988766,0,-596.3970947,1023.397583,291.475708,-0.013,-1.170000024,-0.455000009,-0.00759979,0.133622671,0.016702834,TRUE
9590,1000_radii_1,1000,L,0,26,188.6155387,0,-596.5211792,1023.446411,291.4681244,-0.013,-1.170000024,-0.455000009,-0.007585094,0.133364284,0.016670535,TRUE
9591,1000_radii_1,1000,L,0,26,188.6321649,0,-596.6445313,1023.494934,291.4605942,-0.013,-1.170000024,-0.455000009,-0.00753771,0.132531164,0.016566396,TRUE
9592,1000_radii_1,1000,L,0,26,188.6488405,0,-596.7687988,1023.543762,291.4530029,-0.013,-1.170000024,-0.455000009,-0.007593197,0.133506759,0.016688345,TRUE
9593,1000_radii_1,1000,L,0,26,188.6655757,0,-596.8937378,1023.592896,291.4459534,-0.012,-1.080000009,-0.420000004,-0.00704904,0.134267433,0.016783429,TRUE
9594,1000_radii_1,1000,L,0,26,188.682216,0,-597.017395,1023.641479,291.4389725,-0.012,-1.080000009,-0.420000004,-0.006976523,0.132886145,0.016610768,TRUE
9595,1000_radii_1,1000,L,0,26,188.6988189,0,-597.1411133,1023.690063,291.4319992,-0.012,-1.080000009,-0.420000004,-0.006979185,0.132936857,0.016617107,TRUE
9596,1000_radii_1,1000,L,0,26,188.715462,0,-597.2650757,1023.738708,291.4250031,-0.012,-1.080000009,-0.420000004,-0.006990468,0.133151778,0.016643972,TRUE
9597,1000_radii_1,1000,L,0,26,188.732125,0,-597.3890381,1023.787354,291.4180145,-0.012,-1.080000009,-0.420000004,-0.006992497,0.133190415,0.016648802,TRUE
9598,1000_radii_1,1000,L,0,26,188.7487774,0,-597.5131836,1023.83606,291.4110107,-0.012,-1.080000009,-0.420000004,-0.00699985,0.133330476,0.016666309,TRUE
9599,1000_radii_1,1000,L,0,26,188.7654842,0,-597.6376953,1023.884888,291.4039841,-0.012,-1.080000009,-0.420000004,-0.007022163,0.133755487,0.016719436,TRUE
9600,1000_radii_1,1000,L,0,26,188.7822447,0,-597.762085,1023.933655,291.3969727,-0.012,-1.080000009,-0.420000004,-0.007013669,0.133593693,0.016699212,TRUE
9601,1000_radii_1,1000,L,0,26,188.7988799,0,-597.8862915,1023.9823,291.3899841,-0.012,-1.080000009,-0.420000004,-0.007003146,0.133393262,0.016674158,TRUE
9602,1000_radii_1,1000,L,0,26,188.8155088,0,-598.010376,1024.030884,291.3829803,-0.012,-1.080000009,-0.420000004,-0.006996173,0.133260445,0.016657556,TRUE
9603,1000_radii_1,1000,L,0,26,188.8321141,0,-598.1340942,1024.079346,291.3760071,-0.012,-1.080000009,-0.420000004,-0.006974748,0.132852338,0.016606542,TRUE
9604,1000_radii_1,1000,L,0,26,188.8487958,0,-598.2579956,1024.127808,291.3690186,-0.012,-1.080000009,-0.420000004,-0.006983749,0.133023791,0.016627974,TRUE
9605,1000_radii_1,1000,L,0,26,188.8654977,0,-598.3828125,1024.176636,291.3619843,-0.012,-1.080000009,-0.420000004,-0.007036616,0.134030779,0.016753847,TRUE
9606,1000_radii_1,1000,L,0,26,188.8821963,0,-598.5072021,1024.225342,291.3549805,-0.012,-1.080000009,-0.420000004,-0.007013162,0.133584034,0.016698004,TRUE
9607,1000_radii_1,1000,L,0,26,188.8987585,0,-598.6303711,1024.27356,291.3480301,-0.012,-1.080000009,-0.420000004,-0.00694318,0.132251043,0.01653138,TRUE
9608,1000_radii_1,1000,L,0,26,188.9154595,0,-598.7550049,1024.322266,291.3410034,-0.012,-1.080000009,-0.420000004,-0.007024192,0.133794125,0.016724266,TRUE
9609,1000_radii_1,1000,L,0,26,188.932124,0,-598.8792114,1024.370728,291.3339996,-0.012,-1.080000009,-0.420000004,-0.006999216,0.133318402,0.0166648,TRUE
9610,1000_radii_1,1000,L,0,26,188.9489431,0,-599.0040894,1024.419556,291.3269653,-0.012,-1.080000009,-0.420000004,-0.007038137,0.134059757,0.01675747,TRUE
9611,1000_radii_1,1000,L,0,26,188.9654962,0,-599.1277466,1024.467773,291.3199997,-0.012,-1.080000009,-0.420000004,-0.006967648,0.132717107,0.016589638,TRUE
9612,1000_radii_1,1000,L,0,26,188.9821734,0,-599.2522583,1024.516357,291.3129807,-0.012,-1.080000009,-0.420000004,-0.007018233,0.133680627,0.016710078,TRUE
9613,1000_radii_1,1000,L,0,26,188.9988608,0,-599.3766479,1024.564819,291.3059692,-0.012,-1.080000009,-0.420000004,-0.007008217,0.133489855,0.016686232,TRUE
9614,1000_radii_1,1000,L,0,26,189.0154839,0,-599.499939,1024.612915,291.2990265,-0.012,-1.080000009,-0.420000004,-0.006947364,0.132330733,0.016541342,TRUE
9615,1000_radii_1,1000,L,0,26,189.0321255,0,-599.6245728,1024.661499,291.2919998,-0.012,-1.080000009,-0.420000004,-0.007024065,0.13379171,0.016723964,TRUE
9616,1000_radii_1,1000,L,0,26,189.048787,0,-599.7487183,1024.709839,291.2850037,-0.012,-1.080000009,-0.420000004,-0.006994018,0.133219393,0.016652424,TRUE
9617,1000_radii_1,1000,L,0,26,189.0655372,0,-599.8731079,1024.758301,291.2779999,-0.012,-1.080000009,-0.420000004,-0.007008091,0.13348744,0.01668593,TRUE
9618,1000_radii_1,1000,L,0,26,189.0822542,0,-599.9979858,1024.806885,291.2709579,-0.012,-1.080000009,-0.420000004,-0.007036616,0.134030779,0.016753847,TRUE
9619,1000_radii_1,1000,L,0,26,189.0987962,0,-600.121521,1024.85498,291.2639999,-0.012,-1.080000009,-0.420000004,-0.006958013,0.132533579,0.016566697,TRUE
9620,1000_radii_1,1000,L,0,26,189.1154706,0,-600.2454834,1024.903198,291.2570114,-0.012,-1.080000009,-0.420000004,-0.006981847,0.132987569,0.016623446,TRUE
9621,1000_radii_1,1000,L,0,26,189.1320579,0,-600.3693848,1024.951416,291.2500458,-0.012,-1.080000009,-0.420000004,-0.006979058,0.132934442,0.016616805,TRUE
9622,1000_radii_1,1000,L,0,26,189.1487658,0,-600.4942017,1025,291.2430115,-0.012,-1.080000009,-0.420000004,-0.007031418,0.133931771,0.016741471,TRUE
9623,1000_radii_1,1000,L,0,26,189.1654433,0,-600.6185303,1025.04834,291.2360077,-0.012,-1.080000009,-0.420000004,-0.007004287,0.133414995,0.016676874,TRUE
9624,1000_radii_1,1000,L,0,26,189.1820885,0,-600.7425537,1025.096558,291.2290115,-0.012,-1.080000009,-0.420000004,-0.006986031,0.133067258,0.016633407,TRUE
9625,1000_radii_1,1000,L,0,26,189.1987512,0,-600.8668213,1025.144897,291.222023,-0.012,-1.080000009,-0.420000004,-0.007000104,0.133335305,0.016666913,TRUE
9626,1000_radii_1,1000,L,0,26,189.215432,0,-600.991272,1025.193237,291.2150116,-0.012,-1.080000009,-0.420000004,-0.007009739,0.133518833,0.016689854,TRUE
9627,1000_radii_1,1000,L,0,26,189.2322115,0,-601.1159058,1025.241577,291.2079926,-0.012,-1.080000009,-0.420000004,-0.00701874,0.133690287,0.016711286,TRUE
9628,1000_radii_1,1000,L,0,26,189.2487573,0,-601.239563,1025.289551,291.2010269,-0.012,-1.080000009,-0.420000004,-0.006964098,0.132649491,0.016581186,TRUE
9629,1000_radii_1,1000,L,0,26,189.2654158,0,-601.3640747,1025.337891,291.1940079,-0.012,-1.080000009,-0.420000004,-0.007009739,0.133518833,0.016689854,TRUE
9630,1000_radii_1,1000,L,0,26,189.2820688,0,-601.4882813,1025.386108,291.1870193,-0.012,-1.080000009,-0.420000004,-0.006995413,0.133245956,0.016655745,TRUE
9631,1000_radii_1,1000,L,0,26,189.2987382,0,-601.6123047,1025.434204,291.1800385,-0.012,-1.080000009,-0.420000004,-0.006983115,0.133011717,0.016626465,TRUE
9632,1000_radii_1,1000,L,0,26,189.3154784,0,-601.7374878,1025.482666,291.1729889,-0.012,-1.080000009,-0.420000004,-0.007048406,0.134255359,0.01678192,TRUE
9633,1000_radii_1,1000,L,0,26,189.3321179,0,-601.8616333,1025.530762,291.1659927,-0.012,-1.080000009,-0.420000004,-0.00698882,0.133120385,0.016640048,TRUE
9634,1000_radii_1,1000,L,0,26,189.348789,0,-601.9857788,1025.578857,291.1590042,-0.012,-1.080000009,-0.420000004,-0.006987933,0.133103481,0.016637935,TRUE
9635,1000_radii_1,1000,L,0,26,189.3654281,0,-602.1101685,1025.626953,291.1520157,-0.012,-1.080000009,-0.420000004,-0.007001371,0.133359454,0.016669932,TRUE
9636,1000_radii_1,1000,L,0,26,189.3820492,0,-602.2341919,1025.674927,291.1450348,-0.012,-1.080000009,-0.420000004,-0.006981594,0.132982739,0.016622842,TRUE
9637,1000_radii_1,1000,L,0,26,189.398759,0,-602.3585205,1025.723022,291.1380234,-0.012,-1.080000009,-0.420000004,-0.006997695,0.133289424,0.016661178,TRUE
9638,1000_radii_1,1000,L,0,26,189.4154002,0,-602.4827881,1025.771118,291.1310349,-0.012,-1.080000009,-0.420000004,-0.00699592,0.133255616,0.016656952,TRUE
9639,1000_radii_1,1000,L,0,26,189.43211,0,-602.607666,1025.819336,291.1240005,-0.012,-1.080000009,-0.420000004,-0.007027868,0.133864155,0.016733019,TRUE
9640,1000_radii_1,1000,L,0,26,189.4487959,0,-602.7321777,1025.867432,291.1170044,-0.012,-1.080000009,-0.420000004,-0.007008091,0.13348744,0.01668593,TRUE
9641,1000_radii_1,1000,L,0,26,189.4653765,0,-602.8557129,1025.915161,291.1100388,-0.012,-1.080000009,-0.420000004,-0.006954083,0.132458719,0.01655734,TRUE
9642,1000_radii_1,1000,L,0,26,189.4821952,0,-602.9813843,1025.963745,291.1029739,-0.012,-1.080000009,-0.420000004,-0.007073509,0.134733497,0.016841687,TRUE
9643,1000_radii_1,1000,L,0,26,189.498729,0,-603.1047974,1026.011353,291.0960236,-0.012,-1.080000009,-0.420000004,-0.006944574,0.132277606,0.016534701,TRUE
9644,1000_radii_1,1000,L,0,26,189.5154095,0,-603.2288208,1026.059204,291.0890427,-0.012,-1.080000009,-0.420000004,-0.00697741,0.132903049,0.016612881,TRUE
9645,1000_radii_1,1000,L,0,26,189.5321712,0,-603.3544312,1026.107666,291.0819855,-0.012,-1.080000009,-0.420000004,-0.007068691,0.134641733,0.016830217,TRUE
9646,1000_radii_1,1000,L,0,26,189.5487585,0,-603.4783325,1026.155396,291.0750122,-0.012,-1.080000009,-0.420000004,-0.006969803,0.132758159,0.01659477,TRUE
9647,1000_radii_1,1000,L,0,26,189.5654625,0,-603.6025391,1026.203247,291.0680237,-0.012,-1.080000009,-0.420000004,-0.006989201,0.133127629,0.016640954,TRUE
9648,1000_radii_1,1000,L,0,26,189.5820959,0,-603.7269287,1026.251221,291.0610199,-0.012,-1.080000009,-0.420000004,-0.006998836,0.133311157,0.016663895,TRUE
9649,1000_radii_1,1000,L,0,26,189.5988187,0,-603.8518066,1026.299316,291.0540009,-0.012,-1.080000009,-0.420000004,-0.007025967,0.133827932,0.016728492,TRUE
9650,1000_radii_1,1000,L,0,26,189.6154312,0,-603.9760132,1026.347168,291.04702,-0.012,-1.080000009,-0.420000004,-0.006987679,0.133098651,0.016637331,TRUE
9651,1000_radii_1,1000,L,0,26,189.632093,0,-604.1002197,1026.394897,291.0400238,-0.012,-1.080000009,-0.420000004,-0.00698527,0.133052769,0.016631596,TRUE
9652,1000_radii_1,1000,L,0,26,189.6488399,0,-604.2255249,1026.443115,291.0329819,-0.012,-1.080000009,-0.420000004,-0.007047519,0.134238455,0.016779807,TRUE
9653,1000_radii_1,1000,L,0,26,189.6654552,0,-604.3494873,1026.490845,291.026001,-0.012,-1.080000009,-0.420000004,-0.006973226,0.13282336,0.01660292,TRUE
9654,1000_radii_1,1000,L,0,26,189.6821505,0,-604.4740601,1026.538696,291.0190048,-0.012,-1.080000009,-0.420000004,-0.007004921,0.133427069,0.016678384,TRUE
9655,1000_radii_1,1000,L,0,26,189.698783,0,-604.5982666,1026.586426,291.0120163,-0.012,-1.080000009,-0.420000004,-0.006984129,0.133031036,0.016628879,TRUE
9656,1000_radii_1,1000,L,0,26,189.7154708,0,-604.7231445,1026.634399,291.0044098,-0.013,-1.170000024,-0.455000009,-0.007607618,0.133760317,0.01672004,TRUE
9657,1000_radii_1,1000,L,0,26,189.7321679,0,-604.8475952,1026.682129,290.9968262,-0.013,-1.170000024,-0.455000009,-0.007581248,0.133296668,0.016662084,TRUE
9658,1000_radii_1,1000,L,0,26,189.7488529,0,-604.9724121,1026.72998,290.9886398,-0.014,-1.260000039,-0.490000015,-0.008187199,0.133668553,0.016708569,TRUE
9659,1000_radii_1,1000,L,0,26,189.7654344,0,-605.0960083,1026.777466,290.9805298,-0.014,-1.260000039,-0.490000015,-0.008109991,0.132408007,0.016551001,TRUE
9660,1000_radii_1,1000,L,0,26,189.7821463,0,-605.2211304,1026.825439,290.9723129,-0.014,-1.260000039,-0.490000015,-0.00820909,0.134025949,0.016753244,TRUE
9661,1000_radii_1,1000,L,0,26,189.798735,0,-605.3450317,1026.872925,290.9641953,-0.014,-1.260000039,-0.490000015,-0.008129219,0.132721936,0.016590242,TRUE
9662,1000_radii_1,1000,L,0,26,189.8154025,0,-605.4692993,1026.920532,290.9560318,-0.014,-1.260000039,-0.490000015,-0.008150666,0.133072088,0.016634011,TRUE
9663,1000_radii_1,1000,L,0,26,189.8321974,0,-605.5950317,1026.968628,290.9472046,-0.015,-1.34999997,-0.524999988,-0.008833962,0.134612755,0.016826594,TRUE
9664,1000_radii_1,1000,L,0,26,189.8487665,0,-605.7183838,1027.015869,290.9385452,-0.015,-1.34999997,-0.524999988,-0.008665821,0.132050611,0.016506326,TRUE
9665,1000_radii_1,1000,L,0,26,189.8654651,0,-605.8436279,1027.063843,290.9297409,-0.015,-1.34999997,-0.524999988,-0.008799256,0.134083905,0.016760488,TRUE
9666,1000_radii_1,1000,L,0,26,189.8820928,0,-605.9678345,1027.111328,290.9210129,-0.015,-1.34999997,-0.524999988,-0.008726358,0.13297308,0.016621635,TRUE
9667,1000_radii_1,1000,L,0,26,189.8987902,0,-606.0924683,1027.158936,290.9122543,-0.015,-1.34999997,-0.524999988,-0.008755359,0.133414995,0.016676874,TRUE
9668,1000_radii_1,1000,L,0,26,189.9153998,0,-606.2165527,1027.206299,290.9035416,-0.015,-1.34999997,-0.524999988,-0.008718118,0.132847508,0.016605939,TRUE
9669,1000_radii_1,1000,L,0,26,189.9321276,0,-606.3417358,1027.25415,290.8947525,-0.015,-1.34999997,-0.524999988,-0.008794026,0.134004216,0.016750527,TRUE
9670,1000_radii_1,1000,L,0,26,189.9487927,0,-606.4663086,1027.301758,290.885994,-0.015,-1.34999997,-0.524999988,-0.008751872,0.133361869,0.016670234,TRUE
9671,1000_radii_1,1000,L,0,26,189.9654307,0,-606.5904541,1027.349121,290.8772736,-0.015,-1.34999997,-0.524999988,-0.008719068,0.132861997,0.01660775,TRUE
9672,1000_radii_1,1000,L,0,26,189.9821405,0,-606.7156372,1027.396851,290.8684769,-0.015,-1.34999997,-0.524999988,-0.008790699,0.133953504,0.016744188,TRUE
9673,1000_radii_1,1000,L,0,26,189.9987573,0,-606.8398438,1027.444214,290.8597641,-0.015,-1.34999997,-0.524999988,-0.00872414,0.132939272,0.016617409,TRUE
9674,1000_radii_1,1000,L,0,26,190.0154094,0,-606.9637451,1027.491455,290.851059,-0.015,-1.34999997,-0.524999988,-0.008701161,0.13258912,0.01657364,TRUE
9675,1000_radii_1,1000,L,0,26,190.0321083,0,-607.0891113,1027.539185,290.8422546,-0.015,-1.34999997,-0.524999988,-0.008802743,0.134137032,0.016767129,TRUE
9676,1000_radii_1,1000,L,0,26,190.0487136,0,-607.2133179,1027.586426,290.8335342,-0.015,-1.34999997,-0.524999988,-0.008723347,0.132927198,0.0166159,TRUE
9677,1000_radii_1,1000,L,0,26,190.065546,0,-607.3386841,1027.634155,290.8247375,-0.015,-1.34999997,-0.524999988,-0.008801475,0.134117713,0.016764714,TRUE
9678,1000_radii_1,1000,L,0,26,190.08216,0,-607.4631348,1027.681519,290.8159943,-0.015,-1.34999997,-0.524999988,-0.008737927,0.133149363,0.01664367,TRUE
9679,1000_radii_1,1000,L,0,26,190.0987382,0,-607.5873413,1027.72876,290.8072815,-0.015,-1.34999997,-0.524999988,-0.008718276,0.132849923,0.01660624,TRUE
9680,1000_radii_1,1000,L,0,26,190.1153991,0,-607.7120361,1027.776123,290.7985153,-0.015,-1.34999997,-0.524999988,-0.008752189,0.133366698,0.016670837,TRUE
9681,1000_radii_1,1000,L,0,26,190.1320479,0,-607.8363037,1027.823364,290.7898026,-0.015,-1.34999997,-0.524999988,-0.00872414,0.132939272,0.016617409,TRUE
9682,1000_radii_1,1000,L,0,26,190.1487073,0,-607.9611206,1027.870728,290.7810364,-0.015,-1.34999997,-0.524999988,-0.008762649,0.133526078,0.01669076,TRUE
9683,1000_radii_1,1000,L,0,26,190.1653953,0,-608.0859375,1027.918091,290.7722778,-0.015,-1.34999997,-0.524999988,-0.008761381,0.133506759,0.016688345,TRUE
9684,1000_radii_1,1000,L,0,26,190.1821181,0,-608.2105103,1027.965332,290.7635345,-0.015,-1.34999997,-0.524999988,-0.008742047,0.133212149,0.016651519,TRUE
9685,1000_radii_1,1000,L,0,26,190.1987457,0,-608.335022,1028.012573,290.7547989,-0.015,-1.34999997,-0.524999988,-0.008736817,0.133132459,0.016641557,TRUE
9686,1000_radii_1,1000,L,0,26,190.2155198,0,-608.4609375,1028.060303,290.7459564,-0.015,-1.34999997,-0.524999988,-0.008835071,0.134629659,0.016828707,TRUE
9687,1000_radii_1,1000,L,0,26,190.2322118,0,-608.5849609,1028.1073,290.7372589,-0.015,-1.34999997,-0.524999988,-0.008701478,0.13259395,0.016574244,TRUE
9688,1000_radii_1,1000,L,0,26,190.2487401,0,-608.7092896,1028.154419,290.7285385,-0.015,-1.34999997,-0.524999988,-0.008722555,0.132915124,0.01661439,TRUE
9689,1000_radii_1,1000,L,0,26,190.2654415,0,-608.8344727,1028.201782,290.7197495,-0.015,-1.34999997,-0.524999988,-0.008785627,0.133876229,0.016734529,TRUE
9690,1000_radii_1,1000,L,0,26,190.2820951,0,-608.9584351,1028.248657,290.7110596,-0.015,-1.34999997,-0.524999988,-0.008698625,0.132550483,0.01656881,TRUE
9691,1000_radii_1,1000,L,0,26,190.2987505,0,-609.0831299,1028.295776,290.7023087,-0.015,-1.34999997,-0.524999988,-0.008746801,0.133284594,0.016660574,TRUE
9692,1000_radii_1,1000,L,0,26,190.3154011,0,-609.208313,1028.34314,290.6935272,-0.015,-1.34999997,-0.524999988,-0.008782616,0.133830347,0.016728793,TRUE
9693,1000_radii_1,1000,L,0,26,190.3320379,0,-609.3327637,1028.390137,290.6847992,-0.015,-1.34999997,-0.524999988,-0.00873032,0.133033451,0.016629181,TRUE
9694,1000_radii_1,1000,L,0,26,190.3487277,0,-609.4573364,1028.437134,290.6760559,-0.015,-1.34999997,-0.524999988,-0.008739828,0.133178341,0.016647293,TRUE
9695,1000_radii_1,1000,L,0,26,190.3654324,0,-609.5824585,1028.484375,290.6672745,-0.015,-1.34999997,-0.524999988,-0.008778496,0.133767562,0.016720945,TRUE
9696,1000_radii_1,1000,L,0,26,190.3820453,0,-609.7070923,1028.531372,290.6585388,-0.015,-1.34999997,-0.524999988,-0.008740779,0.13319283,0.016649104,TRUE
9697,1000_radii_1,1000,L,0,26,190.3987445,0,-609.8320923,1028.578491,290.6497726,-0.015,-1.34999997,-0.524999988,-0.008767403,0.133598523,0.016699815,TRUE
9698,1000_radii_1,1000,L,0,26,190.4154512,0,-609.9569092,1028.625488,290.6410141,-0.015,-1.34999997,-0.524999988,-0.008752348,0.133369113,0.016671139,TRUE
9699,1000_radii_1,1000,L,0,26,190.4321118,0,-610.0819092,1028.672607,290.6322556,-0.015,-1.34999997,-0.524999988,-0.008764392,0.133552641,0.01669408,TRUE
9700,1000_radii_1,1000,L,0,26,190.4487651,0,-610.206604,1028.719604,290.6235046,-0.015,-1.34999997,-0.524999988,-0.008744107,0.133243542,0.016655443,TRUE
9701,1000_radii_1,1000,L,0,26,190.4654843,0,-610.331543,1028.766602,290.6147461,-0.015,-1.34999997,-0.524999988,-0.008760905,0.133499514,0.016687439,TRUE
9702,1000_radii_1,1000,L,0,26,190.4820893,0,-610.4561157,1028.813477,290.6060181,-0.015,-1.34999997,-0.524999988,-0.008732856,0.133072088,0.016634011,TRUE
9703,1000_radii_1,1000,L,0,26,190.4987299,0,-610.5801392,1028.860107,290.5973206,-0.015,-1.34999997,-0.524999988,-0.008693237,0.132468378,0.016558547,TRUE
9704,1000_radii_1,1000,L,0,26,190.5154382,0,-610.7054443,1028.907227,290.5885391,-0.015,-1.34999997,-0.524999988,-0.00878436,0.133856911,0.016732114,TRUE
9705,1000_radii_1,1000,L,0,26,190.5321205,0,-610.8306274,1028.954224,290.5797577,-0.015,-1.34999997,-0.524999988,-0.008774217,0.133702361,0.016712795,TRUE
9706,1000_radii_1,1000,L,0,26,190.5487147,0,-610.9551392,1029.000977,290.5710373,-0.015,-1.34999997,-0.524999988,-0.008727309,0.132987569,0.016623446,TRUE
9707,1000_radii_1,1000,L,0,26,190.5654187,0,-611.0802612,1029.047974,290.5622559,-0.015,-1.34999997,-0.524999988,-0.00876978,0.133634745,0.016704343,TRUE
9708,1000_radii_1,1000,L,0,26,190.5820588,0,-611.2046509,1029.094604,290.5535507,-0.015,-1.34999997,-0.524999988,-0.008718118,0.132847508,0.016605939,TRUE
9709,1000_radii_1,1000,L,0,26,190.5986336,0,-611.3289795,1029.141235,290.5448303,-0.015,-1.34999997,-0.524999988,-0.008715423,0.132806456,0.016600807,TRUE
9710,1000_radii_1,1000,L,0,26,190.6155713,0,-611.4558716,1029.188721,290.5359421,-0.015,-1.34999997,-0.524999988,-0.008890854,0.135479682,0.01693496,TRUE
9711,1000_radii_1,1000,L,0,26,190.6321652,0,-611.5796509,1029.235107,290.5272598,-0.015,-1.34999997,-0.524999988,-0.008674537,0.132183428,0.016522928,TRUE
9712,1000_radii_1,1000,L,0,26,190.6487041,0,-611.7041016,1029.281738,290.5185547,-0.015,-1.34999997,-0.524999988,-0.008720495,0.132883731,0.016610466,TRUE
9713,1000_radii_1,1000,L,0,26,190.6654875,0,-611.829895,1029.328857,290.5097275,-0.015,-1.34999997,-0.524999988,-0.008815896,0.134337463,0.016792183,TRUE
9714,1000_radii_1,1000,L,0,26,190.6820983,0,-611.9538574,1029.375244,290.5010452,-0.015,-1.34999997,-0.524999988,-0.008686264,0.132362126,0.016545266,TRUE
9715,1000_radii_1,1000,L,0,26,190.6987175,0,-612.0786133,1029.421875,290.4923019,-0.015,-1.34999997,-0.524999988,-0.008742206,0.133214564,0.01665182,TRUE
9716,1000_radii_1,1000,L,0,26,190.7153627,0,-612.2036133,1029.468628,290.4835434,-0.015,-1.34999997,-0.524999988,-0.008755993,0.133424654,0.016678082,TRUE
9717,1000_radii_1,1000,L,0,26,190.7320722,0,-612.3288574,1029.515381,290.4747696,-0.015,-1.34999997,-0.524999988,-0.008773425,0.133690287,0.016711286,TRUE
9718,1000_radii_1,1000,L,0,26,190.7487874,0,-612.4534912,1029.56189,290.4660339,-0.015,-1.34999997,-0.524999988,-0.008732539,0.133067258,0.016633407,TRUE
9719,1000_radii_1,1000,L,0,26,190.7653646,0,-612.5783691,1029.608521,290.4572983,-0.015,-1.34999997,-0.524999988,-0.008745375,0.13326286,0.016657858,TRUE
9720,1000_radii_1,1000,L,0,26,190.7820632,0,-612.7035522,1029.655151,290.4485245,-0.015,-1.34999997,-0.524999988,-0.008766769,0.133588863,0.016698608,TRUE
9721,1000_radii_1,1000,L,0,26,190.798722,0,-612.8278809,1029.701538,290.4398193,-0.015,-1.34999997,-0.524999988,-0.008707658,0.132688129,0.016586016,TRUE
9722,1000_radii_1,1000,L,0,26,190.8153708,0,-612.9530029,1029.748169,290.4310608,-0.015,-1.34999997,-0.524999988,-0.008762173,0.133518833,0.016689854,TRUE
9723,1000_radii_1,1000,L,0,26,190.8320848,0,-613.0785522,1029.794922,290.4222641,-0.015,-1.34999997,-0.524999988,-0.008791174,0.133960749,0.016745094,TRUE
9724,1000_radii_1,1000,L,0,26,190.84872,0,-613.2033081,1029.841309,290.4135284,-0.015,-1.34999997,-0.524999988,-0.008734599,0.133098651,0.016637331,TRUE
9725,1000_radii_1,1000,L,0,26,190.8654066,0,-613.328186,1029.887817,290.4047928,-0.015,-1.34999997,-0.524999988,-0.008742364,0.133216978,0.016652122,TRUE
9726,1000_radii_1,1000,L,0,26,190.88203,0,-613.453064,1029.934326,290.3960419,-0.015,-1.34999997,-0.524999988,-0.0087449,0.133255616,0.016656952,TRUE
9727,1000_radii_1,1000,L,0,26,190.8986761,0,-613.5778809,1029.980713,290.3873062,-0.015,-1.34999997,-0.524999988,-0.008739987,0.133180756,0.016647594,TRUE
9728,1000_radii_1,1000,L,0,26,190.9153512,0,-613.7026978,1030.0271,290.3785706,-0.015,-1.34999997,-0.524999988,-0.008736976,0.133134874,0.016641859,TRUE
9729,1000_radii_1,1000,L,0,26,190.9320314,0,-613.8280029,1030.073608,290.3697891,-0.015,-1.34999997,-0.524999988,-0.008774217,0.133702361,0.016712795,TRUE
9730,1000_radii_1,1000,L,0,26,190.9489724,0,-613.9549561,1030.120728,290.3609085,-0.015,-1.34999997,-0.524999988,-0.008885466,0.135397577,0.016924697,TRUE
9731,1000_radii_1,1000,L,0,26,190.965495,0,-614.0784912,1030.166504,290.3522644,-0.015,-1.34999997,-0.524999988,-0.008645537,0.131741512,0.016467689,TRUE
9732,1000_radii_1,1000,L,0,26,190.9820224,0,-614.2027588,1030.212646,290.3435669,-0.015,-1.34999997,-0.524999988,-0.008697041,0.132526335,0.016565792,TRUE
9733,1000_radii_1,1000,L,0,26,190.9986718,0,-614.3278809,1030.259033,290.3348083,-0.015,-1.34999997,-0.524999988,-0.008757736,0.133451218,0.016681402,TRUE
9734,1000_radii_1,1000,L,0,26,191.0153318,0,-614.4528809,1030.305298,290.3260498,-0.015,-1.34999997,-0.524999988,-0.008747435,0.133294253,0.016661782,TRUE
9735,1000_radii_1,1000,L,0,26,191.0320102,0,-614.5777588,1030.351563,290.3173141,-0.015,-1.34999997,-0.524999988,-0.008738085,0.133151778,0.016643972,TRUE
9736,1000_radii_1,1000,L,0,26,191.0486711,0,-614.7029419,1030.397949,290.3085632,-0.015,-1.34999997,-0.524999988,-0.008760113,0.13348744,0.01668593,TRUE
9737,1000_radii_1,1000,L,0,26,191.0653407,0,-614.8280029,1030.444214,290.2998123,-0.015,-1.34999997,-0.524999988,-0.008752031,0.133364284,0.016670535,TRUE
9738,1000_radii_1,1000,L,0,26,191.0821776,0,-614.9537354,1030.490723,290.2910156,-0.015,-1.34999997,-0.524999988,-0.008798464,0.134071831,0.016758979,TRUE
9739,1000_radii_1,1000,L,0,26,191.0986784,0,-615.078125,1030.536743,290.2823105,-0.015,-1.34999997,-0.524999988,-0.00870227,0.132606024,0.016575753,TRUE
9740,1000_radii_1,1000,L,0,26,191.1153526,0,-615.2033081,1030.583008,290.2735519,-0.015,-1.34999997,-0.524999988,-0.008759321,0.133475366,0.016684421,TRUE
9741,1000_radii_1,1000,L,0,26,191.1321052,0,-615.3286743,1030.629272,290.2647781,-0.015,-1.34999997,-0.524999988,-0.008770414,0.133644405,0.016705551,TRUE
9742,1000_radii_1,1000,L,0,26,191.1487311,0,-615.4535522,1030.675415,290.2560425,-0.015,-1.34999997,-0.524999988,-0.00873555,0.13311314,0.016639143,TRUE
9743,1000_radii_1,1000,L,0,26,191.1653675,0,-615.5780029,1030.721313,290.2473373,-0.015,-1.34999997,-0.524999988,-0.008706707,0.13267364,0.016584205,TRUE
9744,1000_radii_1,1000,L,0,26,191.1821021,0,-615.7042236,1030.767822,290.2385101,-0.015,-1.34999997,-0.524999988,-0.008829842,0.134549969,0.016818746,TRUE
9745,1000_radii_1,1000,L,0,26,191.1986926,0,-615.8284912,1030.813599,290.2298126,-0.015,-1.34999997,-0.524999988,-0.008692445,0.132456304,0.016557038,TRUE
9746,1000_radii_1,1000,L,0,26,191.2154308,0,-615.9544067,1030.859985,290.2210007,-0.015,-1.34999997,-0.524999988,-0.008805595,0.134180499,0.016772562,TRUE
9747,1000_radii_1,1000,L,0,26,191.2320279,0,-616.0789795,1030.905884,290.2122955,-0.015,-1.34999997,-0.524999988,-0.008713046,0.132770233,0.016596279,TRUE
9748,1000_radii_1,1000,L,0,26,191.2487836,0,-616.2042236,1030.952026,290.2035294,-0.015,-1.34999997,-0.524999988,-0.008759321,0.133475366,0.016684421,TRUE
9749,1000_radii_1,1000,L,0,26,191.2653741,0,-616.3292847,1030.998047,290.1947937,-0.015,-1.34999997,-0.524999988,-0.008746801,0.133284594,0.016660574,TRUE
9750,1000_radii_1,1000,L,0,26,191.2820248,0,-616.4542236,1031.044067,290.1860504,-0.015,-1.34999997,-0.524999988,-0.008738085,0.133151778,0.016643972,TRUE
9751,1000_radii_1,1000,L,0,26,191.2986917,0,-616.5791016,1031.089966,290.1773224,-0.015,-1.34999997,-0.524999988,-0.008730478,0.133035865,0.016629483,TRUE
9752,1000_radii_1,1000,L,0,26,191.3153148,0,-616.7040405,1031.135864,290.1685867,-0.015,-1.34999997,-0.524999988,-0.008736184,0.1331228,0.01664035,TRUE
9753,1000_radii_1,1000,L,0,26,191.3320017,0,-616.8295288,1031.182007,290.1598129,-0.015,-1.34999997,-0.524999988,-0.008771206,0.133656479,0.01670706,TRUE
9754,1000_radii_1,1000,L,0,26,191.3486987,0,-616.9543457,1031.227783,290.1510849,-0.015,-1.34999997,-0.524999988,-0.008726834,0.132980324,0.016622541,TRUE
9755,1000_radii_1,1000,L,0,26,191.3654837,0,-617.0805054,1031.274048,290.1422729,-0.015,-1.34999997,-0.524999988,-0.008817639,0.134364027,0.016795503,TRUE
9756,1000_radii_1,1000,L,0,26,191.3820169,0,-617.2051392,1031.319824,290.1335602,-0.015,-1.34999997,-0.524999988,-0.008713363,0.132775063,0.016596883,TRUE
9757,1000_radii_1,1000,L,0,26,191.3986446,0,-617.3300171,1031.365601,290.1248245,-0.015,-1.34999997,-0.524999988,-0.008729528,0.133021376,0.016627672,TRUE
9758,1000_radii_1,1000,L,0,26,191.4153619,0,-617.4551392,1031.411499,290.1160812,-0.015,-1.34999997,-0.524999988,-0.0087449,0.133255616,0.016656952,TRUE
9759,1000_radii_1,1000,L,0,26,191.4320185,0,-617.5805664,1031.457397,290.1073151,-0.015,-1.34999997,-0.524999988,-0.008764075,0.133547811,0.016693476,TRUE
9760,1000_radii_1,1000,L,0,26,191.4486586,0,-617.7058105,1031.503296,290.0985565,-0.015,-1.34999997,-0.524999988,-0.008752823,0.133376358,0.016672045,TRUE
9761,1000_radii_1,1000,L,0,26,191.4653433,0,-617.8311768,1031.549194,290.089798,-0.015,-1.34999997,-0.524999988,-0.008759479,0.133477781,0.016684723,TRUE
9762,1000_radii_1,1000,L,0,26,191.482035,0,-617.9563599,1031.594971,290.0810623,-0.015,-1.34999997,-0.524999988,-0.008747118,0.133289424,0.016661178,TRUE
9763,1000_radii_1,1000,L,0,27,191.4988329,0,-618.0827637,1031.641235,290.0722198,-0.015,-1.34999997,-0.524999988,-0.008831743,0.134578947,0.016822368,FALSE
9764,1000_radii_1,1000,L,0,27,191.5157304,0,-618.2097778,1031.687622,290.0633469,-0.015,-1.34999997,-0.524999988,-0.008874056,0.135223709,0.016902964,FALSE
9765,1000_radii_1,1000,L,0,27,191.5317507,0,-618.3302002,1031.731567,290.0549393,-0.015,-1.34999997,-0.524999988,-0.008411788,0.128179625,0.016022453,FALSE
9766,1000_radii_1,1000,L,0,27,191.5484273,0,-618.4555054,1031.777344,290.0461807,-0.015,-1.34999997,-0.524999988,-0.008753933,0.133393262,0.016674158,FALSE
9767,1000_radii_1,1000,L,0,27,191.5651718,0,-618.5813599,1031.823242,290.0373993,-0.015,-1.34999997,-0.524999988,-0.008790699,0.133953504,0.016744188,FALSE
9768,1000_radii_1,1000,L,0,27,191.5818994,0,-618.7070313,1031.869019,290.0286179,-0.015,-1.34999997,-0.524999988,-0.008777387,0.133750658,0.016718832,FALSE
9769,1000_radii_1,1000,L,0,27,191.5984863,0,-618.8317871,1031.914551,290.0198975,-0.015,-1.34999997,-0.524999988,-0.008712888,0.132767818,0.016595977,FALSE
9770,1000_radii_1,1000,L,0,27,191.6152076,0,-618.9574585,1031.960327,290.0111313,-0.015,-1.34999997,-0.524999988,-0.008776753,0.133740998,0.016717625,FALSE
9771,1000_radii_1,1000,L,0,27,191.6318464,0,-619.0825195,1032.005859,290.0023956,-0.015,-1.34999997,-0.524999988,-0.00873444,0.133096236,0.01663703,FALSE
9772,1000_radii_1,1000,L,0,27,191.6484994,0,-619.2077637,1032.051392,289.9936447,-0.015,-1.34999997,-0.524999988,-0.008745217,0.133260445,0.016657556,FALSE
9773,1000_radii_1,1000,L,0,27,191.6651135,0,-619.3326416,1032.096802,289.9849167,-0.015,-1.34999997,-0.524999988,-0.008722555,0.132915124,0.01661439,FALSE
9774,1000_radii_1,1000,L,0,27,191.6817503,0,-619.4577026,1032.142334,289.9762039,-0.015,-1.34999997,-0.524999988,-0.008734599,0.133098651,0.016637331,FALSE
9775,1000_radii_1,1000,L,0,27,191.6984978,0,-619.5836182,1032.18811,289.9673996,-0.015,-1.34999997,-0.524999988,-0.008791966,0.133972823,0.016746603,FALSE
9776,1000_radii_1,1000,L,0,27,191.7151131,0,-619.7085571,1032.233521,289.9586792,-0.015,-1.34999997,-0.524999988,-0.008722872,0.132919953,0.016614994,FALSE
9777,1000_radii_1,1000,L,0,27,191.73176,0,-619.8337402,1032.278931,289.9499359,-0.015,-1.34999997,-0.524999988,-0.008740145,0.133183171,0.016647896,FALSE
9778,1000_radii_1,1000,L,0,27,191.7484707,0,-619.9594116,1032.324585,289.9411621,-0.015,-1.34999997,-0.524999988,-0.008774059,0.133699946,0.016712493,FALSE
9779,1000_radii_1,1000,L,0,27,191.7651186,0,-620.0845947,1032.369995,289.9324188,-0.015,-1.34999997,-0.524999988,-0.00873967,0.133175926,0.016646991,FALSE
9780,1000_radii_1,1000,L,0,27,191.7817544,0,-620.2097168,1032.415405,289.9236832,-0.015,-1.34999997,-0.524999988,-0.008733648,0.133084162,0.01663552,FALSE
9781,1000_radii_1,1000,L,0,27,191.7984162,0,-620.335022,1032.460815,289.9149399,-0.015,-1.34999997,-0.524999988,-0.008747435,0.133294253,0.016661782,FALSE
9782,1000_radii_1,1000,L,0,27,191.8151658,0,-620.4609985,1032.50647,289.9061508,-0.015,-1.34999997,-0.524999988,-0.008794502,0.13401146,0.016751433,FALSE
9783,1000_radii_1,1000,L,0,27,191.8318147,0,-620.5862427,1032.551758,289.8974075,-0.015,-1.34999997,-0.524999988,-0.008739511,0.133173511,0.016646689,FALSE
9784,1000_radii_1,1000,L,0,27,191.8484846,0,-620.7116089,1032.597168,289.8886566,-0.015,-1.34999997,-0.524999988,-0.008751239,0.133352209,0.016669026,FALSE
9785,1000_radii_1,1000,L,0,27,191.8651753,0,-620.8371582,1032.642578,289.8798981,-0.015,-1.34999997,-0.524999988,-0.00876249,0.133523663,0.016690458,FALSE
9786,1000_radii_1,1000,L,0,27,191.8817743,0,-620.9620361,1032.687744,289.8711777,-0.015,-1.34999997,-0.524999988,-0.008715423,0.132806456,0.016600807,FALSE
9787,1000_radii_1,1000,L,0,27,191.8984213,0,-621.0872803,1032.733032,289.8624344,-0.015,-1.34999997,-0.524999988,-0.008739511,0.133173511,0.016646689,FALSE
9788,1000_radii_1,1000,L,0,27,191.9151124,0,-621.2128906,1032.778442,289.8536758,-0.015,-1.34999997,-0.524999988,-0.008763283,0.133535737,0.016691967,FALSE
9789,1000_radii_1,1000,L,0,27,191.9318152,0,-621.338562,1032.823853,289.8449097,-0.015,-1.34999997,-0.524999988,-0.008768829,0.133620256,0.016702532,FALSE
9790,1000_radii_1,1000,L,0,27,191.9484507,0,-621.4636841,1032.869019,289.8361816,-0.015,-1.34999997,-0.524999988,-0.008730003,0.133028621,0.016628578,FALSE
9791,1000_radii_1,1000,L,0,27,191.965165,0,-621.5895386,1032.914429,289.8274002,-0.015,-1.34999997,-0.524999988,-0.008778338,0.133765147,0.016720643,FALSE
9792,1000_radii_1,1000,L,0,27,191.9817643,0,-621.7144775,1032.959473,289.8186874,-0.015,-1.34999997,-0.524999988,-0.008715107,0.132801626,0.016600203,FALSE
9793,1000_radii_1,1000,L,0,27,191.9984165,0,-621.8397827,1033.004639,289.8099442,-0.015,-1.34999997,-0.524999988,-0.008742681,0.133221808,0.016652726,FALSE
9794,1000_radii_1,1000,L,0,27,192.0151075,0,-621.9653931,1033.049927,289.8011703,-0.015,-1.34999997,-0.524999988,-0.008762173,0.133518833,0.016689854,FALSE
9795,1000_radii_1,1000,L,0,27,192.0317446,0,-622.0906372,1033.094971,289.7924423,-0.015,-1.34999997,-0.524999988,-0.008734916,0.133103481,0.016637935,FALSE
9796,1000_radii_1,1000,L,0,27,192.0484749,0,-622.2165527,1033.140259,289.7836609,-0.015,-1.34999997,-0.524999988,-0.008782616,0.133830347,0.016728793,FALSE
9797,1000_radii_1,1000,L,0,27,192.0651548,0,-622.3421021,1033.185425,289.77491,-0.015,-1.34999997,-0.524999988,-0.00875631,0.133429484,0.016678686,FALSE
9798,1000_radii_1,1000,L,0,27,192.081802,0,-622.4674072,1033.230469,289.7661591,-0.015,-1.34999997,-0.524999988,-0.008738878,0.133163852,0.016645481,FALSE
9799,1000_radii_1,1000,L,0,27,192.0984659,0,-622.5928955,1033.275513,289.7574081,-0.015,-1.34999997,-0.524999988,-0.008749495,0.133325646,0.016665706,FALSE
9800,1000_radii_1,1000,L,0,27,192.1152032,0,-622.7189331,1033.320801,289.7486343,-0.015,-1.34999997,-0.524999988,-0.008787529,0.133905207,0.016738151,FALSE
9801,1000_radii_1,1000,L,0,27,192.1317306,0,-622.8433838,1033.365479,289.7399521,-0.015,-1.34999997,-0.524999988,-0.008677707,0.132231724,0.016528966,FALSE
9802,1000_radii_1,1000,L,0,27,192.148396,0,-622.9688721,1033.410522,289.7312012,-0.015,-1.34999997,-0.524999988,-0.008749337,0.133323231,0.016665404,FALSE
9803,1000_radii_1,1000,L,0,27,192.1650968,0,-623.0946045,1033.455566,289.722435,-0.015,-1.34999997,-0.524999988,-0.008766769,0.133588863,0.016698608,FALSE
9804,1000_radii_1,1000,L,0,27,192.1818509,0,-623.2206421,1033.500732,289.7136459,-0.015,-1.34999997,-0.524999988,-0.008788321,0.133917282,0.01673966,FALSE
9805,1000_radii_1,1000,L,0,27,192.1984798,0,-623.3460083,1033.545654,289.7049103,-0.015,-1.34999997,-0.524999988,-0.00873761,0.133144533,0.016643067,FALSE
9806,1000_radii_1,1000,L,0,27,192.2150975,0,-623.4711304,1033.590454,289.6961823,-0.015,-1.34999997,-0.524999988,-0.008723981,0.132936857,0.016617107,FALSE
9807,1000_radii_1,1000,L,0,27,192.231768,0,-623.5966797,1033.635376,289.6874313,-0.015,-1.34999997,-0.524999988,-0.008752189,0.133366698,0.016670837,FALSE
9808,1000_radii_1,1000,L,0,27,192.2485071,0,-623.7227173,1033.68042,289.6786499,-0.015,-1.34999997,-0.524999988,-0.008785944,0.133881059,0.016735132,FALSE
9809,1000_radii_1,1000,L,0,27,192.2650992,0,-623.8477173,1033.725098,289.6699371,-0.015,-1.34999997,-0.524999988,-0.008712729,0.132765404,0.016595675,FALSE
9810,1000_radii_1,1000,L,0,27,192.2817407,0,-623.9730835,1033.769897,289.6612015,-0.015,-1.34999997,-0.524999988,-0.008737134,0.133137289,0.016642161,FALSE
9811,1000_radii_1,1000,L,0,27,192.298401,0,-624.0986328,1033.814697,289.6524429,-0.015,-1.34999997,-0.524999988,-0.008747594,0.133296668,0.016662084,FALSE
9812,1000_radii_1,1000,L,0,27,192.3151047,0,-624.2244873,1033.859619,289.6436844,-0.015,-1.34999997,-0.524999988,-0.008768988,0.133622671,0.016702834,FALSE
9813,1000_radii_1,1000,L,0,27,192.3318142,0,-624.3504028,1033.904541,289.6349106,-0.015,-1.34999997,-0.524999988,-0.008772157,0.133670968,0.016708871,FALSE
9814,1000_radii_1,1000,L,0,27,192.3484509,0,-624.475769,1033.949219,289.6261749,-0.015,-1.34999997,-0.524999988,-0.008734282,0.133093822,0.016636728,FALSE
9815,1000_radii_1,1000,L,0,27,192.3650991,0,-624.6011963,1033.993896,289.6174316,-0.015,-1.34999997,-0.524999988,-0.008740145,0.133183171,0.016647896,FALSE
9816,1000_radii_1,1000,L,0,27,192.3817199,0,-624.7264404,1034.038574,289.6087112,-0.015,-1.34999997,-0.524999988,-0.008726041,0.13296825,0.016621031,FALSE
9817,1000_radii_1,1000,L,0,27,192.39841,0,-624.8522339,1034.083374,289.5999451,-0.015,-1.34999997,-0.524999988,-0.008762807,0.133528493,0.016691062,FALSE
9818,1000_radii_1,1000,L,0,27,192.4150727,0,-624.9777832,1034.128052,289.5912018,-0.015,-1.34999997,-0.524999988,-0.008747911,0.133301498,0.016662687,FALSE
9819,1000_radii_1,1000,L,0,27,192.4317761,0,-625.1036987,1034.172852,289.582428,-0.015,-1.34999997,-0.524999988,-0.008769463,0.133629916,0.016703739,FALSE
9820,1000_radii_1,1000,L,0,27,192.4483824,0,-625.2288818,1034.217407,289.5737152,-0.015,-1.34999997,-0.524999988,-0.008717801,0.132842678,0.016605335,FALSE
9821,1000_radii_1,1000,L,0,27,192.4651163,0,-625.3550415,1034.262207,289.5649261,-0.015,-1.34999997,-0.524999988,-0.008785627,0.133876229,0.016734529,FALSE
9822,1000_radii_1,1000,L,0,27,192.4817093,0,-625.4801025,1034.306641,289.5562057,-0.015,-1.34999997,-0.524999988,-0.008710828,0.132736426,0.016592053,FALSE
9823,1000_radii_1,1000,L,0,27,192.4983783,0,-625.6057739,1034.351318,289.5474625,-0.015,-1.34999997,-0.524999988,-0.00875108,0.133349794,0.016668724,FALSE
9824,1000_radii_1,1000,L,0,27,192.5153941,0,-625.7330933,1034.396484,289.5385895,-0.015,-1.34999997,-0.524999988,-0.008864864,0.135083648,0.016885456,TRUE
9825,1000_radii_1,1000,L,0,27,192.5320263,0,-625.8594971,1034.441284,289.5297928,-0.015,-1.34999997,-0.524999988,-0.008800999,0.134110469,0.016763809,TRUE
9826,1000_radii_1,1000,L,0,27,192.5486712,0,-625.9849854,1034.48584,289.5210571,-0.015,-1.34999997,-0.524999988,-0.008738244,0.133154193,0.016644274,TRUE
9827,1000_radii_1,1000,L,0,27,192.5653632,0,-626.1102905,1034.530273,289.5123367,-0.015,-1.34999997,-0.524999988,-0.008723823,0.132934442,0.016616805,TRUE
9828,1000_radii_1,1000,L,0,27,192.5820425,0,-626.2366333,1034.575073,289.50354,-0.015,-1.34999997,-0.524999988,-0.008796245,0.134038023,0.016754753,TRUE
9829,1000_radii_1,1000,L,0,27,192.5994523,0,-626.3672485,1034.621338,289.4944382,-0.015,-1.34999997,-0.524999988,-0.009092908,0.138558601,0.017319825,TRUE
9830,1000_radii_1,1000,L,0,27,192.6153446,0,-626.4874268,1034.663818,289.486084,-0.015,-1.34999997,-0.524999988,-0.008364404,0.127457589,0.015932199,TRUE
9831,1000_radii_1,1000,L,0,27,192.6321896,0,-626.614502,1034.70874,289.4772339,-0.015,-1.34999997,-0.524999988,-0.008844738,0.134776964,0.016847121,TRUE
9832,1000_radii_1,1000,L,0,27,192.6486205,0,-626.7387695,1034.752686,289.4685898,-0.015,-1.34999997,-0.524999988,-0.008651559,0.131833276,0.016479159,TRUE
9833,1000_radii_1,1000,L,0,27,192.6653245,0,-626.8647461,1034.797241,289.4598083,-0.015,-1.34999997,-0.524999988,-0.008769938,0.13363716,0.016704645,TRUE
9834,1000_radii_1,1000,L,0,27,192.681967,0,-626.9900513,1034.841553,289.4510956,-0.015,-1.34999997,-0.524999988,-0.008722713,0.132917538,0.016614692,TRUE
9835,1000_radii_1,1000,L,0,27,192.698607,0,-627.1157837,1034.885986,289.4423447,-0.015,-1.34999997,-0.524999988,-0.008750922,0.13334738,0.016668422,TRUE
9836,1000_radii_1,1000,L,0,27,192.7153328,0,-627.2419434,1034.930542,289.4335556,-0.015,-1.34999997,-0.524999988,-0.008780398,0.13379654,0.016724567,TRUE
9837,1000_radii_1,1000,L,0,27,192.731987,0,-627.3670654,1034.974731,289.4248581,-0.015,-1.34999997,-0.524999988,-0.008705123,0.132649491,0.016581186,TRUE
9838,1000_radii_1,1000,L,0,27,192.7486057,0,-627.4927979,1035.019043,289.4161072,-0.015,-1.34999997,-0.524999988,-0.008747277,0.133291838,0.01666148,TRUE
9839,1000_radii_1,1000,L,0,27,192.7653287,0,-627.6185913,1035.063354,289.4073486,-0.015,-1.34999997,-0.524999988,-0.00875108,0.133349794,0.016668724,TRUE
9840,1000_radii_1,1000,L,0,27,192.7819775,0,-627.7444458,1035.107666,289.3985977,-0.015,-1.34999997,-0.524999988,-0.008757419,0.133446388,0.016680799,TRUE
9841,1000_radii_1,1000,L,0,27,192.7985895,0,-627.8699951,1035.151855,289.3898621,-0.015,-1.34999997,-0.524999988,-0.008734757,0.133101066,0.016637633,TRUE
9842,1000_radii_1,1000,L,0,27,192.8152733,0,-627.9960327,1035.196167,289.3810959,-0.015,-1.34999997,-0.524999988,-0.008769146,0.133625086,0.016703136,TRUE
9843,1000_radii_1,1000,L,0,27,192.8319861,0,-628.1221313,1035.240479,289.3723221,-0.015,-1.34999997,-0.524999988,-0.008774217,0.133702361,0.016712795,TRUE
9844,1000_radii_1,1000,L,0,27,192.8486437,0,-628.2474365,1035.284546,289.3636017,-0.015,-1.34999997,-0.524999988,-0.008717167,0.132833019,0.016604127,TRUE
9845,1000_radii_1,1000,L,0,27,192.865406,0,-628.3743896,1035.329224,289.3547668,-0.015,-1.34999997,-0.524999988,-0.008832536,0.134591021,0.016823878,TRUE
9846,1000_radii_1,1000,L,0,27,192.8819585,0,-628.4992065,1035.373047,289.3460846,-0.015,-1.34999997,-0.524999988,-0.008680242,0.132270362,0.016533795,TRUE
9847,1000_radii_1,1000,L,0,27,192.8986948,0,-628.6251831,1035.417236,289.337326,-0.015,-1.34999997,-0.524999988,-0.008760747,0.1334971,0.016687137,TRUE
9848,1000_radii_1,1000,L,0,27,192.9153961,0,-628.75177,1035.46167,289.3279343,-0.016000001,-1.440000068,-0.560000027,-0.009391114,0.134158765,0.016769846,TRUE
9849,1000_radii_1,1000,L,0,27,192.9319861,0,-628.8764648,1035.505371,289.3186951,-0.016000001,-1.440000068,-0.560000027,-0.009249122,0.132130301,0.016516288,TRUE
9850,1000_radii_1,1000,L,0,27,192.9488042,0,-629.0039673,1035.550049,289.3086472,-0.017000001,-1.530000083,-0.595000032,-0.010047925,0.135098138,0.016887267,TRUE
9851,1000_radii_1,1000,L,0,27,192.9653534,0,-629.1287231,1035.59375,289.2988129,-0.017000001,-1.530000083,-0.595000032,-0.009831323,0.132185842,0.01652323,TRUE
9852,1000_radii_1,1000,L,0,27,192.9819609,0,-629.2539673,1035.637573,289.2889404,-0.017000001,-1.530000083,-0.595000032,-0.00986886,0.132690544,0.016586318,TRUE
9853,1000_radii_1,1000,L,0,27,192.9985925,0,-629.3799438,1035.681641,289.279007,-0.017000001,-1.530000083,-0.595000032,-0.009926692,0.133468122,0.016683515,TRUE
9854,1000_radii_1,1000,L,0,27,193.0152787,0,-629.5059814,1035.725708,289.2690887,-0.017000001,-1.530000083,-0.595000032,-0.009928668,0.133494685,0.016686836,TRUE
9855,1000_radii_1,1000,L,0,27,193.032022,0,-629.6321411,1035.769775,289.25914,-0.017000001,-1.530000083,-0.595000032,-0.009939264,0.13363716,0.016704645,TRUE
9856,1000_radii_1,1000,L,0,27,193.0486204,0,-629.7576904,1035.813599,289.2492599,-0.017000001,-1.530000083,-0.595000032,-0.009892567,0.133009302,0.016626163,TRUE
9857,1000_radii_1,1000,L,0,27,193.0653404,0,-629.8833618,1035.857544,289.239357,-0.017000001,-1.530000083,-0.595000032,-0.009902625,0.133144533,0.016643067,TRUE
9858,1000_radii_1,1000,L,0,27,193.0819853,0,-630.0094604,1035.901489,289.2294235,-0.017000001,-1.530000083,-0.595000032,-0.009931182,0.133528493,0.016691062,TRUE
9859,1000_radii_1,1000,L,0,27,193.0986238,0,-630.1351929,1035.945313,289.2195282,-0.017000001,-1.530000083,-0.595000032,-0.00990478,0.133173511,0.016646689,TRUE
9860,1000_radii_1,1000,L,0,27,193.1152696,0,-630.2610474,1035.989136,289.2095947,-0.017000001,-1.530000083,-0.595000032,-0.009913042,0.133284594,0.016660574,TRUE
9861,1000_radii_1,1000,L,0,27,193.1318828,0,-630.3867188,1036.032959,289.199707,-0.017000001,-1.530000083,-0.595000032,-0.009895621,0.133050355,0.016631294,TRUE
9862,1000_radii_1,1000,L,0,27,193.1486378,0,-630.5130615,1036.076904,289.1897507,-0.017000001,-1.530000083,-0.595000032,-0.009948963,0.133767562,0.016720945,TRUE
9863,1000_radii_1,1000,L,0,27,193.1653618,0,-630.6392212,1036.12085,289.1798248,-0.017000001,-1.530000083,-0.595000032,-0.009932978,0.133552641,0.01669408,TRUE
9864,1000_radii_1,1000,L,0,27,193.1819354,0,-630.7647705,1036.164551,289.1699371,-0.017000001,-1.530000083,-0.595000032,-0.009887898,0.132946516,0.016618315,TRUE
9865,1000_radii_1,1000,L,0,27,193.1985851,0,-630.8905029,1036.208252,289.1600342,-0.017000001,-1.530000083,-0.595000032,-0.009898854,0.133093822,0.016636728,TRUE
9866,1000_radii_1,1000,L,0,27,193.2153317,0,-631.0172729,1036.252319,289.1500549,-0.017000001,-1.530000083,-0.595000032,-0.009979136,0.134173254,0.016771657,TRUE
9867,1000_radii_1,1000,L,0,27,193.2319519,0,-631.1427612,1036.295898,289.1401825,-0.017000001,-1.530000083,-0.595000032,-0.009880893,0.132852338,0.016606542,TRUE
9868,1000_radii_1,1000,L,0,27,193.2485469,0,-631.2678223,1036.339233,289.1303406,-0.017000001,-1.530000083,-0.595000032,-0.009843356,0.132347637,0.016543455,TRUE
9869,1000_radii_1,1000,L,0,27,193.2652468,0,-631.3943481,1036.383057,289.1203766,-0.017000001,-1.530000083,-0.595000032,-0.009958662,0.133897963,0.016737245,TRUE
9870,1000_radii_1,1000,L,0,27,193.2819967,0,-631.5211182,1036.427002,289.1103973,-0.017000001,-1.530000083,-0.595000032,-0.009979675,0.134180499,0.016772562,TRUE
9871,1000_radii_1,1000,L,0,27,193.2986425,0,-631.6470337,1036.470581,289.1004868,-0.017000001,-1.530000083,-0.595000032,-0.009910887,0.133255616,0.016656952,TRUE
9872,1000_radii_1,1000,L,0,27,193.315256,0,-631.7723389,1036.514038,289.0906219,-0.017000001,-1.530000083,-0.595000032,-0.009863831,0.132622928,0.016577866,TRUE
9873,1000_radii_1,1000,L,0,27,193.3319072,0,-631.8984985,1036.557739,289.0806885,-0.017000001,-1.530000083,-0.595000032,-0.00992759,0.133480196,0.016685024,TRUE
9874,1000_radii_1,1000,L,0,27,193.3487202,0,-632.0255737,1036.601685,289.070694,-0.017000001,-1.530000083,-0.595000032,-0.010001048,0.134467865,0.016808483,TRUE
9875,1000_radii_1,1000,L,0,27,193.3652833,0,-632.1505737,1036.644897,289.0608521,-0.017000001,-1.530000083,-0.595000032,-0.009836351,0.132253458,0.016531682,TRUE
9876,1000_radii_1,1000,L,0,27,193.381923,0,-632.2766724,1036.688477,289.0509415,-0.017000001,-1.530000083,-0.595000032,-0.009921843,0.133402921,0.016675365,TRUE
9877,1000_radii_1,1000,L,0,27,193.3986427,0,-632.4030762,1036.732178,289.0409927,-0.017000001,-1.530000083,-0.595000032,-0.00994555,0.13372168,0.01671521,TRUE
9878,1000_radii_1,1000,L,0,27,193.415393,0,-632.5292969,1036.775757,289.0310593,-0.017000001,-1.530000083,-0.595000032,-0.009930823,0.133523663,0.016690458,TRUE
9879,1000_radii_1,1000,L,0,27,193.4318447,0,-632.6539917,1036.818726,289.0212479,-0.017000001,-1.530000083,-0.595000032,-0.00980995,0.131898477,0.01648731,TRUE
9880,1000_radii_1,1000,L,0,27,193.4486172,0,-632.7810669,1036.862549,289.0112457,-0.017000001,-1.530000083,-0.595000032,-0.009997815,0.134424398,0.01680305,TRUE
9881,1000_radii_1,1000,L,0,27,193.4653173,0,-632.9073486,1036.906128,289.0013199,-0.017000001,-1.530000083,-0.595000032,-0.009936211,0.133596108,0.016699514,TRUE
9882,1000_radii_1,1000,L,0,27,193.4820763,0,-633.0328979,1036.949341,288.9914398,-0.017000001,-1.530000083,-0.595000032,-0.009877481,0.132806456,0.016600807,TRUE
9883,1000_radii_1,1000,L,0,27,193.4985618,0,-633.1588135,1036.992676,288.9815369,-0.017000001,-1.530000083,-0.595000032,-0.009904421,0.133168682,0.016646085,TRUE
9884,1000_radii_1,1000,L,0,27,193.5152553,0,-633.2850952,1037.036133,288.9715958,-0.017000001,-1.530000083,-0.595000032,-0.009932799,0.133550226,0.016693778,TRUE
9885,1000_radii_1,1000,L,0,27,193.5319159,0,-633.4107056,1037.079346,288.9617233,-0.017000001,-1.530000083,-0.595000032,-0.009880354,0.132845093,0.016605637,TRUE
9886,1000_radii_1,1000,L,0,27,193.5485387,0,-633.5366211,1037.122559,288.9518204,-0.017000001,-1.530000083,-0.595000032,-0.009904062,0.133163852,0.016645481,TRUE
9887,1000_radii_1,1000,L,0,27,193.565307,0,-633.6636963,1037.16626,288.9418259,-0.017000001,-1.530000083,-0.595000032,-0.009994582,0.134380931,0.016797616,TRUE
9888,1000_radii_1,1000,L,0,27,193.5819809,0,-633.7897339,1037.209473,288.9319153,-0.017000001,-1.530000083,-0.595000032,-0.009910707,0.133253201,0.01665665,TRUE
9889,1000_radii_1,1000,L,0,27,193.598569,0,-633.9151611,1037.252441,288.9220505,-0.017000001,-1.530000083,-0.595000032,-0.009862214,0.132601195,0.016575149,TRUE
9890,1000_radii_1,1000,L,0,27,193.6153437,0,-634.0422974,1037.296021,288.912056,-0.017000001,-1.530000083,-0.595000032,-0.009995121,0.134388175,0.016798522,TRUE
9891,1000_radii_1,1000,L,0,27,193.6318847,0,-634.1674805,1037.338867,288.9022141,-0.017000001,-1.530000083,-0.595000032,-0.009842099,0.132330733,0.016541342,TRUE
9892,1000_radii_1,1000,L,0,27,193.6486884,0,-634.2940063,1037.382202,288.8922653,-0.017000001,-1.530000083,-0.595000032,-0.009948245,0.133757902,0.016719738,TRUE
9893,1000_radii_1,1000,L,0,27,193.665317,0,-634.4205322,1037.425537,288.8823166,-0.017000001,-1.530000083,-0.595000032,-0.009947346,0.133745828,0.016718228,TRUE
9894,1000_radii_1,1000,L,0,27,193.6819283,0,-634.5456543,1037.468384,288.8724747,-0.017000001,-1.530000083,-0.595000032,-0.009835453,0.132241384,0.016530173,TRUE
9895,1000_radii_1,1000,L,0,27,193.6986046,0,-634.6721191,1037.511597,288.8625412,-0.017000001,-1.530000083,-0.595000032,-0.009939803,0.133644405,0.016705551,TRUE
9896,1000_radii_1,1000,L,0,27,193.7152773,0,-634.7985229,1037.55481,288.8526001,-0.017000001,-1.530000083,-0.595000032,-0.009932799,0.133550226,0.016693778,TRUE
9897,1000_radii_1,1000,L,0,27,193.7319439,0,-634.9249268,1037.598022,288.8426743,-0.017000001,-1.530000083,-0.595000032,-0.009933876,0.133564715,0.016695589,TRUE
9898,1000_radii_1,1000,L,0,27,193.7486636,0,-635.0514526,1037.641235,288.8327332,-0.017000001,-1.530000083,-0.595000032,-0.009945012,0.133714435,0.016714304,TRUE
9899,1000_radii_1,1000,L,0,27,193.765384,0,-635.1774902,1037.684204,288.8228302,-0.017000001,-1.530000083,-0.595000032,-0.009904601,0.133171096,0.016646387,TRUE
9900,1000_radii_1,1000,L,0,27,193.7819784,0,-635.3037109,1037.727173,288.8129044,-0.017000001,-1.530000083,-0.595000032,-0.009917173,0.133340135,0.016667517,TRUE
9901,1000_radii_1,1000,L,0,27,193.7985832,0,-635.4295654,1037.77002,288.8030243,-0.017000001,-1.530000083,-0.595000032,-0.00988664,0.132929613,0.016616202,TRUE
9902,1000_radii_1,1000,L,0,27,193.8153017,0,-635.5559692,1037.81311,288.7930908,-0.017000001,-1.530000083,-0.595000032,-0.009929386,0.133504344,0.016688043,TRUE
9903,1000_radii_1,1000,L,0,27,193.8319375,0,-635.6821289,1037.856079,288.7831802,-0.017000001,-1.530000083,-0.595000032,-0.009910707,0.133253201,0.01665665,TRUE
9904,1000_radii_1,1000,L,0,27,193.8485981,0,-635.8084106,1037.899048,288.773262,-0.017000001,-1.530000083,-0.595000032,-0.00991861,0.133359454,0.016669932,TRUE
9905,1000_radii_1,1000,L,0,27,193.8653453,0,-635.9348755,1037.942017,288.7633286,-0.017000001,-1.530000083,-0.595000032,-0.00993208,0.133540567,0.016692571,TRUE
9906,1000_radii_1,1000,L,0,27,193.8818836,0,-636.0603638,1037.984619,288.753479,-0.017000001,-1.530000083,-0.595000032,-0.009855928,0.132516675,0.016564584,TRUE
9907,1000_radii_1,1000,L,0,27,193.8985741,0,-636.1870117,1038.027588,288.7435226,-0.017000001,-1.530000083,-0.595000032,-0.009947167,0.133743413,0.016717927,TRUE
9908,1000_radii_1,1000,L,0,27,193.9152648,0,-636.3134766,1038.070557,288.7335968,-0.017000001,-1.530000083,-0.595000032,-0.009931721,0.133535737,0.016691967,TRUE
9909,1000_radii_1,1000,L,0,27,193.9319834,0,-636.4398193,1038.113403,288.723671,-0.017000001,-1.530000083,-0.595000032,-0.009921484,0.133398091,0.016674761,TRUE
9910,1000_radii_1,1000,L,0,27,193.9486593,0,-636.5664063,1038.156372,288.7137222,-0.017000001,-1.530000083,-0.595000032,-0.009942856,0.133685457,0.016710682,TRUE
9911,1000_radii_1,1000,L,0,27,193.9652976,0,-636.6925049,1038.199097,288.7038193,-0.017000001,-1.530000083,-0.595000032,-0.009903882,0.133161437,0.01664518,TRUE
9912,1000_radii_1,1000,L,0,27,193.9819123,0,-636.8179932,1038.241577,288.6939697,-0.017000001,-1.530000083,-0.595000032,-0.009853593,0.132485282,0.01656066,TRUE
9913,1000_radii_1,1000,L,0,27,193.9985668,0,-636.9445801,1038.284424,288.6840363,-0.017000001,-1.530000083,-0.595000032,-0.009937289,0.133610597,0.016701325,TRUE
9914,1000_radii_1,1000,L,0,27,194.0153403,0,-637.0717773,1038.327393,288.6746368,-0.016000001,-1.440000068,-0.560000027,-0.009397876,0.134255359,0.01678192,TRUE
9915,1000_radii_1,1000,L,0,27,194.0319731,0,-637.1975098,1038.369873,288.6653519,-0.016000001,-1.440000068,-0.560000027,-0.009290198,0.132717107,0.016589638,TRUE
9916,1000_radii_1,1000,L,0,27,194.0485527,0,-637.3234863,1038.412476,288.656044,-0.016000001,-1.440000068,-0.560000027,-0.009309299,0.132989984,0.016623748,TRUE
9917,1000_radii_1,1000,L,0,27,194.0652864,0,-637.4503174,1038.455322,288.6466675,-0.016000001,-1.440000068,-0.560000027,-0.009369815,0.133854496,0.016731812,TRUE
9918,1000_radii_1,1000,L,0,27,194.0819581,0,-637.576416,1038.497925,288.6373444,-0.016000001,-1.440000068,-0.560000027,-0.009317244,0.133103481,0.016637935,TRUE
9919,1000_radii_1,1000,L,0,27,194.0985797,0,-637.7025757,1038.540527,288.6280289,-0.016000001,-1.440000068,-0.560000027,-0.009321977,0.133171096,0.016646387,TRUE
9920,1000_radii_1,1000,L,0,27,194.1151956,0,-637.8286133,1038.583008,288.618721,-0.016000001,-1.440000068,-0.560000027,-0.009310652,0.133009302,0.016626163,TRUE
9921,1000_radii_1,1000,L,0,27,194.1319911,0,-637.9552002,1038.62561,288.6093674,-0.016000001,-1.440000068,-0.560000027,-0.009351052,0.133586449,0.016698306,TRUE
9922,1000_radii_1,1000,L,0,27,194.1485494,0,-638.0814209,1038.668091,288.6000366,-0.016000001,-1.440000068,-0.560000027,-0.009322146,0.133173511,0.016646689,TRUE
9923,1000_radii_1,1000,L,0,27,194.1652785,0,-638.208313,1038.710815,288.5906754,-0.016000001,-1.440000068,-0.560000027,-0.009370153,0.133859325,0.016732416,TRUE
9924,1000_radii_1,1000,L,0,27,194.1819074,0,-638.3339233,1038.753052,288.581398,-0.016000001,-1.440000068,-0.560000027,-0.009277182,0.132531164,0.016566396,TRUE
9925,1000_radii_1,1000,L,0,27,194.1985637,0,-638.4605103,1038.795654,288.5720444,-0.016000001,-1.440000068,-0.560000027,-0.0093497,0.13356713,0.016695891,TRUE
9926,1000_radii_1,1000,L,0,27,194.2153037,0,-638.5876465,1038.838379,288.5626526,-0.016000001,-1.440000068,-0.560000027,-0.009389255,0.134132202,0.016766525,TRUE
9927,1000_radii_1,1000,L,0,27,194.2320805,0,-638.7149048,1038.881104,288.5538483,-0.015,-1.34999997,-0.524999988,-0.008807972,0.134216721,0.01677709,TRUE
9928,1000_radii_1,1000,L,0,27,194.2485023,0,-638.8394775,1038.922852,288.5452271,-0.015,-1.34999997,-0.524999988,-0.00862129,0.131372042,0.016421505,TRUE
9929,1000_radii_1,1000,L,0,27,194.2653548,0,-638.9672852,1038.965698,288.5369644,-0.014,-1.260000039,-0.490000015,-0.00825642,0.134798698,0.016849837,TRUE
9930,1000_radii_1,1000,L,0,27,194.2820365,0,-639.09375,1039.008057,288.5293808,-0.013,-1.170000024,-0.455000009,-0.007586742,0.133393262,0.016674158,TRUE
9931,1000_radii_1,1000,L,0,27,194.2986138,0,-639.2193604,1039.050171,288.5218658,-0.013,-1.170000024,-0.455000009,-0.007534277,0.132470793,0.016558849,TRUE
9932,1000_radii_1,1000,L,0,27,194.3153027,0,-639.3461914,1039.092651,288.5148239,-0.012,-1.080000009,-0.420000004,-0.00702191,0.133750658,0.016718832,TRUE
9933,1000_radii_1,1000,L,0,27,194.3317888,0,-639.4711914,1039.134521,288.5079117,-0.012,-1.080000009,-0.420000004,-0.006920233,0.131813957,0.016476745,TRUE
9934,1000_radii_1,1000,L,0,27,194.3485632,0,-639.5984497,1039.177124,288.5008621,-0.012,-1.080000009,-0.420000004,-0.00704473,0.134185329,0.016773166,TRUE
9935,1000_radii_1,1000,L,0,27,194.3652383,0,-639.7250366,1039.219482,288.4938507,-0.012,-1.080000009,-0.420000004,-0.007007964,0.133485025,0.016685628,TRUE
9936,1000_radii_1,1000,L,0,27,194.3820914,0,-639.8525391,1039.262085,288.4868011,-0.012,-1.080000009,-0.420000004,-0.007058676,0.134450961,0.01680637,TRUE
9937,1000_radii_1,1000,L,0,27,194.3989114,0,-639.9800415,1039.304688,288.479744,-0.012,-1.080000009,-0.420000004,-0.007056647,0.134412323,0.01680154,TRUE
9938,1000_radii_1,1000,L,0,27,194.4155351,0,-640.1057739,1039.34668,288.4727859,-0.012,-1.080000009,-0.420000004,-0.006959154,0.132555313,0.016569414,TRUE
9939,1000_radii_1,1000,L,0,27,194.4322787,0,-640.2333984,1039.389282,288.4657211,-0.012,-1.080000009,-0.420000004,-0.007063747,0.134547554,0.016818444,TRUE
9940,1000_radii_1,1000,L,0,27,194.4489085,0,-640.3590698,1039.431274,288.4587631,-0.012,-1.080000009,-0.420000004,-0.006956618,0.132507016,0.016563377,TRUE
9941,1000_radii_1,1000,L,0,27,194.4655383,0,-640.4851685,1039.473389,288.4517822,-0.012,-1.080000009,-0.420000004,-0.006979565,0.132944102,0.016618013,TRUE
9942,1000_radii_1,1000,L,0,27,194.48198,0,-640.6107178,1039.515259,288.4448318,-0.012,-1.080000009,-0.420000004,-0.006949772,0.132376615,0.016547077,TRUE
9943,1000_radii_1,1000,L,0,27,194.4986158,0,-640.7367554,1039.557251,288.437851,-0.012,-1.080000009,-0.420000004,-0.006974875,0.132854753,0.016606844,TRUE
9944,1000_radii_1,1000,L,0,27,194.5152384,0,-640.8632202,1039.599365,288.4308624,-0.012,-1.080000009,-0.420000004,-0.006998836,0.133311157,0.016663895,TRUE
9945,1000_radii_1,1000,L,0,27,194.5318244,0,-640.9891357,1039.641357,288.4238892,-0.012,-1.080000009,-0.420000004,-0.006967268,0.132709862,0.016588733,TRUE
9946,1000_radii_1,1000,L,0,27,194.5485306,0,-641.1157837,1039.683594,288.4168854,-0.012,-1.080000009,-0.420000004,-0.00700733,0.133472951,0.016684119,TRUE
9947,1000_radii_1,1000,L,0,27,194.565298,0,-641.243103,1039.725952,288.4098434,-0.012,-1.080000009,-0.420000004,-0.007045364,0.134197403,0.016774675,TRUE
9948,1000_radii_1,1000,L,0,27,194.5818982,0,-641.3691406,1039.767944,288.4028702,-0.012,-1.080000009,-0.420000004,-0.006975508,0.132866827,0.016608353,TRUE
9949,1000_radii_1,1000,L,0,27,194.5986478,0,-641.4962769,1039.810303,288.3958282,-0.012,-1.080000009,-0.420000004,-0.007034714,0.133994556,0.01674932,TRUE
9950,1000_radii_1,1000,L,0,27,194.6152317,0,-641.6219482,1039.852051,288.3888779,-0.012,-1.080000009,-0.420000004,-0.00695459,0.132468378,0.016558547,TRUE
9951,1000_radii_1,1000,L,0,27,194.6318772,0,-641.7485352,1039.894165,288.3818665,-0.012,-1.080000009,-0.420000004,-0.007002766,0.133386017,0.016673252,TRUE
9952,1000_radii_1,1000,L,0,27,194.6486329,0,-641.8757324,1039.936401,288.3748398,-0.012,-1.080000009,-0.420000004,-0.007037884,0.134054927,0.016756866,TRUE
9953,1000_radii_1,1000,L,0,27,194.6653224,0,-642.0018921,1039.978271,288.3678589,-0.012,-1.080000009,-0.420000004,-0.006980199,0.132956176,0.016619522,TRUE
9954,1000_radii_1,1000,L,0,27,194.6818339,0,-642.1277466,1040.02002,288.3608932,-0.012,-1.080000009,-0.420000004,-0.006962323,0.132615684,0.01657696,TRUE
9955,1000_radii_1,1000,L,0,27,194.6985934,0,-642.2550049,1040.062256,288.3538437,-0.012,-1.080000009,-0.420000004,-0.007039405,0.134083905,0.016760488,TRUE
9956,1000_radii_1,1000,L,0,27,194.7152513,0,-642.3810425,1040.104126,288.3474655,-0.011,-0.989999995,-0.384999998,-0.006391776,0.132816115,0.016602014,TRUE
9957,1000_radii_1,1000,L,0,27,194.7319683,0,-642.5084839,1040.146362,288.3415909,-0.01,-0.89999998,-0.349999992,-0.005874094,0.134265018,0.016783127,TRUE
9958,1000_radii_1,1000,L,0,27,194.7485498,0,-642.6340942,1040.187988,288.3357925,-0.01,-0.89999998,-0.349999992,-0.005789575,0.132333147,0.016541643,TRUE
9959,1000_radii_1,1000,L,0,27,194.7652886,0,-642.7614746,1040.230225,288.330513,-0.009,-0.809999965,-0.314999986,-0.005284403,0.134207062,0.016775883,TRUE
9960,1000_radii_1,1000,L,0,27,194.781938,0,-642.8879395,1040.272095,288.3258514,-0.008,-0.720000034,-0.280000013,-0.004661834,0.133195245,0.016649406,TRUE
9961,1000_radii_1,1000,L,0,27,194.7985892,0,-643.0144043,1040.313965,288.3223572,-0.006,-0.540000005,-0.210000002,-0.003496882,0.133214564,0.01665182,TRUE
9962,1000_radii_1,1000,L,0,27,194.8151963,0,-643.1405029,1040.355713,288.3188705,-0.006,-0.540000005,-0.210000002,-0.003487564,0.132859582,0.016607448,TRUE
9963,1000_radii_1,1000,L,0,27,194.8318563,0,-643.2670288,1040.397583,288.3153687,-0.006,-0.540000005,-0.210000002,-0.003499101,0.133299083,0.016662385,TRUE
9964,1000_radii_1,1000,L,0,27,194.848509,0,-643.3933105,1040.439331,288.3118744,-0.006,-0.540000005,-0.210000002,-0.003490987,0.132989984,0.016623748,TRUE
9965,1000_radii_1,1000,L,0,27,194.8652448,0,-643.5206299,1040.481445,288.3083572,-0.006,-0.540000005,-0.210000002,-0.003520273,0.134105639,0.016763205,TRUE
9966,1000_radii_1,1000,L,0,27,194.8819346,0,-643.6473999,1040.523438,288.3048553,-0.006,-0.540000005,-0.210000002,-0.003504933,0.133521248,0.016690156,TRUE
9967,1000_radii_1,1000,L,0,27,194.8985508,0,-643.7730713,1040.565063,288.3013763,-0.006,-0.540000005,-0.210000002,-0.003474379,0.132357296,0.016544662,TRUE
9968,1000_radii_1,1000,L,0,27,194.915266,0,-643.9005127,1040.607178,288.2978592,-0.006,-0.540000005,-0.210000002,-0.003523252,0.134219136,0.016777392,TRUE
9969,1000_radii_1,1000,L,0,27,194.9318536,0,-644.0265503,1040.648804,288.2943726,-0.006,-0.540000005,-0.210000002,-0.003485345,0.132775063,0.016596883,TRUE
9970,1000_radii_1,1000,L,0,27,194.9486473,0,-644.1535645,1040.690796,288.2908554,-0.006,-0.540000005,-0.210000002,-0.003512286,0.133801369,0.016725171,TRUE
9971,1000_radii_1,1000,L,0,27,194.9652176,0,-644.2796631,1040.732544,288.2873611,-0.006,-0.540000005,-0.210000002,-0.003486994,0.132837849,0.016604731,TRUE
9972,1000_radii_1,1000,L,0,27,194.9819123,0,-644.4067383,1040.774536,288.2838593,-0.006,-0.540000005,-0.210000002,-0.003512856,0.133823103,0.016727888,TRUE
9973,1000_radii_1,1000,L,0,27,194.9985239,0,-644.532959,1040.816284,288.280365,-0.006,-0.540000005,-0.210000002,-0.003488768,0.132905464,0.016613183,TRUE
9974,1000_radii_1,1000,L,0,27,195.0152391,0,-644.6593018,1040.858032,288.2768707,-0.006,-0.540000005,-0.210000002,-0.003493523,0.133086577,0.016635822,TRUE
9975,1000_radii_1,1000,L,0,27,195.0318448,0,-644.7859497,1040.899902,288.2733765,-0.006,-0.540000005,-0.210000002,-0.0035017,0.133398091,0.016674761,TRUE
9976,1000_radii_1,1000,L,0,27,195.048563,0,-644.9130249,1040.941895,288.2698593,-0.006,-0.540000005,-0.210000002,-0.003512666,0.133815858,0.016726982,TRUE
9977,1000_radii_1,1000,L,0,27,195.0652453,0,-645.0392456,1040.983521,288.2663651,-0.006,-0.540000005,-0.210000002,-0.003489212,0.132922368,0.016615296,TRUE
9978,1000_radii_1,1000,L,0,27,195.0820462,0,-645.1669922,1041.025635,288.2628326,-0.006,-0.540000005,-0.210000002,-0.003531937,0.134549969,0.016818746,TRUE
9979,1000_radii_1,1000,L,0,27,195.0985969,0,-645.2930908,1041.067261,288.2593536,-0.006,-0.540000005,-0.210000002,-0.003485536,0.132782307,0.016597788,TRUE
9980,1000_radii_1,1000,L,0,27,195.1151929,0,-645.4191895,1041.108887,288.255867,-0.006,-0.540000005,-0.210000002,-0.003485916,0.132796796,0.0165996,TRUE
9981,1000_radii_1,1000,L,0,27,195.1318574,0,-645.5455933,1041.150635,288.2523727,-0.006,-0.540000005,-0.210000002,-0.003493586,0.133088992,0.016636124,TRUE
9982,1000_radii_1,1000,L,0,27,195.1485135,0,-645.6723633,1041.192383,288.2488708,-0.006,-0.540000005,-0.210000002,-0.003503855,0.133480196,0.016685024,TRUE
9983,1000_radii_1,1000,L,0,27,195.1651668,0,-645.7988892,1041.234131,288.2453766,-0.006,-0.540000005,-0.210000002,-0.003496946,0.133216978,0.016652122,TRUE
9984,1000_radii_1,1000,L,0,27,195.1818751,0,-645.9251709,1041.275757,288.2418823,-0.006,-0.540000005,-0.210000002,-0.00349029,0.13296342,0.016620428,TRUE
9985,1000_radii_1,1000,L,0,27,195.1985836,0,-646.0527344,1041.317749,288.2383575,-0.006,-0.540000005,-0.210000002,-0.003525344,0.134298826,0.016787353,TRUE
9986,1000_radii_1,1000,L,0,27,195.215253,0,-646.1793823,1041.359497,288.234848,-0.006,-0.540000005,-0.210000002,-0.003500179,0.133340135,0.016667517,TRUE
9987,1000_radii_1,1000,L,0,27,195.2319102,0,-646.305542,1041.401001,288.2313614,-0.006,-0.540000005,-0.210000002,-0.00348655,0.132820945,0.016602618,TRUE
9988,1000_radii_1,1000,L,0,27,195.2485798,0,-646.4326782,1041.442871,288.227272,-0.007,-0.630000019,-0.245000008,-0.00409959,0.133864155,0.016733019,TRUE
9989,1000_radii_1,1000,L,0,27,195.2653636,0,-646.5599976,1041.484741,288.22258,-0.008,-0.720000034,-0.280000013,-0.004691416,0.134040438,0.016755055,TRUE
9990,1000_radii_1,1000,L,0,27,195.2818741,0,-646.6856689,1041.526123,288.2179489,-0.008,-0.720000034,-0.280000013,-0.004631407,0.132325903,0.016540738,TRUE
9991,1000_radii_1,1000,L,0,27,195.2985552,0,-646.812439,1041.567871,288.2126846,-0.009,-0.809999965,-0.314999986,-0.005254737,0.133453633,0.016681704,TRUE
9992,1000_radii_1,1000,L,0,27,195.3152267,0,-646.9390869,1041.609497,288.2068634,-0.01,-0.89999998,-0.349999992,-0.005834159,0.133352209,0.016669026,TRUE
9993,1000_radii_1,1000,L,0,27,195.3319491,0,-647.0661621,1041.651245,288.2004242,-0.011,-0.989999995,-0.384999998,-0.006438842,0.133794125,0.016724266,TRUE
9994,1000_radii_1,1000,L,0,27,195.3488246,0,-647.1942749,1041.693359,288.1933365,-0.012,-1.080000009,-0.420000004,-0.007080101,0.134859069,0.016857384,TRUE
9995,1000_radii_1,1000,L,0,27,195.3653977,0,-647.3202515,1041.734741,288.1857986,-0.013,-1.170000024,-0.455000009,-0.007542929,0.132622928,0.016577866,TRUE
9996,1000_radii_1,1000,L,0,27,195.3818666,0,-647.4452515,1041.775757,288.1783142,-0.013,-1.170000024,-0.455000009,-0.007481811,0.131548325,0.016443541,TRUE
9997,1000_radii_1,1000,L,0,27,195.39858,0,-647.5725708,1041.817505,288.1706924,-0.013,-1.170000024,-0.455000009,-0.00762149,0.134004216,0.016750527,TRUE
9998,1000_radii_1,1000,L,0,27,195.4150974,0,-647.6981201,1041.858765,288.1631775,-0.013,-1.170000024,-0.455000009,-0.007516559,0.132159279,0.01651991,TRUE
9999,1000_radii_1,1000,L,0,27,195.4317785,0,-647.8248291,1041.900391,288.1555862,-0.013,-1.170000024,-0.455000009,-0.007585094,0.133364284,0.016670535,TRUE
10000,1000_radii_1,1000,L,0,27,195.4485541,0,-647.9523926,1041.942261,288.1479568,-0.013,-1.170000024,-0.455000009,-0.00763701,0.134277092,0.016784637,TRUE
10001,1000_radii_1,1000,L,0,27,195.4651833,0,-648.0779419,1041.983398,288.1404419,-0.013,-1.170000024,-0.455000009,-0.007513675,0.132108568,0.016513571,TRUE
10002,1000_radii_1,1000,L,0,27,195.4818602,0,-648.2051392,1042.025024,288.1328201,-0.013,-1.170000024,-0.455000009,-0.007611876,0.133835177,0.016729397,TRUE
10003,1000_radii_1,1000,L,0,27,195.4985026,0,-648.3318481,1042.066528,288.1252441,-0.013,-1.170000024,-0.455000009,-0.007584956,0.133361869,0.016670234,TRUE
10004,1000_radii_1,1000,L,0,27,195.515204,0,-648.4591064,1042.108154,288.11763,-0.013,-1.170000024,-0.455000009,-0.007615172,0.133893133,0.016736642,TRUE
10005,1000_radii_1,1000,L,0,27,195.5318757,0,-648.5858765,1042.149658,288.1100464,-0.013,-1.170000024,-0.455000009,-0.007585918,0.133378773,0.016672347,TRUE
10006,1000_radii_1,1000,L,0,27,195.5485502,0,-648.7124023,1042.19104,288.1024704,-0.013,-1.170000024,-0.455000009,-0.007572046,0.133134874,0.016641859,TRUE
10007,1000_radii_1,1000,L,0,27,195.5652639,0,-648.8392334,1042.232544,288.0948868,-0.013,-1.170000024,-0.455000009,-0.00759045,0.133458462,0.016682308,TRUE
10008,1000_radii_1,1000,L,0,27,195.5818707,0,-648.9660034,1042.273926,288.0872955,-0.013,-1.170000024,-0.455000009,-0.007586055,0.133381187,0.016672648,TRUE
10009,1000_radii_1,1000,L,0,27,195.5985087,0,-649.09198,1042.315063,288.0797577,-0.013,-1.170000024,-0.455000009,-0.007535787,0.132497357,0.01656217,TRUE
10010,1000_radii_1,1000,L,0,27,195.6151647,0,-649.2191772,1042.356567,288.0721512,-0.013,-1.170000024,-0.455000009,-0.00760858,0.133777221,0.016722153,TRUE
10011,1000_radii_1,1000,L,0,27,195.6317966,0,-649.3457642,1042.397827,288.0645752,-0.013,-1.170000024,-0.455000009,-0.007571634,0.133127629,0.016640954,TRUE
10012,1000_radii_1,1000,L,0,27,195.6484988,0,-649.47229,1042.439087,288.0570068,-0.013,-1.170000024,-0.455000009,-0.007569025,0.133081747,0.016635218,TRUE
10013,1000_radii_1,1000,L,0,27,195.6651808,0,-649.5994263,1042.480591,288.049408,-0.013,-1.170000024,-0.455000009,-0.007605009,0.133714435,0.016714304,TRUE
10014,1000_radii_1,1000,L,0,27,195.6818954,0,-649.7268066,1042.522095,288.0417862,-0.013,-1.170000024,-0.455000009,-0.007618056,0.133943845,0.016742981,TRUE
10015,1000_radii_1,1000,L,0,27,195.6985871,0,-649.8538208,1042.563477,288.0341949,-0.013,-1.170000024,-0.455000009,-0.007597043,0.133574374,0.016696797,TRUE
10016,1000_radii_1,1000,L,0,27,195.7152579,0,-649.9801025,1042.604614,288.0266418,-0.013,-1.170000024,-0.455000009,-0.007551719,0.132777478,0.016597185,TRUE
10017,1000_radii_1,1000,L,0,27,195.7318364,0,-650.1067505,1042.645874,288.0190659,-0.013,-1.170000024,-0.455000009,-0.007576578,0.133214564,0.01665182,TRUE
10018,1000_radii_1,1000,L,0,27,195.7485175,0,-650.2336426,1042.687134,288.0114746,-0.013,-1.170000024,-0.455000009,-0.007591,0.133468122,0.016683515,TRUE
10019,1000_radii_1,1000,L,0,27,195.7652065,0,-650.3602905,1042.728271,288.0038986,-0.013,-1.170000024,-0.455000009,-0.00757493,0.133185585,0.016648198,TRUE
10020,1000_radii_1,1000,L,0,27,195.781816,0,-650.4869385,1042.769409,287.9963226,-0.013,-1.170000024,-0.455000009,-0.007573969,0.133168682,0.016646085,TRUE
10021,1000_radii_1,1000,L,0,27,195.7985608,0,-650.6143799,1042.810791,287.9887009,-0.013,-1.170000024,-0.455000009,-0.007620254,0.133982482,0.01674781,TRUE
10022,1000_radii_1,1000,L,0,27,195.8151903,0,-650.7405396,1042.851807,287.9811554,-0.013,-1.170000024,-0.455000009,-0.007545127,0.132661566,0.016582696,TRUE
10023,1000_radii_1,1000,L,0,27,195.831805,0,-650.8670654,1042.892822,287.9735947,-0.013,-1.170000024,-0.455000009,-0.007566278,0.133033451,0.016629181,TRUE
10024,1000_radii_1,1000,L,0,27,195.8484945,0,-650.9943237,1042.934082,287.9659729,-0.013,-1.170000024,-0.455000009,-0.007609129,0.13378688,0.01672336,TRUE
10025,1000_radii_1,1000,L,0,27,195.8651627,0,-651.1211548,1042.97522,287.9583969,-0.013,-1.170000024,-0.455000009,-0.007583171,0.133330476,0.016666309,TRUE
10026,1000_radii_1,1000,L,0,27,195.8818235,0,-651.2476807,1043.016235,287.9508362,-0.013,-1.170000024,-0.455000009,-0.007565866,0.133026206,0.016628276,TRUE
10027,1000_radii_1,1000,L,0,27,195.8984983,0,-651.3748169,1043.057373,287.943222,-0.013,-1.170000024,-0.455000009,-0.007602262,0.133666138,0.016708267,TRUE
10028,1000_radii_1,1000,L,0,27,195.9151525,0,-651.5015869,1043.098389,287.9356461,-0.013,-1.170000024,-0.455000009,-0.007577403,0.133229053,0.016653632,TRUE
10029,1000_radii_1,1000,L,0,27,195.9317582,0,-651.6275635,1043.13916,287.9281235,-0.013,-1.170000024,-0.455000009,-0.007529744,0.132391104,0.016548888,TRUE
10030,1000_radii_1,1000,L,0,27,195.9485667,0,-651.7556763,1043.180664,287.9204636,-0.013,-1.170000024,-0.455000009,-0.007657611,0.134639318,0.016829915,TRUE
10031,1000_radii_1,1000,L,0,27,195.9652345,0,-651.8828125,1043.221802,287.9128647,-0.013,-1.170000024,-0.455000009,-0.007598828,0.133605767,0.016700721,TRUE
10032,1000_radii_1,1000,L,0,27,195.9817879,0,-652.0088501,1043.262573,287.9053268,-0.013,-1.170000024,-0.455000009,-0.007532903,0.132446645,0.016555831,TRUE
10033,1000_radii_1,1000,L,0,27,195.9984783,0,-652.1356812,1043.303589,287.8977585,-0.013,-1.170000024,-0.455000009,-0.007579463,0.133265275,0.016658159,TRUE
10034,1000_radii_1,1000,L,0,27,196.0152533,0,-652.2630615,1043.344727,287.8901443,-0.013,-1.170000024,-0.455000009,-0.007613524,0.133864155,0.016733019,TRUE
10035,1000_radii_1,1000,L,0,27,196.0318762,0,-652.3900757,1043.385742,287.8825455,-0.013,-1.170000024,-0.455000009,-0.007592785,0.133499514,0.016687439,TRUE
10036,1000_radii_1,1000,L,0,27,196.0485063,0,-652.5162964,1043.426514,287.875,-0.013,-1.170000024,-0.455000009,-0.007543616,0.132635002,0.016579375,TRUE
10037,1000_radii_1,1000,L,0,27,196.0652311,0,-652.644104,1043.467773,287.8673706,-0.013,-1.170000024,-0.455000009,-0.00763701,0.134277092,0.016784637,TRUE
10038,1000_radii_1,1000,L,0,27,196.0818503,0,-652.7706299,1043.508545,287.8598099,-0.013,-1.170000024,-0.455000009,-0.007561883,0.132956176,0.016619522,TRUE
10039,1000_radii_1,1000,L,0,27,196.0985305,0,-652.8973999,1043.549438,287.8522339,-0.013,-1.170000024,-0.455000009,-0.007574381,0.133175926,0.016646991,TRUE
10040,1000_radii_1,1000,L,0,27,196.1151528,0,-653.0239868,1043.59021,287.8446655,-0.013,-1.170000024,-0.455000009,-0.007563805,0.132989984,0.016623748,TRUE
10041,1000_radii_1,1000,L,0,27,196.1318505,0,-653.1513672,1043.631226,287.837059,-0.013,-1.170000024,-0.455000009,-0.007612288,0.133842422,0.016730303,TRUE
10042,1000_radii_1,1000,L,0,27,196.148464,0,-653.2772827,1043.671753,287.8295288,-0.013,-1.170000024,-0.455000009,-0.0075248,0.132304169,0.016538021,TRUE
10043,1000_radii_1,1000,L,0,27,196.1651535,0,-653.4047241,1043.712769,287.8219223,-0.013,-1.170000024,-0.455000009,-0.007612837,0.133852081,0.01673151,TRUE
10044,1000_radii_1,1000,L,0,27,196.1818425,0,-653.5320435,1043.753662,287.8143082,-0.013,-1.170000024,-0.455000009,-0.00760803,0.133767562,0.016720945,TRUE
10045,1000_radii_1,1000,L,0,27,196.1985218,0,-653.6590576,1043.794434,287.8067245,-0.013,-1.170000024,-0.455000009,-0.007589077,0.133434314,0.016679289,TRUE
10046,1000_radii_1,1000,L,0,27,196.215176,0,-653.7852783,1043.834961,287.7991791,-0.013,-1.170000024,-0.455000009,-0.007540182,0.132574631,0.016571829,TRUE
10047,1000_radii_1,1000,L,0,27,196.2317548,0,-653.9121704,1043.875732,287.7916031,-0.013,-1.170000024,-0.455000009,-0.007581523,0.133301498,0.016662687,TRUE
10048,1000_radii_1,1000,L,0,27,196.2486773,0,-654.0404053,1043.91687,287.7839432,-0.013,-1.170000024,-0.455000009,-0.007660358,0.134687615,0.016835952,TRUE
10049,1000_radii_1,1000,L,0,27,196.2652634,0,-654.1668701,1043.957397,287.7763748,-0.013,-1.170000024,-0.455000009,-0.007554741,0.132830604,0.016603826,TRUE
10050,1000_radii_1,1000,L,0,27,196.2817963,0,-654.2930908,1043.997925,287.7688446,-0.013,-1.170000024,-0.455000009,-0.00753977,0.132567387,0.016570923,TRUE
10051,1000_radii_1,1000,L,0,27,196.2984372,0,-654.420105,1044.038574,287.761261,-0.013,-1.170000024,-0.455000009,-0.007585368,0.133369113,0.016671139,TRUE
10052,1000_radii_1,1000,L,0,27,196.3151895,0,-654.5471191,1044.079224,287.7536697,-0.013,-1.170000024,-0.455000009,-0.007587291,0.133402921,0.016675365,TRUE
10053,1000_radii_1,1000,L,0,27,196.3317538,0,-654.6738281,1044.119751,287.7461014,-0.013,-1.170000024,-0.455000009,-0.00756669,0.133040695,0.016630087,TRUE
10054,1000_radii_1,1000,L,0,27,196.3484292,0,-654.8009644,1044.1604,287.7385178,-0.013,-1.170000024,-0.455000009,-0.007590862,0.133465707,0.016683213,TRUE
10055,1000_radii_1,1000,L,0,27,196.3652057,0,-654.928772,1044.201294,287.7308807,-0.013,-1.170000024,-0.455000009,-0.007633714,0.134219136,0.016777392,TRUE
10056,1000_radii_1,1000,L,0,27,196.3817878,0,-655.0549316,1044.241577,287.7233505,-0.013,-1.170000024,-0.455000009,-0.007533864,0.132463549,0.016557944,TRUE
10057,1000_radii_1,1000,L,0,27,196.3985135,0,-655.1825562,1044.282349,287.7157288,-0.013,-1.170000024,-0.455000009,-0.007618606,0.133953504,0.016744188,TRUE
10058,1000_radii_1,1000,L,0,27,196.415166,0,-655.3095093,1044.322876,287.7081451,-0.013,-1.170000024,-0.455000009,-0.007580012,0.133274934,0.016659367,TRUE
10059,1000_radii_1,1000,L,0,27,196.4318235,0,-655.4362183,1044.363281,287.7005844,-0.013,-1.170000024,-0.455000009,-0.007566278,0.133033451,0.016629181,TRUE
10060,1000_radii_1,1000,L,0,27,196.4485433,0,-655.5635986,1044.403931,287.6929703,-0.013,-1.170000024,-0.455000009,-0.007604871,0.13371202,0.016714003,TRUE
10061,1000_radii_1,1000,L,0,27,196.4651534,0,-655.6904297,1044.444458,287.6854019,-0.013,-1.170000024,-0.455000009,-0.007573145,0.133154193,0.016644274,TRUE
10062,1000_radii_1,1000,L,0,27,196.4818164,0,-655.8174438,1044.484985,287.6778183,-0.013,-1.170000024,-0.455000009,-0.007582484,0.133318402,0.0166648,TRUE
10063,1000_radii_1,1000,L,0,27,196.4984812,0,-655.9442139,1044.525391,287.6702576,-0.013,-1.170000024,-0.455000009,-0.00756669,0.133040695,0.016630087,TRUE
10064,1000_radii_1,1000,L,0,27,196.5151219,0,-656.071228,1044.565918,287.6626663,-0.013,-1.170000024,-0.455000009,-0.007582759,0.133323231,0.016665404,TRUE
10065,1000_radii_1,1000,L,0,27,196.531796,0,-656.1984253,1044.606445,287.6550827,-0.013,-1.170000024,-0.455000009,-0.007591137,0.133470536,0.016683817,TRUE
10066,1000_radii_1,1000,L,0,27,196.5484853,0,-656.3252563,1044.646851,287.6475143,-0.013,-1.170000024,-0.455000009,-0.007570398,0.133105896,0.016638237,TRUE
10067,1000_radii_1,1000,L,0,27,196.5651742,0,-656.4526367,1044.687378,287.6399002,-0.013,-1.170000024,-0.455000009,-0.007602124,0.133663723,0.016707965,TRUE
10068,1000_radii_1,1000,L,0,27,196.5817768,0,-656.5794678,1044.727661,287.6323395,-0.013,-1.170000024,-0.455000009,-0.007568475,0.133072088,0.016634011,TRUE
10069,1000_radii_1,1000,L,0,27,196.5984972,0,-656.7063599,1044.767944,287.6247711,-0.013,-1.170000024,-0.455000009,-0.007572733,0.133146948,0.016643369,TRUE
10070,1000_radii_1,1000,L,0,27,196.6151155,0,-656.833313,1044.808228,287.6171875,-0.013,-1.170000024,-0.455000009,-0.007576853,0.133219393,0.016652424,TRUE
10071,1000_radii_1,1000,L,0,27,196.6318129,0,-656.9609375,1044.848755,287.6095734,-0.013,-1.170000024,-0.455000009,-0.007614348,0.133878644,0.016734831,TRUE
10072,1000_radii_1,1000,L,0,27,196.64851,0,-657.0882568,1044.88916,287.6019821,-0.013,-1.170000024,-0.455000009,-0.007595669,0.133550226,0.016693778,TRUE
10073,1000_radii_1,1000,L,0,27,196.6652349,0,-657.2151489,1044.929443,287.5943985,-0.013,-1.170000024,-0.455000009,-0.007570673,0.133110725,0.016638841,TRUE
10074,1000_radii_1,1000,L,0,27,196.6818604,0,-657.3426514,1044.969849,287.5862198,-0.014,-1.260000039,-0.490000015,-0.008193115,0.133765147,0.016720643,TRUE
10075,1000_radii_1,1000,L,0,27,196.6985611,0,-657.4697266,1045.010132,287.5780487,-0.014,-1.260000039,-0.490000015,-0.0081659,0.133320816,0.016665102,TRUE
10076,1000_radii_1,1000,L,0,27,196.7152039,0,-657.5968628,1045.050415,287.5692978,-0.015,-1.34999997,-0.524999988,-0.008753299,0.133383602,0.01667295,TRUE
10077,1000_radii_1,1000,L,0,27,196.7318138,0,-657.7230835,1045.090332,287.5606003,-0.015,-1.34999997,-0.524999988,-0.008688008,0.132388689,0.016548586,TRUE
10078,1000_radii_1,1000,L,0,27,196.7485166,0,-657.8509521,1045.130859,287.5512161,-0.016000001,-1.440000068,-0.560000027,-0.009389424,0.134134617,0.016766827,TRUE
10079,1000_radii_1,1000,L,0,27,196.7652053,0,-657.9779663,1045.171021,287.541893,-0.016000001,-1.440000068,-0.560000027,-0.009325189,0.133216978,0.016652122,TRUE
10080,1000_radii_1,1000,L,0,27,196.7818954,0,-658.1055298,1045.211304,287.5319443,-0.017000001,-1.530000083,-0.595000032,-0.009952016,0.133808614,0.016726077,TRUE
10081,1000_radii_1,1000,L,0,27,196.798524,0,-658.2319336,1045.251221,287.5220871,-0.017000001,-1.530000083,-0.595000032,-0.009858622,0.132552898,0.016569112,TRUE
10082,1000_radii_1,1000,L,0,27,196.8150871,0,-658.3585205,1045.291138,287.512207,-0.017000001,-1.530000083,-0.595000032,-0.009874607,0.132767818,0.016595977,TRUE
10083,1000_radii_1,1000,L,0,27,196.8317691,0,-658.4860229,1045.331421,287.5022583,-0.017000001,-1.530000083,-0.595000032,-0.009943934,0.133699946,0.016712493,TRUE
10084,1000_radii_1,1000,L,0,27,196.8485166,0,-658.6137695,1045.371704,287.4923096,-0.017000001,-1.530000083,-0.595000032,-0.00996405,0.133970408,0.016746301,TRUE
10085,1000_radii_1,1000,L,0,27,196.8652245,0,-658.7406616,1045.411743,287.4824066,-0.017000001,-1.530000083,-0.595000032,-0.009893825,0.133026206,0.016628276,TRUE
10086,1000_radii_1,1000,L,0,27,196.8817538,0,-658.8674316,1045.45166,287.4725189,-0.017000001,-1.530000083,-0.595000032,-0.009882869,0.132878901,0.016609863,TRUE
10087,1000_radii_1,1000,L,0,27,196.8984416,0,-658.994751,1045.491699,287.4625931,-0.017000001,-1.530000083,-0.595000032,-0.009929027,0.133499514,0.016687439,TRUE
10088,1000_radii_1,1000,L,0,27,196.9152144,0,-659.1220703,1045.531738,287.4526672,-0.017000001,-1.530000083,-0.595000032,-0.009925435,0.133451218,0.016681402,TRUE
10089,1000_radii_1,1000,L,0,27,196.9318104,0,-659.2491455,1045.571655,287.4427643,-0.017000001,-1.530000083,-0.595000032,-0.009908193,0.133219393,0.016652424,TRUE
10090,1000_radii_1,1000,L,0,27,196.948487,0,-659.3766479,1045.611694,287.4328232,-0.017000001,-1.530000083,-0.595000032,-0.009939624,0.13364199,0.016705249,TRUE
10091,1000_radii_1,1000,L,0,27,196.9652203,0,-659.5043945,1045.651855,287.4222794,-0.017999999,-1.61999993,-0.629999973,-0.010543703,0.133888303,0.016736038,TRUE
10092,1000_radii_1,1000,L,0,27,196.9818507,0,-659.6313477,1045.69165,287.4112167,-0.018999999,-1.709999945,-0.664999979,-0.011060613,0.133060014,0.016632502,TRUE
10093,1000_radii_1,1000,L,0,27,196.9985179,0,-659.7583618,1045.731445,287.4001541,-0.018999999,-1.709999945,-0.664999979,-0.011062821,0.133086577,0.016635822,TRUE
10094,1000_radii_1,1000,L,0,27,197.0151797,0,-659.8858032,1045.771362,287.3884735,-0.02,-1.79999996,-0.699999984,-0.011684588,0.133538152,0.016692269,TRUE
10095,1000_radii_1,1000,L,0,27,197.031766,0,-660.012207,1045.810913,287.3768768,-0.02,-1.79999996,-0.699999984,-0.01158887,0.13244423,0.016555529,TRUE
10096,1000_radii_1,1000,L,0,27,197.0485573,0,-660.140625,1045.851074,287.3645172,-0.021,-1.889999975,-0.73499999,-0.012364884,0.134583777,0.016822972,TRUE
10097,1000_radii_1,1000,L,0,27,197.0652052,0,-660.2669678,1045.890625,287.352356,-0.021,-1.889999975,-0.73499999,-0.012161879,0.1323742,0.016546775,TRUE
10098,1000_radii_1,1000,L,0,27,197.0817948,0,-660.3944092,1045.93042,287.3394928,-0.022,-1.979999989,-0.769999996,-0.012853512,0.133542982,0.016692873,TRUE
10099,1000_radii_1,1000,L,0,27,197.0986522,0,-660.5227661,1045.970459,287.326561,-0.022,-1.979999989,-0.769999996,-0.01294137,0.13445579,0.016806974,TRUE
10100,1000_radii_1,1000,L,0,27,197.115413,0,-660.6502686,1046.010254,287.3136978,-0.022,-1.979999989,-0.769999996,-0.012855139,0.133559885,0.016694986,TRUE
10101,1000_radii_1,1000,L,0,27,197.1317823,0,-660.7761841,1046.049561,287.3010101,-0.022,-1.979999989,-0.769999996,-0.012692904,0.131874328,0.016484291,TRUE
10102,1000_radii_1,1000,L,0,27,197.1484522,0,-660.9029541,1046.089111,287.2882309,-0.022,-1.979999989,-0.769999996,-0.012782621,0.132806456,0.016600807,TRUE
10103,1000_radii_1,1000,L,0,27,197.1651529,0,-661.0306396,1046.128906,287.2753601,-0.022,-1.979999989,-0.769999996,-0.012873268,0.133748243,0.01671853,TRUE
10104,1000_radii_1,1000,L,0,27,197.1817673,0,-661.157959,1046.168457,287.2625198,-0.022,-1.979999989,-0.769999996,-0.012833058,0.133330476,0.016666309,TRUE
10105,1000_radii_1,1000,L,0,27,197.19843,0,-661.2852173,1046.208008,287.2496948,-0.022,-1.979999989,-0.769999996,-0.01282841,0.133282179,0.016660272,TRUE
10106,1000_radii_1,1000,L,0,27,197.2151198,0,-661.4123535,1046.247437,287.2368851,-0.022,-1.979999989,-0.769999996,-0.012811907,0.133110725,0.016638841,TRUE
10107,1000_radii_1,1000,L,0,27,197.231948,0,-661.5413208,1046.287476,287.2244797,-0.021,-1.889999975,-0.73499999,-0.012407038,0.135042596,0.016880325,TRUE
10108,1000_radii_1,1000,L,0,27,197.2485234,0,-661.6677246,1046.32666,287.2123108,-0.021,-1.889999975,-0.73499999,-0.012159439,0.132347637,0.016543455,TRUE
10109,1000_radii_1,1000,L,0,27,197.2652972,0,-661.7960815,1046.366455,287.2005539,-0.02,-1.79999996,-0.699999984,-0.011760022,0.134400249,0.016800031,TRUE
10110,1000_radii_1,1000,L,0,27,197.2818391,0,-661.9224854,1046.40564,287.1895523,-0.018999999,-1.709999945,-0.664999979,-0.010999992,0.132330733,0.016541342,TRUE
10111,1000_radii_1,1000,L,0,27,197.2985148,0,-662.0499878,1046.445068,287.1790466,-0.017999999,-1.61999993,-0.629999973,-0.010509093,0.133448803,0.0166811,TRUE
10112,1000_radii_1,1000,L,0,27,197.3151874,0,-662.1774292,1046.484497,287.1691208,-0.017000001,-1.530000083,-0.595000032,-0.009920047,0.133378773,0.016672347,TRUE
10113,1000_radii_1,1000,L,0,27,197.3318018,0,-662.3041992,1046.523682,287.1592636,-0.017000001,-1.530000083,-0.595000032,-0.009867243,0.13266881,0.016583601,TRUE
10114,1000_radii_1,1000,L,0,27,197.3485554,0,-662.4324951,1046.563232,287.1498642,-0.016000001,-1.440000068,-0.560000027,-0.009398214,0.134260189,0.016782524,TRUE
10115,1000_radii_1,1000,L,0,27,197.3651689,0,-662.5591431,1046.602295,287.1405792,-0.016000001,-1.440000068,-0.560000027,-0.009279379,0.132562557,0.01657032,TRUE
10116,1000_radii_1,1000,L,0,27,197.3818539,0,-662.6870117,1046.641724,287.1317978,-0.015,-1.34999997,-0.524999988,-0.008781507,0.133813443,0.01672668,TRUE
10117,1000_radii_1,1000,L,0,27,197.3985172,0,-662.8138428,1046.680786,287.1230927,-0.015,-1.34999997,-0.524999988,-0.008709085,0.132709862,0.016588733,TRUE
10118,1000_radii_1,1000,L,0,27,197.4150383,0,-662.9406738,1046.719849,287.1143799,-0.015,-1.34999997,-0.524999988,-0.008709401,0.132714692,0.016589336,TRUE
10119,1000_radii_1,1000,L,0,27,197.4317773,0,-663.0687256,1046.759277,287.1061783,-0.014,-1.260000039,-0.490000015,-0.008207167,0.133994556,0.01674932,TRUE
10120,1000_radii_1,1000,L,0,27,197.4484784,0,-663.196167,1046.798462,287.0979996,-0.014,-1.260000039,-0.490000015,-0.008167527,0.13334738,0.016668422,TRUE
10121,1000_radii_1,1000,L,0,27,197.465148,0,-663.3236694,1046.837646,287.0898285,-0.014,-1.260000039,-0.490000015,-0.00817019,0.133390847,0.016673856,TRUE
10122,1000_radii_1,1000,L,0,27,197.4817929,0,-663.4511719,1046.876831,287.0816727,-0.014,-1.260000039,-0.490000015,-0.008170338,0.133393262,0.016674158,TRUE
10123,1000_radii_1,1000,L,0,27,197.4984918,0,-663.5788574,1046.916016,287.0740585,-0.013,-1.170000024,-0.455000009,-0.007598553,0.133600938,0.016700117,TRUE
10124,1000_radii_1,-1,L,0,28,197.5148734,0,-663.7041016,1046.954468,287.0666122,-0.013,-1.170000024,-0.455000009,-0.007452969,0.131041209,0.016380151,FALSE
10125,1000_radii_1,-1,L,0,28,197.5315654,0,-663.8317871,1046.993652,287.059021,-0.013,-1.170000024,-0.455000009,-0.00759512,0.133540567,0.016692571,FALSE
10126,1000_radii_1,-1,L,0,28,197.5482006,0,-663.9589844,1047.032715,287.051445,-0.013,-1.170000024,-0.455000009,-0.007566827,0.13304311,0.016630389,FALSE
10127,1000_radii_1,-1,L,0,28,197.5647812,0,-664.0858154,1047.071655,287.0439072,-0.013,-1.170000024,-0.455000009,-0.0075465,0.132685714,0.016585714,FALSE
10128,1000_radii_1,-1,L,0,28,197.5815806,0,-664.2142944,1047.111084,287.0362549,-0.013,-1.170000024,-0.455000009,-0.007643465,0.13439059,0.016798824,FALSE
10129,1000_radii_1,-1,L,0,28,197.5982645,0,-664.3419189,1047.150146,287.0286713,-0.013,-1.170000024,-0.455000009,-0.007590588,0.133460877,0.01668261,FALSE
10130,1000_radii_1,-1,L,0,28,197.6149431,0,-664.4694824,1047.189209,287.0210876,-0.013,-1.170000024,-0.455000009,-0.007586055,0.133381187,0.016672648,FALSE
10131,1000_radii_1,-1,L,0,28,197.6323623,0,-664.6027832,1047.22998,287.0131531,-0.013,-1.170000024,-0.455000009,-0.007927767,0.139389305,0.017423663,FALSE
10132,1000_radii_1,-1,L,0,28,197.6482353,0,-664.7242432,1047.26709,287.0059357,-0.013,-1.170000024,-0.455000009,-0.007223192,0.127001184,0.015875148,FALSE
10133,1000_radii_1,-1,L,0,28,197.664847,0,-664.8513184,1047.305908,286.9983826,-0.013,-1.170000024,-0.455000009,-0.007557625,0.132881316,0.016610164,FALSE
10134,1000_radii_1,-1,L,0,28,197.681558,0,-664.979187,1047.344971,286.9907761,-0.013,-1.170000024,-0.455000009,-0.007604322,0.133702361,0.016712795,FALSE
10135,1000_radii_1,-1,L,0,28,197.6982445,0,-665.1068726,1047.384033,286.9831772,-0.013,-1.170000024,-0.455000009,-0.007592098,0.13348744,0.01668593,FALSE
10136,1000_radii_1,-1,L,0,28,197.714944,0,-665.2346191,1047.423096,286.9755859,-0.013,-1.170000024,-0.455000009,-0.007595669,0.133550226,0.016693778,FALSE
10137,1000_radii_1,-1,L,0,28,197.7315246,0,-665.3615112,1047.461792,286.9680328,-0.013,-1.170000024,-0.455000009,-0.007546363,0.132683299,0.016585412,FALSE
10138,1000_radii_1,-1,L,0,28,197.7481867,0,-665.4890137,1047.500732,286.9604568,-0.013,-1.170000024,-0.455000009,-0.00758166,0.133303913,0.016662989,FALSE
10139,1000_radii_1,-1,L,0,28,197.7648412,0,-665.6164551,1047.539551,286.9528809,-0.013,-1.170000024,-0.455000009,-0.007577677,0.133233882,0.016654235,FALSE
10140,1000_radii_1,-1,L,0,28,197.781529,0,-665.7441406,1047.578491,286.945282,-0.013,-1.170000024,-0.455000009,-0.007592648,0.1334971,0.016687137,FALSE
10141,1000_radii_1,-1,L,0,28,197.7982541,0,-665.8721313,1047.617432,286.9376755,-0.013,-1.170000024,-0.455000009,-0.007609953,0.133801369,0.016725171,FALSE
10142,1000_radii_1,-1,L,0,28,197.8148534,0,-665.9991455,1047.656128,286.9301224,-0.013,-1.170000024,-0.455000009,-0.00755323,0.132804041,0.016600505,FALSE
10143,1000_radii_1,-1,L,0,28,197.8315898,0,-666.1271973,1047.695068,286.9225082,-0.013,-1.170000024,-0.455000009,-0.007613799,0.133868985,0.016733623,FALSE
10144,1000_radii_1,-1,L,0,28,197.8482286,0,-666.2545776,1047.733765,286.9149399,-0.013,-1.170000024,-0.455000009,-0.007571085,0.13311797,0.016639746,FALSE
10145,1000_radii_1,-1,L,0,28,197.8648487,0,-666.3817749,1047.772461,286.9073792,-0.013,-1.170000024,-0.455000009,-0.007562157,0.132961005,0.016620126,FALSE
10146,1000_radii_1,-1,L,0,28,197.8815051,0,-666.5092773,1047.811157,286.8997955,-0.013,-1.170000024,-0.455000009,-0.007579188,0.133260445,0.016657556,FALSE
10147,1000_radii_1,-1,L,0,28,197.8982656,0,-666.6375732,1047.850098,286.8921661,-0.013,-1.170000024,-0.455000009,-0.007624924,0.134064587,0.016758073,FALSE
10148,1000_radii_1,-1,L,0,28,197.9148733,0,-666.7647095,1047.888672,286.8846054,-0.013,-1.170000024,-0.455000009,-0.007557488,0.132878901,0.016609863,FALSE
10149,1000_radii_1,-1,L,0,28,197.9315475,0,-666.892334,1047.927368,286.8770218,-0.013,-1.170000024,-0.455000009,-0.007587017,0.133398091,0.016674761,FALSE
10150,1000_radii_1,-1,L,0,28,197.9482754,0,-667.0203247,1047.966187,286.8694229,-0.013,-1.170000024,-0.455000009,-0.007607893,0.133765147,0.016720643,FALSE
10151,1000_radii_1,-1,L,0,28,197.9648375,0,-667.1471558,1048.004639,286.8618851,-0.013,-1.170000024,-0.455000009,-0.007538809,0.132550483,0.01656881,FALSE
10152,1000_radii_1,-1,L,0,28,197.9815473,0,-667.2750854,1048.043457,286.8542709,-0.013,-1.170000024,-0.455000009,-0.007603498,0.133687872,0.016710984,FALSE
10153,1000_radii_1,-1,L,0,28,197.9981985,0,-667.4025879,1048.082031,286.8467026,-0.013,-1.170000024,-0.455000009,-0.007576029,0.133204904,0.016650613,FALSE
10154,1000_radii_1,-1,L,0,28,198.014822,0,-667.5298462,1048.120605,286.8391342,-0.013,-1.170000024,-0.455000009,-0.007563943,0.132992398,0.01662405,FALSE
10155,1000_radii_1,-1,L,0,28,198.031488,0,-667.6574707,1048.15918,286.8315582,-0.013,-1.170000024,-0.455000009,-0.007582896,0.133325646,0.016665706,FALSE
10156,1000_radii_1,-1,L,0,28,198.0482171,0,-667.7855835,1048.197876,286.8239441,-0.013,-1.170000024,-0.455000009,-0.007612151,0.133840007,0.016730001,FALSE
10157,1000_radii_1,-1,L,0,28,198.0648771,0,-667.913147,1048.23645,286.8163681,-0.013,-1.170000024,-0.455000009,-0.007579875,0.13327252,0.016659065,FALSE
10158,1000_radii_1,-1,L,0,28,198.0815428,0,-668.0407715,1048.275024,286.8087845,-0.013,-1.170000024,-0.455000009,-0.007583171,0.133330476,0.016666309,FALSE
10159,1000_radii_1,-1,L,0,28,198.0982631,0,-668.1687622,1048.313721,286.801178,-0.013,-1.170000024,-0.455000009,-0.007606107,0.133733754,0.016716719,FALSE
10160,1000_radii_1,-1,L,0,28,198.1148612,0,-668.2958984,1048.352051,286.7936249,-0.013,-1.170000024,-0.455000009,-0.007553367,0.132806456,0.016600807,FALSE
10161,1000_radii_1,-1,L,0,28,198.1314979,0,-668.4232788,1048.390503,286.7860565,-0.013,-1.170000024,-0.455000009,-0.007569025,0.133081747,0.016635218,FALSE
10162,1000_radii_1,-1,L,0,28,198.1481866,0,-668.5510864,1048.429077,286.77845,-0.013,-1.170000024,-0.455000009,-0.007593746,0.133516418,0.016689552,FALSE
10163,1000_radii_1,-1,L,0,28,198.164919,0,-668.6792603,1048.467773,286.7708435,-0.013,-1.170000024,-0.455000009,-0.007613249,0.133859325,0.016732416,FALSE
10164,1000_radii_1,-1,L,0,28,198.1815337,0,-668.8065186,1048.506104,286.7632828,-0.013,-1.170000024,-0.455000009,-0.007560235,0.132927198,0.0166159,FALSE
10165,1000_radii_1,-1,L,0,28,198.1982836,0,-668.9348145,1048.5448,286.755661,-0.013,-1.170000024,-0.455000009,-0.007621078,0.133996971,0.016749621,FALSE
10166,1000_radii_1,-1,L,0,28,198.2148331,0,-669.0615845,1048.583008,286.7481308,-0.013,-1.170000024,-0.455000009,-0.007529607,0.132388689,0.016548586,FALSE
10167,1000_radii_1,-1,L,0,28,198.2314931,0,-669.189209,1048.62146,286.7405472,-0.013,-1.170000024,-0.455000009,-0.007581248,0.133296668,0.016662084,FALSE
10168,1000_radii_1,-1,L,0,28,198.2481573,0,-669.3167114,1048.65979,286.7329712,-0.013,-1.170000024,-0.455000009,-0.007571909,0.133132459,0.016641557,FALSE
10169,1000_radii_1,-1,L,0,28,198.2648224,0,-669.4445801,1048.698242,286.7253799,-0.013,-1.170000024,-0.455000009,-0.007592373,0.13349227,0.016686534,FALSE
10170,1000_radii_1,-1,L,0,28,198.2815258,0,-669.5725098,1048.736694,286.7177887,-0.013,-1.170000024,-0.455000009,-0.007598828,0.133605767,0.016700721,FALSE
10171,1000_radii_1,-1,L,0,28,198.2981658,0,-669.6998901,1048.774902,286.710228,-0.013,-1.170000024,-0.455000009,-0.007562707,0.132970665,0.016621333,FALSE
10172,1000_radii_1,-1,L,0,28,198.3148023,0,-669.8275146,1048.813232,286.702652,-0.013,-1.170000024,-0.455000009,-0.007579051,0.133258031,0.016657254,FALSE
10173,1000_radii_1,-1,L,0,28,198.3314897,0,-669.9553833,1048.851563,286.6950531,-0.013,-1.170000024,-0.455000009,-0.007592922,0.133501929,0.016687741,FALSE
10174,1000_radii_1,-1,L,0,28,198.3481922,0,-670.083374,1048.889893,286.6874542,-0.013,-1.170000024,-0.455000009,-0.00759979,0.133622671,0.016702834,FALSE
10175,1000_radii_1,-1,L,0,28,198.3648691,0,-670.2111816,1048.928223,286.679863,-0.013,-1.170000024,-0.455000009,-0.007587566,0.133407751,0.016675969,FALSE
10176,1000_radii_1,-1,L,0,28,198.3815182,0,-670.3387451,1048.966431,286.6722946,-0.013,-1.170000024,-0.455000009,-0.00757548,0.133195245,0.016649406,FALSE
10177,1000_radii_1,-1,L,0,28,198.3982192,0,-670.4667358,1049.004761,286.6646957,-0.013,-1.170000024,-0.455000009,-0.00759924,0.133613012,0.016701626,FALSE
10178,1000_radii_1,-1,L,0,28,198.4148424,0,-670.5941162,1049.042847,286.6571274,-0.013,-1.170000024,-0.455000009,-0.007562844,0.13297308,0.016621635,FALSE
10179,1000_radii_1,-1,L,0,28,198.4315184,0,-670.7219238,1049.081055,286.6495438,-0.013,-1.170000024,-0.455000009,-0.00758839,0.13342224,0.01667778,FALSE
10180,1000_radii_1,-1,L,0,28,198.4482049,0,-670.8497925,1049.119263,286.6419525,-0.013,-1.170000024,-0.455000009,-0.007591961,0.133485025,0.016685628,FALSE
10181,1000_radii_1,-1,L,0,28,198.4648585,0,-670.977417,1049.157471,286.6343765,-0.013,-1.170000024,-0.455000009,-0.007577677,0.133233882,0.016654235,FALSE
10182,1000_radii_1,-1,L,0,28,198.4815614,0,-671.1054688,1049.195679,286.62677,-0.013,-1.170000024,-0.455000009,-0.007599515,0.133617842,0.01670223,FALSE
10183,1000_radii_1,-1,L,0,28,198.4981833,0,-671.2325439,1049.233643,286.6192245,-0.013,-1.170000024,-0.455000009,-0.007542655,0.132618098,0.016577262,FALSE
10184,1000_radii_1,-1,L,0,28,198.5148701,0,-671.3608398,1049.271973,286.611618,-0.013,-1.170000024,-0.455000009,-0.007613387,0.13386174,0.016732718,FALSE
10185,1000_radii_1,-1,L,0,28,198.5315603,0,-671.4887695,1049.310181,286.6040192,-0.013,-1.170000024,-0.455000009,-0.007594296,0.133526078,0.01669076,TRUE
10186,1000_radii_1,-1,L,0,28,198.5481641,0,-671.6159058,1049.348145,286.5964737,-0.013,-1.170000024,-0.455000009,-0.007545127,0.132661566,0.016582696,TRUE
10187,1000_radii_1,-1,L,0,28,198.5648132,0,-671.7437134,1049.38623,286.5888824,-0.013,-1.170000024,-0.455000009,-0.007584407,0.133352209,0.016669026,TRUE
10188,1000_radii_1,-1,L,0,28,198.5814916,0,-671.871582,1049.424316,286.5813065,-0.013,-1.170000024,-0.455000009,-0.00758839,0.13342224,0.01667778,TRUE
10189,1000_radii_1,-1,L,0,28,198.5981857,0,-671.9995728,1049.462402,286.5737,-0.013,-1.170000024,-0.455000009,-0.007594433,0.133528493,0.016691062,TRUE
10190,1000_radii_1,-1,L,0,28,198.6148146,0,-672.1270752,1049.500366,286.5661392,-0.013,-1.170000024,-0.455000009,-0.007566415,0.133035865,0.016629483,TRUE
10191,1000_radii_1,-1,L,0,28,198.6314953,0,-672.2550049,1049.538452,286.5585556,-0.013,-1.170000024,-0.455000009,-0.007590725,0.133463292,0.016682911,TRUE
10192,1000_radii_1,-1,L,0,28,198.6481973,0,-672.3829956,1049.576538,286.5509491,-0.013,-1.170000024,-0.455000009,-0.007595532,0.133547811,0.016693476,TRUE
10193,1000_radii_1,-1,L,0,28,198.664981,0,-672.5116577,1049.614746,286.5433197,-0.013,-1.170000024,-0.455000009,-0.007635362,0.134248114,0.016781014,TRUE
10194,1000_radii_1,-1,L,0,28,198.6815691,0,-672.638916,1049.652588,286.5357742,-0.013,-1.170000024,-0.455000009,-0.007551857,0.132779893,0.016597487,TRUE
10195,1000_radii_1,-1,L,0,28,198.698192,0,-672.7662354,1049.69043,286.5282059,-0.013,-1.170000024,-0.455000009,-0.007555153,0.132837849,0.016604731,TRUE
10196,1000_radii_1,-1,L,0,28,198.7148589,0,-672.894165,1049.728394,286.5206146,-0.013,-1.170000024,-0.455000009,-0.007589901,0.133448803,0.0166811,TRUE
10197,1000_radii_1,-1,L,0,28,198.7315017,0,-673.0218506,1049.766235,286.5130539,-0.013,-1.170000024,-0.455000009,-0.007573694,0.133163852,0.016645481,TRUE
10198,1000_radii_1,-1,L,0,28,198.7481752,0,-673.1495972,1049.804077,286.5054703,-0.013,-1.170000024,-0.455000009,-0.007579463,0.133265275,0.016658159,TRUE
10199,1000_radii_1,-1,L,0,28,198.7647944,0,-673.2772217,1049.841919,286.4979019,-0.013,-1.170000024,-0.455000009,-0.007569849,0.133096236,0.01663703,TRUE
10200,1000_radii_1,-1,L,0,28,198.7814713,0,-673.4051514,1049.879761,286.4903183,-0.013,-1.170000024,-0.455000009,-0.007588115,0.13341741,0.016677176,TRUE
10201,1000_radii_1,-1,L,0,28,198.7981388,0,-673.532959,1049.917603,286.4827347,-0.013,-1.170000024,-0.455000009,-0.00758221,0.133313572,0.016664196,TRUE
10202,1000_radii_1,-1,L,0,28,198.8148142,0,-673.6608887,1049.955444,286.4751434,-0.013,-1.170000024,-0.455000009,-0.007588802,0.133429484,0.016678686,TRUE
10203,1000_radii_1,-1,L,0,28,198.8314956,0,-673.7888794,1049.993286,286.4675522,-0.013,-1.170000024,-0.455000009,-0.007589626,0.133443973,0.016680497,TRUE
10204,1000_radii_1,-1,L,0,28,198.8481015,0,-673.9162598,1050.031006,286.4599991,-0.013,-1.170000024,-0.455000009,-0.007556389,0.132859582,0.016607448,TRUE
10205,1000_radii_1,-1,L,0,28,198.8648035,0,-674.0444336,1050.068848,286.4524002,-0.013,-1.170000024,-0.455000009,-0.007599652,0.133620256,0.016702532,TRUE
10206,1000_radii_1,-1,L,0,28,198.8815386,0,-674.1727905,1050.106812,286.4447861,-0.013,-1.170000024,-0.455000009,-0.007613524,0.133864155,0.016733019,TRUE
10207,1000_radii_1,-1,L,0,28,198.8982312,0,-674.3009033,1050.144653,286.4371796,-0.013,-1.170000024,-0.455000009,-0.007596493,0.133564715,0.016695589,TRUE
10208,1000_radii_1,-1,L,0,28,198.9149231,0,-674.4289551,1050.182373,286.4295883,-0.013,-1.170000024,-0.455000009,-0.007593609,0.133514003,0.01668925,TRUE
10209,1000_radii_1,-1,L,0,28,198.9315339,0,-674.5563965,1050.219971,286.4220352,-0.013,-1.170000024,-0.455000009,-0.007558449,0.132895805,0.016611976,TRUE
10210,1000_radii_1,-1,L,0,28,198.9482358,0,-674.6844482,1050.25769,286.414444,-0.013,-1.170000024,-0.455000009,-0.007593884,0.133518833,0.016689854,TRUE
10211,1000_radii_1,-1,L,0,28,198.9648176,0,-674.8117676,1050.295166,286.4068909,-0.013,-1.170000024,-0.455000009,-0.007549247,0.132734011,0.016591751,TRUE
10212,1000_radii_1,-1,L,0,28,198.981496,0,-674.9397583,1050.332886,286.399292,-0.013,-1.170000024,-0.455000009,-0.007589351,0.133439144,0.016679893,TRUE
10213,1000_radii_1,-1,L,0,28,198.9982015,0,-675.0678101,1050.370605,286.3917084,-0.013,-1.170000024,-0.455000009,-0.00759306,0.133504344,0.016688043,TRUE
10214,1000_radii_1,-1,L,0,28,199.0148256,0,-675.1955566,1050.408203,286.38414,-0.013,-1.170000024,-0.455000009,-0.007572321,0.133139704,0.016642463,TRUE
10215,1000_radii_1,-1,L,0,28,199.031542,0,-675.3238525,1050.445923,286.3765259,-0.013,-1.170000024,-0.455000009,-0.007605695,0.133726509,0.016715814,TRUE
10216,1000_radii_1,-1,L,0,28,199.0481208,0,-675.4511108,1050.483276,286.3689804,-0.013,-1.170000024,-0.455000009,-0.007543479,0.132632587,0.016579073,TRUE
10217,1000_radii_1,-1,L,0,28,199.0647817,0,-675.5789795,1050.520874,286.361412,-0.013,-1.170000024,-0.455000009,-0.007580561,0.133284594,0.016660574,TRUE
10218,1000_radii_1,-1,L,0,28,199.0815265,0,-675.7075195,1050.558594,286.3537903,-0.013,-1.170000024,-0.455000009,-0.00761888,0.133958334,0.016744792,TRUE
10219,1000_radii_1,-1,L,0,28,199.0982154,0,-675.8355103,1050.596191,286.346199,-0.013,-1.170000024,-0.455000009,-0.007587291,0.133402921,0.016675365,TRUE
10220,1000_radii_1,-1,L,0,28,199.1147987,0,-675.9628906,1050.633545,286.3386536,-0.013,-1.170000024,-0.455000009,-0.007550758,0.132760574,0.016595072,TRUE
10221,1000_radii_1,-1,L,0,28,199.1315634,0,-676.0916138,1050.671265,286.3310242,-0.013,-1.170000024,-0.455000009,-0.007629044,0.134137032,0.016767129,TRUE
10222,1000_radii_1,-1,L,0,28,199.1481672,0,-676.2189941,1050.708618,286.3234711,-0.013,-1.170000024,-0.455000009,-0.007549659,0.132741255,0.016592657,TRUE
10223,1000_radii_1,-1,L,0,28,199.1648251,0,-676.3469849,1050.746094,286.3158798,-0.013,-1.170000024,-0.455000009,-0.00758427,0.133349794,0.016668724,TRUE
10224,1000_radii_1,-1,L,0,28,199.1815859,0,-676.475647,1050.783813,286.3082581,-0.013,-1.170000024,-0.455000009,-0.007626434,0.13409115,0.016761394,TRUE
10225,1000_radii_1,-1,L,0,28,199.1981251,0,-676.6026001,1050.820923,286.3007355,-0.013,-1.170000024,-0.455000009,-0.007524388,0.132296925,0.016537116,TRUE
10226,1000_radii_1,-1,L,0,28,199.2147839,0,-676.7305298,1050.858276,286.2931519,-0.013,-1.170000024,-0.455000009,-0.007580561,0.133284594,0.016660574,TRUE
10227,1000_radii_1,-1,L,0,28,199.2314574,0,-676.8585815,1050.895752,286.2855606,-0.013,-1.170000024,-0.455000009,-0.00758633,0.133386017,0.016673252,TRUE
10228,1000_radii_1,-1,L,0,28,199.2481337,0,-676.9866333,1050.933105,286.2779846,-0.013,-1.170000024,-0.455000009,-0.007587978,0.133414995,0.016676874,TRUE
10229,1000_radii_1,-1,L,0,28,199.2647792,0,-677.1144409,1050.970459,286.2704086,-0.013,-1.170000024,-0.455000009,-0.00757342,0.133159022,0.016644878,TRUE
10230,1000_radii_1,-1,L,0,28,199.2814591,0,-677.2425537,1051.007813,286.2628174,-0.013,-1.170000024,-0.455000009,-0.007589763,0.133446388,0.016680799,TRUE
10231,1000_radii_1,-1,L,0,28,199.2981357,0,-677.3706055,1051.045166,286.2552338,-0.013,-1.170000024,-0.455000009,-0.00758633,0.133386017,0.016673252,TRUE
10232,1000_radii_1,-1,L,0,28,199.3147863,0,-677.4984741,1051.082397,286.2476578,-0.013,-1.170000024,-0.455000009,-0.007576441,0.133212149,0.016651519,TRUE
10233,1000_radii_1,-1,L,0,28,199.3315416,0,-677.6271973,1051.119873,286.240036,-0.013,-1.170000024,-0.455000009,-0.007624237,0.134052512,0.016756564,TRUE
10234,1000_radii_1,-1,L,0,28,199.3482073,0,-677.755188,1051.157104,286.2324524,-0.013,-1.170000024,-0.455000009,-0.00758166,0.133303913,0.016662989,TRUE
10235,1000_radii_1,-1,L,0,28,199.3648353,0,-677.8829346,1051.194336,286.2248764,-0.013,-1.170000024,-0.455000009,-0.007566827,0.13304311,0.016630389,TRUE
10236,1000_radii_1,-1,L,0,28,199.3815913,0,-678.0114746,1051.231689,286.2172699,-0.013,-1.170000024,-0.455000009,-0.007615721,0.133902792,0.016737849,TRUE
10237,1000_radii_1,-1,L,0,28,199.3981815,0,-678.1389771,1051.268799,286.2097168,-0.013,-1.170000024,-0.455000009,-0.007551032,0.132765404,0.016595675,TRUE
10238,1000_radii_1,-1,L,0,28,199.4148904,0,-678.267395,1051.306152,286.2021103,-0.013,-1.170000024,-0.455000009,-0.007607893,0.133765147,0.016720643,TRUE
10239,1000_radii_1,-1,L,0,28,199.4314915,0,-678.3949585,1051.343262,286.1945572,-0.013,-1.170000024,-0.455000009,-0.007554603,0.132828189,0.016603524,TRUE
10240,1000_radii_1,-1,L,0,28,199.4481252,0,-678.5227051,1051.380371,286.1869888,-0.013,-1.170000024,-0.455000009,-0.007566278,0.133033451,0.016629181,TRUE
10241,1000_radii_1,-1,L,0,28,199.4647764,0,-678.6506348,1051.41748,286.1794128,-0.013,-1.170000024,-0.455000009,-0.007577815,0.133236297,0.016654537,TRUE
10242,1000_radii_1,-1,L,0,28,199.4814527,0,-678.7787476,1051.454712,286.1718216,-0.013,-1.170000024,-0.455000009,-0.007587841,0.13341258,0.016676573,TRUE
10243,1000_radii_1,-1,L,0,28,199.4981522,0,-678.9070435,1051.491943,286.1642227,-0.013,-1.170000024,-0.455000009,-0.007598279,0.133596108,0.016699514,TRUE
10244,1000_radii_1,-1,L,0,28,199.514814,0,-679.0350952,1051.529053,286.1566467,-0.013,-1.170000024,-0.455000009,-0.007580973,0.133291838,0.01666148,TRUE
10245,1000_radii_1,-1,L,0,28,199.5315681,0,-679.1638184,1051.566406,286.1490173,-0.013,-1.170000024,-0.455000009,-0.007623413,0.134038023,0.016754753,TRUE
10246,1000_radii_1,-1,L,0,28,199.5480696,0,-679.2905884,1051.603149,286.14151,-0.013,-1.170000024,-0.455000009,-0.007507769,0.132004729,0.016500591,TRUE
10247,1000_radii_1,-1,L,0,28,199.5647471,0,-679.4187012,1051.640259,286.1339188,-0.013,-1.170000024,-0.455000009,-0.007587154,0.133400506,0.016675063,TRUE
10248,1000_radii_1,-1,L,0,28,199.5814439,0,-679.5470581,1051.677368,286.1263275,-0.013,-1.170000024,-0.455000009,-0.007599378,0.133615427,0.016701928,TRUE
10249,1000_radii_1,-1,L,0,28,199.5981413,0,-679.675293,1051.714478,286.1187363,-0.013,-1.170000024,-0.455000009,-0.007592648,0.1334971,0.016687137,TRUE
10250,1000_radii_1,-1,L,0,28,199.6148988,0,-679.8041382,1051.751709,286.1111069,-0.013,-1.170000024,-0.455000009,-0.007626709,0.13409598,0.016761997,TRUE
10251,1000_radii_1,-1,L,0,28,199.631502,0,-679.9317627,1051.788574,286.1035538,-0.013,-1.170000024,-0.455000009,-0.007555977,0.132852338,0.016606542,TRUE
10252,1000_radii_1,-1,L,0,28,199.6481565,0,-680.0597534,1051.825562,286.0959625,-0.013,-1.170000024,-0.455000009,-0.007577815,0.133236297,0.016654537,TRUE
10253,1000_radii_1,-1,L,0,28,199.6648437,0,-680.1880493,1051.862549,286.0883789,-0.013,-1.170000024,-0.455000009,-0.007593334,0.133509174,0.016688647,TRUE
10254,1000_radii_1,-1,L,0,28,199.6815151,0,-680.3161621,1051.899536,286.0807877,-0.013,-1.170000024,-0.455000009,-0.007584819,0.133359454,0.016669932,TRUE
10255,1000_radii_1,-1,L,0,28,199.6981117,0,-680.4437256,1051.936279,286.0732422,-0.013,-1.170000024,-0.455000009,-0.007551582,0.132775063,0.016596883,TRUE
10256,1000_radii_1,-1,L,0,28,199.714829,0,-680.5722656,1051.973267,286.0656281,-0.013,-1.170000024,-0.455000009,-0.007606519,0.133740998,0.016717625,TRUE
10257,1000_radii_1,-1,L,0,28,199.7315128,0,-680.7004395,1052.010132,286.0580521,-0.013,-1.170000024,-0.455000009,-0.007587429,0.133405336,0.016675667,TRUE
10258,1000_radii_1,-1,L,0,28,199.7481037,0,-680.828064,1052.046875,286.050499,-0.013,-1.170000024,-0.455000009,-0.007551582,0.132775063,0.016596883,TRUE
10259,1000_radii_1,-1,L,0,28,199.7647902,0,-680.9563599,1052.08374,286.0429077,-0.013,-1.170000024,-0.455000009,-0.007593197,0.133506759,0.016688345,TRUE
10260,1000_radii_1,-1,L,0,28,199.7814701,0,-681.0845947,1052.120605,286.0353088,-0.013,-1.170000024,-0.455000009,-0.007587291,0.133402921,0.016675365,TRUE
10261,1000_radii_1,-1,L,0,28,199.7981108,0,-681.2125854,1052.157349,286.0277405,-0.013,-1.170000024,-0.455000009,-0.00757342,0.133159022,0.016644878,TRUE
10262,1000_radii_1,-1,L,0,28,199.8147719,0,-681.3406982,1052.194092,286.0201645,-0.013,-1.170000024,-0.455000009,-0.007580287,0.133279764,0.016659971,TRUE
10263,1000_radii_1,-1,L,0,28,199.8315046,0,-681.4693604,1052.231079,286.0125504,-0.013,-1.170000024,-0.455000009,-0.007613661,0.13386657,0.016733321,TRUE
10264,1000_radii_1,-1,L,0,28,199.8481498,0,-681.5973511,1052.267822,286.0049744,-0.013,-1.170000024,-0.455000009,-0.007574793,0.133183171,0.016647896,TRUE
10265,1000_radii_1,-1,L,0,28,199.864872,0,-681.7259521,1052.304688,285.9973602,-0.013,-1.170000024,-0.455000009,-0.00760803,0.133767562,0.016720945,TRUE
10266,1000_radii_1,-1,L,0,28,199.8814858,0,-681.8536987,1052.341309,285.9897995,-0.013,-1.170000024,-0.455000009,-0.007559136,0.132907879,0.016613485,TRUE
10267,1000_radii_1,-1,L,0,28,199.8982287,0,-681.9822998,1052.378174,285.9822006,-0.013,-1.170000024,-0.455000009,-0.007608854,0.133782051,0.016722756,TRUE
10268,1000_radii_1,-1,L,0,28,199.9148603,0,-682.1103516,1052.414795,285.974617,-0.013,-1.170000024,-0.455000009,-0.007576029,0.133204904,0.016650613,TRUE
10269,1000_radii_1,-1,L,0,28,199.9314572,0,-682.2380371,1052.451294,285.9670639,-0.013,-1.170000024,-0.455000009,-0.007552681,0.132794382,0.016599298,TRUE
10270,1000_radii_1,-1,L,0,28,199.9481217,0,-682.3661499,1052.487915,285.9594879,-0.013,-1.170000024,-0.455000009,-0.007580424,0.133282179,0.016660272,TRUE
10271,1000_radii_1,-1,L,0,28,199.964839,0,-682.494751,1052.524658,285.9518738,-0.013,-1.170000024,-0.455000009,-0.007606519,0.133740998,0.016717625,TRUE
10272,1000_radii_1,-1,L,0,28,199.9815129,0,-682.6230469,1052.561279,285.9442978,-0.013,-1.170000024,-0.455000009,-0.007587566,0.133407751,0.016675969,TRUE
10273,1000_radii_1,-1,L,0,28,199.998095,0,-682.7506104,1052.597778,285.9367447,-0.013,-1.170000024,-0.455000009,-0.007545676,0.132671225,0.016583903,TRUE
10274,1000_radii_1,-1,L,0,28,200.0147667,0,-682.8788452,1052.634399,285.9291687,-0.013,-1.170000024,-0.455000009,-0.007584956,0.133361869,0.016670234,TRUE
10275,1000_radii_1,-1,L,0,28,200.031526,0,-683.0077515,1052.671143,285.9215393,-0.013,-1.170000024,-0.455000009,-0.007625061,0.134067002,0.016758375,TRUE
10276,1000_radii_1,-1,L,0,28,200.0481181,0,-683.135376,1052.70752,285.9139862,-0.013,-1.170000024,-0.455000009,-0.007549247,0.132734011,0.016591751,TRUE
10277,1000_radii_1,-1,L,0,28,200.0647605,0,-683.2634277,1052.744019,285.9064102,-0.013,-1.170000024,-0.455000009,-0.007572458,0.133142118,0.016642765,TRUE
10278,1000_radii_1,-1,L,0,28,200.0814395,0,-683.3917847,1052.78064,285.8988266,-0.013,-1.170000024,-0.455000009,-0.007589214,0.133436729,0.016679591,TRUE
10279,1000_radii_1,-1,L,0,28,200.0981411,0,-683.5202637,1052.817261,285.8912201,-0.013,-1.170000024,-0.455000009,-0.007597867,0.133588863,0.016698608,TRUE
10280,1000_radii_1,-1,L,0,28,200.1148165,0,-683.6485596,1052.85376,285.8836441,-0.013,-1.170000024,-0.455000009,-0.007588115,0.13341741,0.016677176,TRUE
10281,1000_radii_1,-1,L,0,28,200.1315018,0,-683.7769775,1052.890259,285.8760452,-0.013,-1.170000024,-0.455000009,-0.007592098,0.13348744,0.01668593,TRUE
10282,1000_radii_1,-1,L,0,28,200.1481543,0,-683.9050903,1052.926758,285.8684769,-0.013,-1.170000024,-0.455000009,-0.007576304,0.133209734,0.016651217,TRUE
10283,1000_radii_1,-1,L,0,28,200.1648052,0,-684.0332031,1052.963135,285.8609009,-0.013,-1.170000024,-0.455000009,-0.007576441,0.133212149,0.016651519,TRUE
10284,1000_radii_1,-1,L,0,28,200.1814202,0,-684.1610718,1052.999512,285.8533401,-0.013,-1.170000024,-0.455000009,-0.007560235,0.132927198,0.0166159,TRUE
10285,1000_radii_1,-1,L,0,28,200.1980777,0,-684.2892456,1053.035889,285.8457565,-0.013,-1.170000024,-0.455000009,-0.007579325,0.13326286,0.016657858,TRUE
10286,1000_radii_1,-1,L,0,28,200.2147486,0,-684.4175415,1053.072266,285.8381653,-0.013,-1.170000024,-0.455000009,-0.007585506,0.133371528,0.016671441,TRUE
10287,1000_radii_1,-1,L,0,28,200.2314245,0,-684.5458984,1053.108643,285.8305817,-0.013,-1.170000024,-0.455000009,-0.007587841,0.13341258,0.016676573,TRUE
10288,1000_radii_1,-1,L,0,28,200.2480637,0,-684.6739502,1053.144897,285.8230133,-0.013,-1.170000024,-0.455000009,-0.007571085,0.13311797,0.016639746,TRUE
10289,1000_radii_1,-1,L,0,28,200.2647478,0,-684.8023682,1053.181274,285.8154144,-0.013,-1.170000024,-0.455000009,-0.007590862,0.133465707,0.016683213,TRUE
10290,1000_radii_1,-1,L,0,28,200.2814482,0,-684.9309082,1053.217651,285.8078232,-0.013,-1.170000024,-0.455000009,-0.007598966,0.133608182,0.016701023,TRUE
10291,1000_radii_1,-1,L,0,28,200.2981269,0,-685.0592651,1053.254028,285.8002319,-0.013,-1.170000024,-0.455000009,-0.007588802,0.133429484,0.016678686,TRUE
10292,1000_radii_1,-1,L,0,28,200.3147624,0,-685.1873169,1053.290283,285.7926559,-0.013,-1.170000024,-0.455000009,-0.007568338,0.133069673,0.016633709,TRUE
10293,1000_radii_1,-1,L,0,28,200.3314647,0,-685.3158569,1053.32666,285.7850723,-0.013,-1.170000024,-0.455000009,-0.007598416,0.133598523,0.016699815,TRUE
10294,1000_radii_1,-1,L,0,28,200.3481711,0,-685.444458,1053.363037,285.7774658,-0.013,-1.170000024,-0.455000009,-0.007601438,0.133651649,0.016706456,TRUE
10295,1000_radii_1,-1,L,0,28,200.3647985,0,-685.5724487,1053.39917,285.7698975,-0.013,-1.170000024,-0.455000009,-0.007565316,0.133016547,0.016627068,TRUE
10296,1000_radii_1,-1,L,0,28,200.3814799,0,-685.7009277,1053.435425,285.7623062,-0.013,-1.170000024,-0.455000009,-0.007592098,0.13348744,0.01668593,TRUE
10297,1000_radii_1,-1,L,0,28,200.3981121,0,-685.8289795,1053.471558,285.7547455,-0.013,-1.170000024,-0.455000009,-0.007567651,0.133057599,0.0166322,TRUE
10298,1000_radii_1,-1,L,0,28,200.4147953,0,-685.9574585,1053.507813,285.7471542,-0.013,-1.170000024,-0.455000009,-0.007590725,0.133463292,0.016682911,TRUE
10299,1000_radii_1,-1,L,0,28,200.4314248,0,-686.0855103,1053.543945,285.7395782,-0.013,-1.170000024,-0.455000009,-0.007566003,0.133028621,0.016628578,TRUE
10300,1000_radii_1,-1,L,0,28,200.4480636,0,-686.213623,1053.580078,285.7320099,-0.013,-1.170000024,-0.455000009,-0.007570261,0.133103481,0.016637935,TRUE
10301,1000_radii_1,-1,L,0,28,200.4648003,0,-686.3424683,1053.616333,285.7244034,-0.013,-1.170000024,-0.455000009,-0.007615035,0.133890718,0.01673634,TRUE
10302,1000_radii_1,-1,L,0,28,200.4814231,0,-686.470459,1053.652344,285.7168274,-0.013,-1.170000024,-0.455000009,-0.007563805,0.132989984,0.016623748,TRUE
10303,1000_radii_1,-1,L,0,28,200.4980785,0,-686.5986938,1053.688477,285.709259,-0.013,-1.170000024,-0.455000009,-0.007577952,0.133238712,0.016654839,TRUE
10304,1000_radii_1,-1,L,0,28,200.5147204,0,-686.7268677,1053.724487,285.701683,-0.013,-1.170000024,-0.455000009,-0.007572321,0.133139704,0.016642463,TRUE
10305,1000_radii_1,-1,L,0,28,200.5314667,0,-686.855835,1053.760742,285.6940613,-0.013,-1.170000024,-0.455000009,-0.007619155,0.133963163,0.016745395,TRUE
10306,1000_radii_1,-1,L,0,28,200.5481387,0,-686.9842529,1053.796875,285.6864777,-0.013,-1.170000024,-0.455000009,-0.007585781,0.133376358,0.016672045,TRUE
10307,1000_radii_1,-1,L,0,28,200.5647396,0,-687.1121216,1053.832764,285.6789169,-0.013,-1.170000024,-0.455000009,-0.007553642,0.132811286,0.016601411,TRUE
10308,1000_radii_1,-1,L,0,28,200.5814158,0,-687.2405396,1053.868774,285.6713409,-0.013,-1.170000024,-0.455000009,-0.007587841,0.13341258,0.016676573,TRUE
10309,1000_radii_1,-1,L,0,28,200.5981473,0,-687.3694458,1053.904907,285.6637192,-0.013,-1.170000024,-0.455000009,-0.007613112,0.133856911,0.016732114,TRUE
10310,1000_radii_1,-1,L,0,28,200.6147702,0,-687.4974976,1053.940796,285.6561584,-0.013,-1.170000024,-0.455000009,-0.007562981,0.132975495,0.016621937,TRUE
10311,1000_radii_1,-1,L,0,28,200.6314383,0,-687.6259155,1053.976807,285.6485825,-0.013,-1.170000024,-0.455000009,-0.007584407,0.133352209,0.016669026,TRUE
10312,1000_radii_1,-1,L,0,28,200.648059,0,-687.7539673,1054.012695,285.6410141,-0.013,-1.170000024,-0.455000009,-0.007562295,0.13296342,0.016620428,TRUE
10313,1000_radii_1,-1,L,0,28,200.6647311,0,-687.8823853,1054.048706,285.6334305,-0.013,-1.170000024,-0.455000009,-0.007585643,0.133373943,0.016671743,TRUE
10314,1000_radii_1,-1,L,0,28,200.6814596,0,-688.0112305,1054.084717,285.625824,-0.013,-1.170000024,-0.455000009,-0.007608168,0.133769976,0.016721247,TRUE
10315,1000_radii_1,-1,L,0,28,200.6980821,0,-688.1393433,1054.120483,285.6182556,-0.013,-1.170000024,-0.455000009,-0.007565042,0.133011717,0.016626465,TRUE
10316,1000_radii_1,-1,L,0,28,200.7147276,0,-688.2676392,1054.156372,285.610672,-0.013,-1.170000024,-0.455000009,-0.00757548,0.133195245,0.016649406,TRUE
10317,1000_radii_1,-1,L,0,28,200.7314274,0,-688.3963013,1054.192383,285.6030807,-0.013,-1.170000024,-0.455000009,-0.007598691,0.133603353,0.016700419,TRUE
10318,1000_radii_1,-1,L,0,28,200.7481731,0,-688.5252686,1054.228394,285.5954666,-0.013,-1.170000024,-0.455000009,-0.007615996,0.133907622,0.016738453,TRUE
10319,1000_radii_1,-1,L,0,28,200.764757,0,-688.6530762,1054.264038,285.5879211,-0.013,-1.170000024,-0.455000009,-0.007547462,0.132702618,0.016587827,TRUE
10320,1000_radii_1,-1,L,0,28,200.7813907,0,-688.78125,1054.299805,285.5803528,-0.013,-1.170000024,-0.455000009,-0.007569299,0.133086577,0.016635822,TRUE
10321,1000_radii_1,-1,L,0,28,200.7980507,0,-688.9096069,1054.335571,285.5727692,-0.013,-1.170000024,-0.455000009,-0.007579875,0.13327252,0.016659065,TRUE
10322,1000_radii_1,-1,L,0,28,200.8147134,0,-689.0380249,1054.371338,285.5651932,-0.013,-1.170000024,-0.455000009,-0.007581935,0.133308742,0.016663593,TRUE
10323,1000_radii_1,-1,L,0,28,200.8314059,0,-689.166626,1054.407227,285.5575943,-0.013,-1.170000024,-0.455000009,-0.007594158,0.133523663,0.016690458,TRUE
10324,1000_radii_1,-1,L,0,28,200.8480997,0,-689.2952881,1054.442993,285.5499954,-0.013,-1.170000024,-0.455000009,-0.007596081,0.133557471,0.016694684,TRUE
10325,1000_radii_1,-1,L,0,28,200.86476,0,-689.4237061,1054.47876,285.5424118,-0.013,-1.170000024,-0.455000009,-0.007581248,0.133296668,0.016662084,TRUE
10326,1000_radii_1,-1,L,0,28,200.881436,0,-689.5522461,1054.514526,285.5348206,-0.013,-1.170000024,-0.455000009,-0.007587429,0.133405336,0.016675667,TRUE
10327,1000_radii_1,-1,L,0,28,200.8980428,0,-689.6802368,1054.550049,285.5272751,-0.013,-1.170000024,-0.455000009,-0.007555977,0.132852338,0.016606542,TRUE
10328,1000_radii_1,-1,L,0,28,200.9147245,0,-689.8088379,1054.585815,285.5196838,-0.013,-1.170000024,-0.455000009,-0.007589901,0.133448803,0.0166811,TRUE
10329,1000_radii_1,-1,L,0,28,200.9314844,0,-689.9380493,1054.621704,285.5120621,-0.013,-1.170000024,-0.455000009,-0.007625885,0.134081491,0.016760186,TRUE
10330,1000_radii_1,-1,L,0,28,200.9481398,0,-690.0664063,1054.657349,285.5044785,-0.013,-1.170000024,-0.455000009,-0.007576853,0.133219393,0.016652424,TRUE
10331,1000_radii_1,-1,L,0,28,200.9647382,0,-690.194397,1054.692871,285.4969254,-0.013,-1.170000024,-0.455000009,-0.007552818,0.132796796,0.0165996,TRUE
10332,1000_radii_1,-1,L,0,28,200.9814109,0,-690.322937,1054.728516,285.4893341,-0.013,-1.170000024,-0.455000009,-0.00758633,0.133386017,0.016673252,TRUE
10333,1000_radii_1,-1,L,0,28,200.9981113,0,-690.4517212,1054.76416,285.4817352,-0.013,-1.170000024,-0.455000009,-0.007599378,0.133615427,0.016701928,TRUE
10334,1000_radii_1,-1,L,0,28,201.0147148,0,-690.5797119,1054.799561,285.4741898,-0.013,-1.170000024,-0.455000009,-0.007554329,0.13282336,0.01660292,TRUE
10335,1000_radii_1,-1,L,0,28,201.0314011,0,-690.708374,1054.835205,285.4665985,-0.013,-1.170000024,-0.455000009,-0.007592648,0.1334971,0.016687137,TRUE
10336,1000_radii_1,-1,L,0,28,201.0481141,0,-690.8372192,1054.87085,285.4589844,-0.013,-1.170000024,-0.455000009,-0.007604047,0.133697531,0.016712191,TRUE
10337,1000_radii_1,-1,L,0,28,201.0647832,0,-690.9657593,1054.906372,285.4514084,-0.013,-1.170000024,-0.455000009,-0.007584956,0.133361869,0.016670234,TRUE
10338,1000_radii_1,-1,L,0,28,201.0814465,0,-691.0942383,1054.941895,285.4438171,-0.013,-1.170000024,-0.455000009,-0.007582072,0.133311157,0.016663895,TRUE
10339,1000_radii_1,-1,L,0,28,201.0982133,0,-691.2235107,1054.977661,285.4361877,-0.013,-1.170000024,-0.455000009,-0.007626984,0.134100809,0.016762601,TRUE
10340,1000_radii_1,-1,L,0,28,201.1147733,0,-691.3512573,1055.012939,285.4286652,-0.013,-1.170000024,-0.455000009,-0.007535787,0.132497357,0.01656217,TRUE
10341,1000_radii_1,-1,L,0,28,201.13152,0,-691.4804077,1055.048584,285.4210358,-0.013,-1.170000024,-0.455000009,-0.007619842,0.133975238,0.016746905,TRUE
10342,1000_radii_1,-1,L,0,28,201.1481087,0,-691.6083374,1055.083862,285.4134903,-0.013,-1.170000024,-0.455000009,-0.007548423,0.132719522,0.01658994,TRUE
10343,1000_radii_1,-1,L,0,28,201.1646736,0,-691.736084,1055.119141,285.4059601,-0.013,-1.170000024,-0.455000009,-0.007536337,0.132507016,0.016563377,TRUE
10344,1000_radii_1,-1,L,0,28,201.1813764,0,-691.8649292,1055.154663,285.3983612,-0.013,-1.170000024,-0.455000009,-0.00759979,0.133622671,0.016702834,TRUE
10345,1000_radii_1,-1,L,0,28,201.1980865,0,-691.9938354,1055.190186,285.3907471,-0.013,-1.170000024,-0.455000009,-0.007603498,0.133687872,0.016710984,TRUE
10346,1000_radii_1,-1,L,0,28,201.214703,0,-692.1220093,1055.225464,285.383194,-0.013,-1.170000024,-0.455000009,-0.007560372,0.132929613,0.016616202,TRUE
10347,1000_radii_1,-1,L,0,28,201.2313919,0,-692.2507324,1055.260864,285.3755951,-0.013,-1.170000024,-0.455000009,-0.007593746,0.133516418,0.016689552,TRUE
10348,1000_radii_1,-1,L,0,28,201.2480275,0,-692.3790283,1055.296143,285.3680344,-0.013,-1.170000024,-0.455000009,-0.007569437,0.133088992,0.016636124,TRUE
10349,1000_radii_1,-1,L,0,28,201.2646983,0,-692.5076294,1055.331543,285.3604431,-0.013,-1.170000024,-0.455000009,-0.007584956,0.133361869,0.016670234,TRUE
10350,1000_radii_1,-1,L,0,28,201.2813891,0,-692.6364136,1055.366943,285.3528519,-0.013,-1.170000024,-0.455000009,-0.007594433,0.133528493,0.016691062,TRUE
10351,1000_radii_1,-1,L,0,28,201.2980904,0,-692.7652588,1055.402344,285.345253,-0.013,-1.170000024,-0.455000009,-0.007598966,0.133608182,0.016701023,TRUE
10352,1000_radii_1,-1,L,0,28,201.3147479,0,-692.8937378,1055.437622,285.3376694,-0.013,-1.170000024,-0.455000009,-0.007578639,0.133250786,0.016656348,TRUE
10353,1000_radii_1,-1,L,0,28,201.3313838,0,-693.0220947,1055.472778,285.330101,-0.013,-1.170000024,-0.455000009,-0.007568887,0.133079333,0.016634917,TRUE
10354,1000_radii_1,-1,L,0,28,201.3481889,0,-693.1517334,1055.508301,285.322464,-0.013,-1.170000024,-0.455000009,-0.007644014,0.134400249,0.016800031,TRUE
10355,1000_radii_1,-1,L,0,28,201.3648078,0,-693.2799683,1055.543457,285.3148956,-0.013,-1.170000024,-0.455000009,-0.007563943,0.132992398,0.01662405,TRUE
10356,1000_radii_1,-1,L,0,28,201.3814228,0,-693.4082031,1055.578613,285.3073349,-0.013,-1.170000024,-0.455000009,-0.007560784,0.132936857,0.016617107,TRUE
10357,1000_radii_1,-1,L,0,28,201.398036,0,-693.536377,1055.613647,285.2997742,-0.013,-1.170000024,-0.455000009,-0.007558449,0.132895805,0.016611976,TRUE
10358,1000_radii_1,-1,L,0,28,201.4147099,0,-693.6650391,1055.648804,285.2921906,-0.013,-1.170000024,-0.455000009,-0.007586742,0.133393262,0.016674158,TRUE
10359,1000_radii_1,-1,L,0,28,201.4314323,0,-693.7940674,1055.684082,285.284584,-0.013,-1.170000024,-0.455000009,-0.007608992,0.133784465,0.016723058,TRUE
10360,1000_radii_1,-1,L,0,28,201.4480983,0,-693.9226685,1055.719238,285.2770004,-0.013,-1.170000024,-0.455000009,-0.007582347,0.133315987,0.016664498,TRUE
10361,1000_radii_1,-1,L,0,28,201.4646979,0,-694.0507813,1055.754272,285.2694473,-0.013,-1.170000024,-0.455000009,-0.007553505,0.132808871,0.016601109,TRUE
10362,1000_radii_1,-1,L,0,28,201.4814313,0,-694.1799316,1055.789551,285.2618256,-0.013,-1.170000024,-0.455000009,-0.007613661,0.13386657,0.016733321,TRUE
10363,1000_radii_1,-1,L,0,28,201.4980254,0,-694.3079834,1055.824463,285.2542725,-0.013,-1.170000024,-0.455000009,-0.007549659,0.132741255,0.016592657,TRUE
10364,1000_radii_1,-1,L,0,28,201.514689,0,-694.4365845,1055.859497,285.2466965,-0.013,-1.170000024,-0.455000009,-0.007582622,0.133320816,0.016665102,TRUE
10365,1000_radii_1,-1,L,0,28,201.5314413,0,-694.5658569,1055.894775,285.2390671,-0.013,-1.170000024,-0.455000009,-0.007622039,0.134013875,0.016751734,TRUE
10366,1000_radii_1,-1,L,0,28,201.5480497,0,-694.6940308,1055.929688,285.231514,-0.013,-1.170000024,-0.455000009,-0.007556252,0.132857167,0.016607146,TRUE
10367,1000_radii_1,-1,L,0,28,201.5647275,0,-694.8227539,1055.964722,285.2239304,-0.013,-1.170000024,-0.455000009,-0.007589351,0.133439144,0.016679893,TRUE
10368,1000_radii_1,-1,L,0,28,201.5814644,0,-694.9519653,1055.999878,285.2163162,-0.013,-1.170000024,-0.455000009,-0.007615172,0.133893133,0.016736642,TRUE
10369,1000_radii_1,-1,L,0,28,201.5980761,0,-695.0802002,1056.03479,285.2087631,-0.013,-1.170000024,-0.455000009,-0.007557762,0.132883731,0.016610466,TRUE
10370,1000_radii_1,-1,L,0,28,201.6147454,0,-695.2089233,1056.069824,285.2011719,-0.013,-1.170000024,-0.455000009,-0.007585231,0.133366698,0.016670837,TRUE
10371,1000_radii_1,-1,L,0,28,201.6314087,0,-695.3375854,1056.104736,285.1935959,-0.013,-1.170000024,-0.455000009,-0.007581798,0.133306327,0.016663291,TRUE
10372,1000_radii_1,-1,L,0,28,201.648008,0,-695.4657593,1056.139526,285.1860428,-0.013,-1.170000024,-0.455000009,-0.007552269,0.132787137,0.016598392,TRUE
10373,1000_radii_1,-1,L,0,28,201.664716,0,-695.5947266,1056.174561,285.1784363,-0.013,-1.170000024,-0.455000009,-0.007601026,0.133644405,0.016705551,TRUE
10374,1000_radii_1,-1,L,0,28,201.6813753,0,-695.7233887,1056.209473,285.1708603,-0.013,-1.170000024,-0.455000009,-0.007581385,0.133299083,0.016662385,TRUE
10375,1000_radii_1,-1,L,0,28,201.6980927,0,-695.852478,1056.244507,285.1632462,-0.013,-1.170000024,-0.455000009,-0.007606245,0.133736169,0.016717021,TRUE
10376,1000_radii_1,-1,L,0,28,201.7146935,0,-695.9806519,1056.279297,285.1556931,-0.013,-1.170000024,-0.455000009,-0.007553505,0.132808871,0.016601109,TRUE
10377,1000_radii_1,-1,L,0,28,201.7314322,0,-696.1099243,1056.314331,285.1480789,-0.013,-1.170000024,-0.455000009,-0.007616134,0.133910037,0.016738755,TRUE
10378,1000_radii_1,-1,L,0,28,201.7480599,0,-696.2383423,1056.349121,285.1405258,-0.013,-1.170000024,-0.455000009,-0.007565316,0.133016547,0.016627068,TRUE
10379,1000_radii_1,-1,L,0,28,201.764715,0,-696.3669434,1056.383911,285.1329346,-0.013,-1.170000024,-0.455000009,-0.007576029,0.133204904,0.016650613,TRUE
10380,1000_radii_1,-1,L,0,28,201.7814502,0,-696.4962158,1056.418823,285.1253357,-0.013,-1.170000024,-0.455000009,-0.007615172,0.133893133,0.016736642,TRUE
10381,1000_radii_1,-1,L,0,28,201.7980169,0,-696.6241455,1056.453369,285.1177902,-0.013,-1.170000024,-0.455000009,-0.007538809,0.132550483,0.01656881,TRUE
10382,1000_radii_1,-1,L,0,28,201.8147743,0,-696.75354,1056.488281,285.1101532,-0.013,-1.170000024,-0.455000009,-0.007624786,0.134062172,0.016757771,TRUE
10383,1000_radii_1,-1,L,0,28,201.8314736,0,-696.8825073,1056.523071,285.1025543,-0.013,-1.170000024,-0.455000009,-0.007598416,0.133598523,0.016699815,TRUE
10384,1000_radii_1,-1,L,0,28,201.8481601,0,-697.0112915,1056.557861,285.0949783,-0.013,-1.170000024,-0.455000009,-0.007585094,0.133364284,0.016670535,TRUE
10385,1000_radii_1,-1,L,0,28,201.8647739,0,-697.1396484,1056.592529,285.08741,-0.013,-1.170000024,-0.455000009,-0.007562707,0.132970665,0.016621333,TRUE
10386,1000_radii_1,-1,L,0,28,201.8813819,0,-697.2680054,1056.627075,285.0798569,-0.013,-1.170000024,-0.455000009,-0.007559136,0.132907879,0.016613485,TRUE
10387,1000_radii_1,-1,L,0,28,201.8980126,0,-697.3964844,1056.661743,285.0722809,-0.013,-1.170000024,-0.455000009,-0.0075682,0.133067258,0.016633407,TRUE
10388,1000_radii_1,-1,L,0,28,201.9146989,0,-697.5253906,1056.696411,285.0646973,-0.013,-1.170000024,-0.455000009,-0.00759251,0.133494685,0.016686836,TRUE
10389,1000_radii_1,-1,L,0,28,201.9313618,0,-697.6541138,1056.731079,285.0571136,-0.013,-1.170000024,-0.455000009,-0.007582072,0.133311157,0.016663895,TRUE
10390,1000_radii_1,-1,L,0,28,201.9480804,0,-697.7832642,1056.765869,285.0495071,-0.013,-1.170000024,-0.455000009,-0.007605009,0.133714435,0.016714304,TRUE
10391,1000_radii_1,-1,L,0,28,201.9647512,0,-697.9120483,1056.800537,285.0419235,-0.013,-1.170000024,-0.455000009,-0.007585918,0.133378773,0.016672347,TRUE
10392,1000_radii_1,-1,L,0,28,201.9813882,0,-698.0405884,1056.835083,285.0343475,-0.013,-1.170000024,-0.455000009,-0.00756875,0.133076918,0.016634615,TRUE
10393,1000_radii_1,-1,L,0,28,201.9980156,0,-698.1690674,1056.869629,285.0267792,-0.013,-1.170000024,-0.455000009,-0.007567651,0.133057599,0.0166322,TRUE
10394,1000_radii_1,-1,L,0,28,202.0147329,0,-698.2982178,1056.904297,285.0191803,-0.013,-1.170000024,-0.455000009,-0.007606107,0.133733754,0.016716719,TRUE
10395,1000_radii_1,-1,L,0,28,202.0313666,0,-698.4267578,1056.938843,285.0116119,-0.013,-1.170000024,-0.455000009,-0.007568613,0.133074503,0.016634313,TRUE
10396,1000_radii_1,-1,L,0,28,202.0480532,0,-698.5556641,1056.973389,285.0040207,-0.013,-1.170000024,-0.455000009,-0.007591961,0.133485025,0.016685628,TRUE
10397,1000_radii_1,-1,L,0,28,202.0647328,0,-698.6845703,1057.007935,284.9964294,-0.013,-1.170000024,-0.455000009,-0.007589214,0.133436729,0.016679591,TRUE
10398,1000_radii_1,-1,L,0,28,202.0814057,0,-698.8134155,1057.04248,284.9888458,-0.013,-1.170000024,-0.455000009,-0.007586605,0.133390847,0.016673856,TRUE
10399,1000_radii_1,-1,L,0,28,202.0981339,0,-698.942627,1057.077026,284.9812317,-0.013,-1.170000024,-0.455000009,-0.007608717,0.133779636,0.016722454,TRUE
10400,1000_radii_1,-1,L,0,28,202.1148008,0,-699.0714722,1057.11145,284.9736481,-0.013,-1.170000024,-0.455000009,-0.007585506,0.133371528,0.016671441,TRUE
10401,1000_radii_1,-1,L,0,28,202.1314125,0,-699.1998901,1057.145752,284.9660873,-0.013,-1.170000024,-0.455000009,-0.007559685,0.132917538,0.016614692,TRUE
10402,1000_radii_1,-1,L,0,28,202.1480027,0,-699.328125,1057.180054,284.9585419,-0.013,-1.170000024,-0.455000009,-0.007547736,0.132707447,0.016588431,TRUE
10403,1000_radii_1,-1,L,0,28,202.1646799,0,-699.4570313,1057.214478,284.950943,-0.013,-1.170000024,-0.455000009,-0.00758839,0.13342224,0.01667778,TRUE
10404,1000_radii_1,-1,L,0,28,202.1814247,0,-699.5861206,1057.248901,284.9433517,-0.013,-1.170000024,-0.455000009,-0.007600202,0.133629916,0.016703739,TRUE
10405,1000_radii_1,-1,L,0,28,202.1980122,0,-699.7146606,1057.283203,284.9357834,-0.013,-1.170000024,-0.455000009,-0.007565454,0.133018962,0.01662737,TRUE
10406,1000_radii_1,-1,L,0,28,202.2146954,0,-699.8436279,1057.317627,284.9281998,-0.013,-1.170000024,-0.455000009,-0.007592098,0.13348744,0.01668593,TRUE
10407,1000_radii_1,-1,L,0,28,202.2313467,0,-699.9723511,1057.351929,284.9206161,-0.013,-1.170000024,-0.455000009,-0.007576166,0.133207319,0.016650915,TRUE
10408,1000_radii_1,-1,L,0,28,202.2479607,0,-700.100769,1057.386108,284.913063,-0.013,-1.170000024,-0.455000009,-0.007559685,0.132917538,0.016614692,TRUE
10409,1000_radii_1,-1,L,0,28,202.2646917,0,-700.2301025,1057.420532,284.9054413,-0.013,-1.170000024,-0.455000009,-0.007612837,0.133852081,0.01673151,TRUE
10410,1000_radii_1,-1,L,0,28,202.2814419,0,-700.359314,1057.454956,284.8978424,-0.013,-1.170000024,-0.455000009,-0.007605421,0.13372168,0.01671521,TRUE
10411,1000_radii_1,-1,L,0,28,202.2981034,0,-700.4884033,1057.489258,284.8902435,-0.013,-1.170000024,-0.455000009,-0.007595807,0.133552641,0.01669408,TRUE
10412,1000_radii_1,-1,L,0,28,202.3147238,0,-700.6168823,1057.523438,284.8826828,-0.013,-1.170000024,-0.455000009,-0.00756202,0.132958591,0.016619824,TRUE
10413,1000_radii_1,-1,L,0,28,202.331445,0,-700.7461548,1057.557739,284.8750763,-0.013,-1.170000024,-0.455000009,-0.00760803,0.133767562,0.016720945,TRUE
10414,1000_radii_1,-1,L,0,28,202.3481002,0,-700.874939,1057.591919,284.8675003,-0.013,-1.170000024,-0.455000009,-0.007577265,0.133226638,0.01665333,TRUE
10415,1000_radii_1,-1,L,0,28,202.3647393,0,-701.0036011,1057.626099,284.8599167,-0.013,-1.170000024,-0.455000009,-0.007571497,0.133125215,0.016640652,TRUE
10416,1000_radii_1,-1,L,0,28,202.3813706,0,-701.1322021,1057.660278,284.8523636,-0.013,-1.170000024,-0.455000009,-0.007567651,0.133057599,0.0166322,TRUE
10417,1000_radii_1,-1,L,0,28,202.3980122,0,-701.2608643,1057.694458,284.8447876,-0.013,-1.170000024,-0.455000009,-0.007571771,0.133130044,0.016641256,TRUE
10418,1000_radii_1,-1,L,0,28,202.4147222,0,-701.3900757,1057.72876,284.8371811,-0.013,-1.170000024,-0.455000009,-0.007603223,0.133683042,0.01671038,TRUE
10419,1000_radii_1,-1,L,0,28,202.4313955,0,-701.5189819,1057.762939,284.8295975,-0.013,-1.170000024,-0.455000009,-0.007585368,0.133369113,0.016671139,TRUE
10420,1000_radii_1,-1,L,0,28,202.4479854,0,-701.6472778,1057.796875,284.8220444,-0.013,-1.170000024,-0.455000009,-0.007549384,0.132736426,0.016592053,TRUE
10421,1000_radii_1,-1,L,0,28,202.4646714,0,-701.7763062,1057.831055,284.8144608,-0.013,-1.170000024,-0.455000009,-0.007591686,0.133480196,0.016685024,TRUE
10422,1000_radii_1,-1,L,0,28,202.4813715,0,-701.9053955,1057.865234,284.8068542,-0.013,-1.170000024,-0.455000009,-0.00759512,0.133540567,0.016692571,TRUE
10423,1000_radii_1,-1,L,0,28,202.4979979,0,-702.0340576,1057.899292,284.7992859,-0.013,-1.170000024,-0.455000009,-0.0075682,0.133067258,0.016633407,TRUE
10424,1000_radii_1,-1,L,0,28,202.5146818,0,-702.1630859,1057.93335,284.7917023,-0.013,-1.170000024,-0.455000009,-0.007591274,0.133472951,0.016684119,TRUE
10425,1000_radii_1,-1,L,0,28,202.531349,0,-702.2918701,1057.967407,284.7841263,-0.013,-1.170000024,-0.455000009,-0.007574656,0.133180756,0.016647594,TRUE
10426,1000_radii_1,-1,L,0,28,202.5480476,0,-702.4212036,1058.001587,284.7765121,-0.013,-1.170000024,-0.455000009,-0.007606931,0.133748243,0.01671853,TRUE
10427,1000_radii_1,-1,L,0,28,202.5647009,0,-702.5500488,1058.035522,284.7689438,-0.013,-1.170000024,-0.455000009,-0.007577403,0.133229053,0.016653632,TRUE
10428,1000_radii_1,-1,L,0,28,202.5813847,0,-702.6791382,1058.06958,284.7613525,-0.013,-1.170000024,-0.455000009,-0.007591824,0.133482611,0.016685326,TRUE
10429,1000_radii_1,-1,L,0,28,202.5980498,0,-702.8080444,1058.103516,284.7537689,-0.013,-1.170000024,-0.455000009,-0.007582484,0.133318402,0.0166648,TRUE
10430,1000_radii_1,-1,L,0,28,202.6146546,0,-702.9365234,1058.137329,284.7462158,-0.013,-1.170000024,-0.455000009,-0.007554741,0.132830604,0.016603826,TRUE
10431,1000_radii_1,-1,L,0,28,202.6313583,0,-703.0656738,1058.171265,284.7386169,-0.013,-1.170000024,-0.455000009,-0.007595257,0.133542982,0.016692873,TRUE
10432,1000_radii_1,-1,L,0,28,202.6479561,0,-703.1941528,1058.205078,284.7310638,-0.013,-1.170000024,-0.455000009,-0.007557213,0.132874071,0.016609259,TRUE
10433,1000_radii_1,-1,L,0,28,202.6646752,0,-703.3234863,1058.239136,284.7234573,-0.013,-1.170000024,-0.455000009,-0.007607206,0.133753073,0.016719134,TRUE
10434,1000_radii_1,-1,L,0,28,202.6814324,0,-703.453064,1058.273193,284.7158279,-0.013,-1.170000024,-0.455000009,-0.007619842,0.133975238,0.016746905,TRUE
10435,1000_radii_1,-1,L,0,28,202.6980664,0,-703.5817871,1058.307007,284.7082596,-0.013,-1.170000024,-0.455000009,-0.007569437,0.133088992,0.016636124,TRUE
10436,1000_radii_1,-1,L,0,28,202.7147161,0,-703.7106323,1058.34082,284.7006912,-0.013,-1.170000024,-0.455000009,-0.007577403,0.133229053,0.016653632,TRUE
10437,1000_radii_1,-1,L,0,28,202.7313447,0,-703.8393555,1058.374634,284.6931152,-0.013,-1.170000024,-0.455000009,-0.007567926,0.133062429,0.016632804,TRUE
10438,1000_radii_1,-1,L,0,28,202.7480204,0,-703.9683838,1058.408447,284.6855392,-0.013,-1.170000024,-0.455000009,-0.007586055,0.133381187,0.016672648,TRUE
10439,1000_radii_1,-1,L,0,28,202.7646903,0,-704.0974121,1058.442261,284.6779404,-0.013,-1.170000024,-0.455000009,-0.007585231,0.133366698,0.016670837,TRUE
10440,1000_radii_1,-1,L,0,28,202.7813877,0,-704.2265625,1058.476074,284.6703568,-0.013,-1.170000024,-0.455000009,-0.007594433,0.133528493,0.016691062,TRUE
10441,1000_radii_1,-1,L,0,28,202.7980615,0,-704.3556519,1058.509888,284.6627579,-0.013,-1.170000024,-0.455000009,-0.007588939,0.133431899,0.016678987,TRUE
10442,1000_radii_1,-1,L,0,28,202.814695,0,-704.484375,1058.543579,284.6551971,-0.013,-1.170000024,-0.455000009,-0.007568613,0.133074503,0.016634313,TRUE
10443,1000_radii_1,-1,L,0,28,202.8313981,0,-704.6136475,1058.577393,284.6475983,-0.013,-1.170000024,-0.455000009,-0.007600339,0.133632331,0.016704041,TRUE
10444,1000_radii_1,-1,L,0,28,202.8479992,0,-704.7421265,1058.610962,284.6400452,-0.013,-1.170000024,-0.455000009,-0.007552955,0.132799211,0.016599901,TRUE
10445,1000_radii_1,-1,L,0,28,202.8647485,0,-704.8717651,1058.644775,284.6324234,-0.013,-1.170000024,-0.455000009,-0.007620666,0.133989727,0.016748716,TRUE
10446,1000_radii_1,-1,L,0,28,202.8813146,0,-704.999939,1058.678223,284.6248932,-0.013,-1.170000024,-0.455000009,-0.007532491,0.1324394,0.016554925,TRUE
10447,1000_radii_1,-1,L,0,28,202.8980298,0,-705.1294556,1058.712036,284.6172791,-0.013,-1.170000024,-0.455000009,-0.007611739,0.133832762,0.016729095,TRUE
10448,1000_radii_1,-1,L,0,28,202.9146575,0,-705.2581787,1058.745605,284.6097107,-0.013,-1.170000024,-0.455000009,-0.007565316,0.133016547,0.016627068,TRUE
10449,1000_radii_1,-1,L,0,28,202.9313283,0,-705.387085,1058.779175,284.6021423,-0.013,-1.170000024,-0.455000009,-0.007575754,0.133200074,0.016650009,TRUE
10450,1000_radii_1,-1,L,0,28,202.9480378,0,-705.5166016,1058.812866,284.5945282,-0.013,-1.170000024,-0.455000009,-0.007611189,0.133823103,0.016727888,TRUE
10451,1000_radii_1,-1,L,0,28,202.9646893,0,-705.6455078,1058.846436,284.5869522,-0.013,-1.170000024,-0.455000009,-0.007577128,0.133224223,0.016653028,TRUE
10452,1000_radii_1,-1,L,0,28,202.9813596,0,-705.7744751,1058.880005,284.579361,-0.013,-1.170000024,-0.455000009,-0.007579463,0.133265275,0.016658159,TRUE
10453,1000_radii_1,-1,L,0,28,202.9980238,0,-705.9036255,1058.913574,284.5717773,-0.013,-1.170000024,-0.455000009,-0.007588115,0.13341741,0.016677176,TRUE
10454,1000_radii_1,-1,L,0,28,203.0146454,0,-706.0323486,1058.947021,284.5642166,-0.013,-1.170000024,-0.455000009,-0.007563256,0.132980324,0.016622541,TRUE
10455,1000_radii_1,-1,L,0,28,203.0313745,0,-706.1618652,1058.980713,284.5566101,-0.013,-1.170000024,-0.455000009,-0.007612013,0.133837592,0.016729699,TRUE
10456,1000_radii_1,-1,L,0,28,203.0480435,0,-706.2908936,1059.014282,284.5490265,-0.013,-1.170000024,-0.455000009,-0.007583583,0.13333772,0.016667215,TRUE
10457,1000_radii_1,-1,L,0,28,203.0647409,0,-706.420166,1059.047852,284.54142,-0.013,-1.170000024,-0.455000009,-0.007597043,0.133574374,0.016696797,TRUE
10458,1000_radii_1,-1,L,0,28,203.0814048,0,-706.5491943,1059.081299,284.5338364,-0.013,-1.170000024,-0.455000009,-0.007582896,0.133325646,0.016665706,TRUE
10459,1000_radii_1,-1,L,0,28,203.0980298,0,-706.6779175,1059.114624,284.5262833,-0.013,-1.170000024,-0.455000009,-0.007563119,0.132977909,0.016622239,TRUE
10460,1000_radii_1,-1,L,0,28,203.1146958,0,-706.8070068,1059.148071,284.5186996,-0.013,-1.170000024,-0.455000009,-0.007582759,0.133323231,0.016665404,TRUE
10461,1000_radii_1,-1,L,0,28,203.1313186,0,-706.9356689,1059.181396,284.5111389,-0.013,-1.170000024,-0.455000009,-0.00755941,0.132912709,0.016614089,TRUE
10462,1000_radii_1,-1,L,0,28,203.1479994,0,-707.0649414,1059.214844,284.50354,-0.013,-1.170000024,-0.455000009,-0.007594845,0.133535737,0.016691967,TRUE
10463,1000_radii_1,-1,L,0,28,203.1647505,0,-707.1947021,1059.248413,284.4959259,-0.013,-1.170000024,-0.455000009,-0.007621765,0.134009045,0.016751131,TRUE
10464,1000_radii_1,-1,L,0,28,203.1814003,0,-707.3236694,1059.281738,284.4883423,-0.013,-1.170000024,-0.455000009,-0.00757548,0.133195245,0.016649406,TRUE
10465,1000_radii_1,-1,L,0,28,203.1980346,0,-707.4525146,1059.315063,284.4807739,-0.013,-1.170000024,-0.455000009,-0.00756875,0.133076918,0.016634615,TRUE
10466,1000_radii_1,-1,L,0,28,203.2146565,0,-707.5812988,1059.348267,284.4732056,-0.013,-1.170000024,-0.455000009,-0.007563531,0.132985154,0.016623144,TRUE
10467,1000_radii_1,-1,L,0,28,203.2312824,0,-707.710083,1059.38147,284.4656448,-0.013,-1.170000024,-0.455000009,-0.00756463,0.133004473,0.016625559,TRUE
10468,1000_radii_1,-1,L,0,28,203.2479466,0,-707.8391724,1059.414795,284.4580688,-0.013,-1.170000024,-0.455000009,-0.007582072,0.133311157,0.016663895,TRUE
10469,1000_radii_1,-1,L,0,28,203.26473,0,-707.9691772,1059.448364,284.4504318,-0.013,-1.170000024,-0.455000009,-0.007634263,0.134228796,0.016778599,TRUE
10470,1000_radii_1,-1,L,0,28,203.281377,0,-708.0980225,1059.481567,284.4428635,-0.013,-1.170000024,-0.455000009,-0.007567102,0.13304794,0.016630992,TRUE
10471,1000_radii_1,-1,L,0,28,203.2980095,0,-708.2270508,1059.514771,284.4352875,-0.013,-1.170000024,-0.455000009,-0.007576716,0.133216978,0.016652122,TRUE
10472,1000_radii_1,-1,L,0,28,203.3147005,0,-708.3563843,1059.548096,284.4276962,-0.013,-1.170000024,-0.455000009,-0.007594433,0.133528493,0.016691062,TRUE
10473,1000_radii_1,-1,L,0,28,203.3313877,0,-708.4855347,1059.581299,284.4201126,-0.013,-1.170000024,-0.455000009,-0.007583995,0.133344965,0.016668121,TRUE
10474,1000_radii_1,-1,L,0,28,203.348003,0,-708.6143799,1059.61438,284.4125443,-0.013,-1.170000024,-0.455000009,-0.007565591,0.133021376,0.016627672,TRUE
10475,1000_radii_1,-1,L,0,28,203.364672,0,-708.7435913,1059.647583,284.404953,-0.013,-1.170000024,-0.455000009,-0.007586467,0.133388432,0.016673554,TRUE
10476,1000_radii_1,-1,L,0,28,203.3813127,0,-708.8725586,1059.680664,284.397377,-0.013,-1.170000024,-0.455000009,-0.007573008,0.133151778,0.016643972,TRUE
10477,1000_radii_1,-1,L,0,28,203.3979702,0,-709.0016479,1059.713745,284.3898087,-0.013,-1.170000024,-0.455000009,-0.007579188,0.133260445,0.016657556,TRUE
10478,1000_radii_1,-1,L,0,28,203.4146966,0,-709.1312866,1059.746948,284.3821945,-0.013,-1.170000024,-0.455000009,-0.007610228,0.133806199,0.016725775,TRUE
10479,1000_radii_1,-1,L,0,28,203.4313055,0,-709.2600098,1059.779907,284.3746338,-0.013,-1.170000024,-0.455000009,-0.00755735,0.132876486,0.016609561,TRUE
10480,1000_radii_1,-1,L,0,28,203.4479734,0,-709.3891602,1059.812988,284.3670502,-0.013,-1.170000024,-0.455000009,-0.007584132,0.13334738,0.016668422,TRUE
10481,1000_radii_1,-1,L,0,28,203.4646499,0,-709.5183716,1059.846069,284.3594666,-0.013,-1.170000024,-0.455000009,-0.007587017,0.133398091,0.016674761,TRUE
10482,1000_radii_1,-1,L,0,28,203.4813042,0,-709.6474609,1059.87915,284.3518906,-0.013,-1.170000024,-0.455000009,-0.007578227,0.133243542,0.016655443,TRUE
10483,1000_radii_1,-1,L,0,28,203.4979717,0,-709.7766724,1059.912231,284.3443069,-0.013,-1.170000024,-0.455000009,-0.007583858,0.13334255,0.016667819,TRUE
10484,1000_radii_1,-1,L,0,28,203.5147062,0,-709.9063721,1059.945435,284.3366852,-0.013,-1.170000024,-0.455000009,-0.007613661,0.13386657,0.016733321,TRUE
10485,1000_radii_1,-1,L,0,28,203.5313807,0,-710.0354004,1059.978394,284.3291092,-0.013,-1.170000024,-0.455000009,-0.007573557,0.133161437,0.01664518,TRUE
10486,1000_radii_1,1000,L,0,29,203.548066,0,-710.164917,1060.011475,284.3215179,-0.013,-1.170000024,-0.455000009,-0.00760391,0.133695116,0.01671189,FALSE
10487,1000_radii_1,1000,L,0,29,203.5647148,0,-710.2940063,1060.044434,284.313942,-0.013,-1.170000024,-0.455000009,-0.007576304,0.133209734,0.016651217,FALSE
10488,1000_radii_1,1000,L,0,29,203.5812803,0,-710.4224243,1060.077148,284.3064041,-0.013,-1.170000024,-0.455000009,-0.007538397,0.132543238,0.016567905,FALSE
10489,1000_radii_1,1000,L,0,29,203.5979116,0,-710.5513306,1060.109985,284.2988358,-0.013,-1.170000024,-0.455000009,-0.00756669,0.133040695,0.016630087,FALSE
10490,1000_radii_1,1000,L,0,29,203.6147593,0,-710.6817627,1060.143188,284.2911758,-0.013,-1.170000024,-0.455000009,-0.007655139,0.134595851,0.016824481,FALSE
10491,1000_radii_1,1000,L,0,29,203.6320637,0,-710.81604,1060.177368,284.2832947,-0.013,-1.170000024,-0.455000009,-0.007881619,0.13857792,0.01732224,FALSE
10492,1000_radii_1,1000,L,0,29,203.6479241,0,-710.9390259,1060.20874,284.2760773,-0.013,-1.170000024,-0.455000009,-0.007219072,0.126928739,0.015866092,FALSE
10493,1000_radii_1,1000,L,0,29,203.6646336,0,-711.0686035,1060.241699,284.2684708,-0.013,-1.170000024,-0.455000009,-0.007602811,0.133675798,0.016709475,FALSE
10494,1000_radii_1,1000,L,0,29,203.681244,0,-711.1973877,1060.274414,284.26091,-0.013,-1.170000024,-0.455000009,-0.007557625,0.132881316,0.016610164,FALSE
10495,1000_radii_1,1000,L,0,29,203.6979306,0,-711.3267822,1060.307251,284.2533264,-0.013,-1.170000024,-0.455000009,-0.007592098,0.13348744,0.01668593,FALSE
10496,1000_radii_1,1000,L,0,29,203.7146114,0,-711.4561157,1060.340088,284.2457275,-0.013,-1.170000024,-0.455000009,-0.007590176,0.133453633,0.016681704,FALSE
10497,1000_radii_1,1000,L,0,29,203.7313045,0,-711.5855713,1060.372925,284.2381363,-0.013,-1.170000024,-0.455000009,-0.007595395,0.133545396,0.016693175,FALSE
10498,1000_radii_1,1000,L,0,29,203.7479763,0,-711.7148438,1060.405762,284.2305603,-0.013,-1.170000024,-0.455000009,-0.007585643,0.133373943,0.016671743,FALSE
10499,1000_radii_1,1000,L,0,29,203.7647012,0,-711.8445435,1060.438599,284.2229385,-0.013,-1.170000024,-0.455000009,-0.007609266,0.133789295,0.016723662,FALSE
10500,1000_radii_1,1000,L,0,29,203.7813017,0,-711.9732666,1060.471191,284.2153931,-0.013,-1.170000024,-0.455000009,-0.007552681,0.132794382,0.016599298,FALSE
10501,1000_radii_1,1000,L,0,29,203.7980335,0,-712.1029663,1060.504028,284.2077713,-0.013,-1.170000024,-0.455000009,-0.007610914,0.133818273,0.016727284,FALSE
10502,1000_radii_1,1000,L,0,29,203.8146636,0,-712.2319946,1060.536743,284.2002029,-0.013,-1.170000024,-0.455000009,-0.007568887,0.133079333,0.016634917,FALSE
10503,1000_radii_1,1000,L,0,29,203.8312885,0,-712.3609619,1060.569336,284.1926498,-0.013,-1.170000024,-0.455000009,-0.007565316,0.133016547,0.016627068,FALSE
10504,1000_radii_1,1000,L,0,29,203.8479074,0,-712.4898682,1060.601929,284.1850815,-0.013,-1.170000024,-0.455000009,-0.007561471,0.132948931,0.016618616,FALSE
10505,1000_radii_1,1000,L,0,29,203.8646722,0,-712.619873,1060.634766,284.1774521,-0.013,-1.170000024,-0.455000009,-0.007626572,0.134093565,0.016761696,FALSE
10506,1000_radii_1,1000,L,0,29,203.8812561,0,-712.7485352,1060.667236,284.1699142,-0.013,-1.170000024,-0.455000009,-0.007546775,0.132690544,0.016586318,FALSE
10507,1000_radii_1,1000,L,0,29,203.8979839,0,-712.8782959,1060.699951,284.1623001,-0.013,-1.170000024,-0.455000009,-0.007611326,0.133825518,0.01672819,FALSE
10508,1000_radii_1,1000,L,0,29,203.9146032,0,-713.0072021,1060.732422,284.1547318,-0.013,-1.170000024,-0.455000009,-0.007561471,0.132948931,0.016618616,FALSE
10509,1000_radii_1,1000,L,0,29,203.9313099,0,-713.1367798,1060.765137,284.1471329,-0.013,-1.170000024,-0.455000009,-0.007602262,0.133666138,0.016708267,FALSE
10510,1000_radii_1,1000,L,0,29,203.9479451,0,-713.2658081,1060.797607,284.1395645,-0.013,-1.170000024,-0.455000009,-0.007567376,0.133052769,0.016631596,FALSE
10511,1000_radii_1,1000,L,0,29,203.9646344,0,-713.3952637,1060.8302,284.1319733,-0.013,-1.170000024,-0.455000009,-0.007594433,0.133528493,0.016691062,FALSE
10512,1000_radii_1,1000,L,0,29,203.9813134,0,-713.5246582,1060.862793,284.1243896,-0.013,-1.170000024,-0.455000009,-0.007587703,0.133410165,0.016676271,FALSE
10513,1000_radii_1,1000,L,0,29,203.997941,0,-713.6536865,1060.895264,284.1168137,-0.013,-1.170000024,-0.455000009,-0.007566415,0.133035865,0.016629483,FALSE
10514,1000_radii_1,1000,L,0,29,204.0146339,0,-713.7832031,1060.927856,284.1092224,-0.013,-1.170000024,-0.455000009,-0.007595532,0.133547811,0.016693476,FALSE
10515,1000_radii_1,1000,L,0,29,204.0313165,0,-713.9126587,1060.960449,284.1016235,-0.013,-1.170000024,-0.455000009,-0.007591274,0.133472951,0.016684119,FALSE
10516,1000_radii_1,1000,L,0,29,204.047994,0,-714.0420532,1060.99292,284.0940475,-0.013,-1.170000024,-0.455000009,-0.007588115,0.13341741,0.016677176,FALSE
10517,1000_radii_1,1000,L,0,29,204.0646567,0,-714.1713257,1061.025391,284.0864639,-0.013,-1.170000024,-0.455000009,-0.007581385,0.133299083,0.016662385,FALSE
10518,1000_radii_1,1000,L,0,29,204.0812877,0,-714.300354,1061.057739,284.0788956,-0.013,-1.170000024,-0.455000009,-0.007567788,0.133060014,0.016632502,FALSE
10519,1000_radii_1,1000,L,0,29,204.0979332,0,-714.4295044,1061.090088,284.0713272,-0.013,-1.170000024,-0.455000009,-0.007572183,0.133137289,0.016642161,FALSE
10520,1000_radii_1,1000,L,0,29,204.1146227,0,-714.55896,1061.122559,284.0637283,-0.013,-1.170000024,-0.455000009,-0.007591686,0.133480196,0.016685024,FALSE
10521,1000_radii_1,1000,L,0,29,204.1312456,0,-714.6879883,1061.154907,284.0561676,-0.013,-1.170000024,-0.455000009,-0.007566278,0.133033451,0.016629181,FALSE
10522,1000_radii_1,1000,L,0,29,204.1479578,0,-714.817688,1061.187378,284.0485535,-0.013,-1.170000024,-0.455000009,-0.007605009,0.133714435,0.016714304,FALSE
10523,1000_radii_1,1000,L,0,29,204.1646174,0,-714.9469604,1061.219727,284.0409775,-0.013,-1.170000024,-0.455000009,-0.007579051,0.133258031,0.016657254,FALSE
10524,1000_radii_1,1000,L,0,29,204.1812813,0,-715.0762939,1061.252075,284.0334015,-0.013,-1.170000024,-0.455000009,-0.00758221,0.133313572,0.016664196,FALSE
10525,1000_radii_1,1000,L,0,29,204.197912,0,-715.2053833,1061.284302,284.0258331,-0.013,-1.170000024,-0.455000009,-0.007567102,0.13304794,0.016630992,FALSE
10526,1000_radii_1,1000,L,0,29,204.2145907,0,-715.3348389,1061.31665,284.0182343,-0.013,-1.170000024,-0.455000009,-0.007589214,0.133436729,0.016679591,FALSE
10527,1000_radii_1,1000,L,0,29,204.2312386,0,-715.4640503,1061.348877,284.0106659,-0.013,-1.170000024,-0.455000009,-0.007575205,0.133190415,0.016648802,FALSE
10528,1000_radii_1,1000,L,0,29,204.2479792,0,-715.5939941,1061.381348,284.0030441,-0.013,-1.170000024,-0.455000009,-0.007616683,0.133919696,0.016739962,FALSE
10529,1000_radii_1,1000,L,0,29,204.2646343,0,-715.7232666,1061.413574,283.9954681,-0.013,-1.170000024,-0.455000009,-0.007577403,0.133229053,0.016653632,FALSE
10530,1000_radii_1,1000,L,0,29,204.2812626,0,-715.852356,1061.445801,283.9878998,-0.013,-1.170000024,-0.455000009,-0.00756614,0.133031036,0.016628879,FALSE
10531,1000_radii_1,1000,L,0,29,204.2979283,0,-715.9817505,1061.478027,283.9803238,-0.013,-1.170000024,-0.455000009,-0.007583171,0.133330476,0.016666309,FALSE
10532,1000_radii_1,1000,L,0,29,204.3145834,0,-716.1110229,1061.510254,283.9727478,-0.013,-1.170000024,-0.455000009,-0.007577265,0.133226638,0.01665333,FALSE
10533,1000_radii_1,1000,L,0,29,204.3312271,0,-716.2402344,1061.542358,283.9651794,-0.013,-1.170000024,-0.455000009,-0.007573145,0.133154193,0.016644274,FALSE
10534,1000_radii_1,1000,L,0,29,204.3478919,0,-716.3696289,1061.574585,283.9575882,-0.013,-1.170000024,-0.455000009,-0.007582622,0.133320816,0.016665102,FALSE
10535,1000_radii_1,1000,L,0,29,204.3645914,0,-716.4992676,1061.606812,283.9499969,-0.013,-1.170000024,-0.455000009,-0.00759718,0.133576789,0.016697099,FALSE
10536,1000_radii_1,1000,L,0,29,204.3814847,0,-716.630188,1061.639282,283.9423218,-0.013,-1.170000024,-0.455000009,-0.007673131,0.134912195,0.016864024,FALSE
10537,1000_radii_1,1000,L,0,29,204.3979246,0,-716.7579956,1061.671021,283.9348297,-0.013,-1.170000024,-0.455000009,-0.007491288,0.131714949,0.016464369,FALSE
10538,1000_radii_1,1000,L,0,29,204.4146247,0,-716.8876953,1061.703247,283.9272308,-0.013,-1.170000024,-0.455000009,-0.00760185,0.133658894,0.016707362,FALSE
10539,1000_radii_1,1000,L,0,29,204.4313342,0,-717.017395,1061.735352,283.9196243,-0.013,-1.170000024,-0.455000009,-0.007599652,0.133620256,0.016702532,FALSE
10540,1000_radii_1,1000,L,0,29,204.447846,0,-717.1456299,1061.76709,283.912117,-0.013,-1.170000024,-0.455000009,-0.007515048,0.132132716,0.016516589,FALSE
10541,1000_radii_1,1000,L,0,29,204.4647016,0,-717.2764893,1061.799438,283.9044495,-0.013,-1.170000024,-0.455000009,-0.007665989,0.134786623,0.016848328,FALSE
10542,1000_radii_1,1000,L,0,29,204.481331,0,-717.4057007,1061.831421,283.8968735,-0.013,-1.170000024,-0.455000009,-0.007570673,0.133110725,0.016638841,FALSE
10543,1000_radii_1,1000,L,0,29,204.4979813,0,-717.5349731,1061.863403,283.8893051,-0.013,-1.170000024,-0.455000009,-0.007575617,0.13319766,0.016649707,FALSE
10544,1000_radii_1,1000,L,0,29,204.5146353,0,-717.6643066,1061.895386,283.8817215,-0.013,-1.170000024,-0.455000009,-0.007577403,0.133229053,0.016653632,FALSE
10545,1000_radii_1,1000,L,0,29,204.5312977,0,-717.7937012,1061.927368,283.8741379,-0.013,-1.170000024,-0.455000009,-0.007581798,0.133306327,0.016663291,FALSE
10546,1000_radii_1,1000,L,0,29,204.5479311,0,-717.9229126,1061.959229,283.8665771,-0.013,-1.170000024,-0.455000009,-0.007568475,0.133072088,0.016634011,FALSE
10547,1000_radii_1,1000,L,0,29,204.564802,0,-718.0539551,1061.991577,283.8588943,-0.013,-1.170000024,-0.455000009,-0.007677526,0.13498947,0.016873684,TRUE
10548,1000_radii_1,1000,L,0,29,204.58158,0,-718.1842651,1062.023682,283.851265,-0.013,-1.170000024,-0.455000009,-0.007632065,0.134190158,0.01677377,TRUE
10549,1000_radii_1,1000,L,0,29,204.5983755,0,-718.3143311,1062.055786,283.8436432,-0.013,-1.170000024,-0.455000009,-0.007619018,0.133960749,0.016745094,TRUE
10550,1000_radii_1,1000,L,0,29,204.6155873,0,-718.4476929,1062.088623,283.8358307,-0.013,-1.170000024,-0.455000009,-0.007813085,0.137372915,0.017171614,TRUE
10551,1000_radii_1,1000,L,0,29,204.6314434,0,-718.571167,1062.119019,283.8286057,-0.013,-1.170000024,-0.455000009,-0.007231296,0.12714366,0.015892957,TRUE
10552,1000_radii_1,1000,L,0,29,204.6481448,0,-718.701355,1062.151001,283.8209763,-0.013,-1.170000024,-0.455000009,-0.007624099,0.134050098,0.016756262,TRUE
10553,1000_radii_1,1000,L,0,29,204.6648385,0,-718.8303833,1062.182739,283.8134155,-0.013,-1.170000024,-0.455000009,-0.007558449,0.132895805,0.016611976,TRUE
10554,1000_radii_1,1000,L,0,29,204.6815287,0,-718.9606323,1062.214722,283.8057938,-0.013,-1.170000024,-0.455000009,-0.00762767,0.134112883,0.01676411,TRUE
10555,1000_radii_1,1000,L,0,29,204.6982741,0,-719.0906372,1062.246704,283.7981796,-0.013,-1.170000024,-0.455000009,-0.007615447,0.133897963,0.016737245,TRUE
10556,1000_radii_1,1000,L,0,29,204.7149331,0,-719.2196045,1062.278442,283.7906113,-0.013,-1.170000024,-0.455000009,-0.007554603,0.132828189,0.016603524,TRUE
10557,1000_radii_1,1000,L,0,29,204.7314543,0,-719.3483887,1062.310059,283.7830811,-0.013,-1.170000024,-0.455000009,-0.00754183,0.132603609,0.016575451,TRUE
10558,1000_radii_1,1000,L,0,29,204.748209,0,-719.4786987,1062.342041,283.7748642,-0.014,-1.260000039,-0.490000015,-0.008218408,0.134178084,0.016772261,TRUE
10559,1000_radii_1,1000,L,0,29,204.7648862,0,-719.6080322,1062.373779,283.7667084,-0.014,-1.260000039,-0.490000015,-0.00815599,0.133159022,0.016644878,TRUE
10560,1000_radii_1,1000,L,0,29,204.7815975,0,-719.7380981,1062.40564,283.7579117,-0.015,-1.34999997,-0.524999988,-0.008790065,0.133943845,0.016742981,TRUE
10561,1000_radii_1,1000,L,0,29,204.7982632,0,-719.8673706,1062.437256,283.7491837,-0.015,-1.34999997,-0.524999988,-0.008734916,0.133103481,0.016637935,TRUE
10562,1000_radii_1,1000,L,0,29,204.8148842,0,-719.9967041,1062.468872,283.7398605,-0.016000001,-1.440000068,-0.560000027,-0.009321977,0.133171096,0.016646387,TRUE
10563,1000_radii_1,1000,L,0,29,204.8314554,0,-720.1252441,1062.500244,283.7305984,-0.016000001,-1.440000068,-0.560000027,-0.009261292,0.132304169,0.016538021,TRUE
10564,1000_radii_1,1000,L,0,29,204.8482304,0,-720.2559204,1062.532227,283.7205887,-0.017000001,-1.530000083,-0.595000032,-0.010003203,0.134496843,0.016812105,TRUE
10565,1000_radii_1,1000,L,0,29,204.8648512,0,-720.3848267,1062.563721,283.7107239,-0.017000001,-1.530000083,-0.595000032,-0.009871015,0.132719522,0.01658994,TRUE
10566,1000_radii_1,1000,L,0,29,204.8815235,0,-720.5145264,1062.595337,283.7007904,-0.017000001,-1.530000083,-0.595000032,-0.009931182,0.133528493,0.016691062,TRUE
10567,1000_radii_1,1000,L,0,29,204.898217,0,-720.6437378,1062.626831,283.6909027,-0.017000001,-1.530000083,-0.595000032,-0.00989131,0.132992398,0.01662405,TRUE
10568,1000_radii_1,1000,L,0,29,204.9148033,0,-720.7728271,1062.658325,283.6810226,-0.017000001,-1.530000083,-0.595000032,-0.009880534,0.132847508,0.016605939,TRUE
10569,1000_radii_1,1000,L,0,29,204.9315354,0,-720.9033203,1062.690063,283.6710281,-0.017000001,-1.530000083,-0.595000032,-0.00998668,0.134274678,0.016784335,TRUE
10570,1000_radii_1,1000,L,0,29,204.9481238,0,-721.0316772,1062.721313,283.6612091,-0.017000001,-1.530000083,-0.595000032,-0.009826653,0.132123057,0.016515382,TRUE
10571,1000_radii_1,1000,L,0,29,204.9648674,0,-721.1622314,1062.753052,283.651207,-0.017000001,-1.530000083,-0.595000032,-0.009993684,0.134368856,0.016796107,TRUE
10572,1000_radii_1,1000,L,0,29,204.9814779,0,-721.2912598,1062.784424,283.6413422,-0.017000001,-1.530000083,-0.595000032,-0.009874068,0.132760574,0.016595072,TRUE
10573,1000_radii_1,1000,L,0,29,204.9980681,0,-721.4205933,1062.815796,283.6314392,-0.017000001,-1.530000083,-0.595000032,-0.009897956,0.133081747,0.016635218,TRUE
10574,1000_radii_1,1000,L,0,29,205.0147861,0,-721.5505981,1062.84729,283.6214905,-0.017000001,-1.530000083,-0.595000032,-0.009947526,0.133748243,0.01671853,TRUE
10575,1000_radii_1,1000,L,0,29,205.0314246,0,-721.6797485,1062.87854,283.6116104,-0.017000001,-1.530000083,-0.595000032,-0.009881971,0.132866827,0.016608353,TRUE
10576,1000_radii_1,1000,L,0,29,205.0480486,0,-721.8091431,1062.909912,283.6017075,-0.017000001,-1.530000083,-0.595000032,-0.009903523,0.133156607,0.016644576,TRUE
10577,1000_radii_1,1000,L,0,29,205.0647838,0,-721.9393311,1062.941406,283.5917358,-0.017000001,-1.530000083,-0.595000032,-0.009962792,0.133953504,0.016744188,TRUE
10578,1000_radii_1,1000,L,0,29,205.0814682,0,-722.0684204,1062.972656,283.581871,-0.017000001,-1.530000083,-0.595000032,-0.009875685,0.132782307,0.016597788,TRUE
10579,1000_radii_1,1000,L,0,29,205.0980711,0,-722.1981201,1063.004028,283.5719452,-0.017000001,-1.530000083,-0.595000032,-0.009925614,0.133453633,0.016681704,TRUE
10580,1000_radii_1,1000,L,0,29,205.1148524,0,-722.3286743,1063.035522,283.5619507,-0.017000001,-1.530000083,-0.595000032,-0.009987578,0.134286752,0.016785844,TRUE
10581,1000_radii_1,1000,L,0,29,205.1314952,0,-722.4575195,1063.06665,283.5521011,-0.017000001,-1.530000083,-0.595000032,-0.009856467,0.13252392,0.01656549,TRUE
10582,1000_radii_1,1000,L,0,29,205.1480996,0,-722.5870361,1063.0979,283.5421829,-0.017000001,-1.530000083,-0.595000032,-0.009908193,0.133219393,0.016652424,TRUE
10583,1000_radii_1,1000,L,0,29,205.1647853,0,-722.71698,1063.12915,283.5322418,-0.017000001,-1.530000083,-0.595000032,-0.009943036,0.133687872,0.016710984,TRUE
10584,1000_radii_1,1000,L,0,29,205.1814808,0,-722.8468628,1063.1604,283.5223083,-0.017000001,-1.530000083,-0.595000032,-0.009937468,0.133613012,0.016701626,TRUE
10585,1000_radii_1,1000,L,0,29,205.198139,0,-722.9761963,1063.191528,283.5124207,-0.017000001,-1.530000083,-0.595000032,-0.009893465,0.133021376,0.016627672,TRUE
10586,1000_radii_1,1000,L,0,29,205.214834,0,-723.1063232,1063.222778,283.5024643,-0.017000001,-1.530000083,-0.595000032,-0.009952375,0.133813443,0.01672668,TRUE
10587,1000_radii_1,1000,L,0,29,205.2314762,0,-723.2349243,1063.253662,283.4926224,-0.017000001,-1.530000083,-0.595000032,-0.009835453,0.132241384,0.016530173,TRUE
10588,1000_radii_1,1000,L,0,29,205.248105,0,-723.3647461,1063.28479,283.4827042,-0.017000001,-1.530000083,-0.595000032,-0.00992741,0.133477781,0.016684723,TRUE
10589,1000_radii_1,1000,L,0,29,205.2647825,0,-723.4946899,1063.315918,283.4727631,-0.017000001,-1.530000083,-0.595000032,-0.009937468,0.133613012,0.016701626,TRUE
10590,1000_radii_1,1000,L,0,29,205.2814518,0,-723.6245728,1063.347046,283.462822,-0.017000001,-1.530000083,-0.595000032,-0.009932439,0.133545396,0.016693175,TRUE
10591,1000_radii_1,1000,L,0,29,205.2980475,0,-723.753479,1063.37793,283.4529724,-0.017000001,-1.530000083,-0.595000032,-0.009860239,0.132574631,0.016571829,TRUE
10592,1000_radii_1,1000,L,0,29,205.3148158,0,-723.8839722,1063.40918,283.4429932,-0.017000001,-1.530000083,-0.595000032,-0.00997752,0.134151521,0.01676894,TRUE
10593,1000_radii_1,1000,L,0,29,205.3315175,0,-724.0134277,1063.440186,283.4336777,-0.016000001,-1.440000068,-0.560000027,-0.00931792,0.13311314,0.016639143,TRUE
10594,1000_radii_1,1000,L,0,29,205.3481442,0,-724.1429443,1063.471069,283.4243546,-0.016000001,-1.440000068,-0.560000027,-0.009319442,0.133134874,0.016641859,TRUE
10595,1000_radii_1,1000,L,0,29,205.3648918,0,-724.2738647,1063.502319,283.4155273,-0.015,-1.34999997,-0.524999988,-0.008832536,0.134591021,0.016823878,TRUE
10596,1000_radii_1,1000,L,0,29,205.3814316,0,-724.4022827,1063.532959,283.4068604,-0.015,-1.34999997,-0.524999988,-0.008663603,0.132016804,0.0165021,TRUE
10597,1000_radii_1,1000,L,0,29,205.3981242,0,-724.5324707,1063.563965,283.3980713,-0.015,-1.34999997,-0.524999988,-0.008784677,0.13386174,0.016732718,TRUE
10598,1000_radii_1,1000,L,0,29,205.414801,0,-724.6621704,1063.594849,283.389328,-0.015,-1.34999997,-0.524999988,-0.008749971,0.133332891,0.016666611,TRUE
10599,1000_radii_1,1000,L,0,29,205.4314867,0,-724.791626,1063.62561,283.3805847,-0.015,-1.34999997,-0.524999988,-0.008733489,0.133081747,0.016635218,TRUE
10600,1000_radii_1,1000,L,0,29,205.4480274,0,-724.9205933,1063.65625,283.3718948,-0.015,-1.34999997,-0.524999988,-0.008698467,0.132548068,0.016568509,TRUE
10601,1000_radii_1,1000,L,0,29,205.4647701,0,-725.0511475,1063.687256,283.3630829,-0.015,-1.34999997,-0.524999988,-0.008807021,0.134202232,0.016775279,TRUE
10602,1000_radii_1,1000,L,0,29,205.4814367,0,-725.180481,1063.718018,283.3543625,-0.015,-1.34999997,-0.524999988,-0.008722555,0.132915124,0.01661439,TRUE
10603,1000_radii_1,1000,L,0,29,205.4980562,0,-725.3099976,1063.748779,283.3456268,-0.015,-1.34999997,-0.524999988,-0.008735708,0.133115555,0.016639444,TRUE
10604,1000_radii_1,1000,L,0,29,205.5147566,0,-725.4401855,1063.779663,283.3368454,-0.015,-1.34999997,-0.524999988,-0.008780556,0.133798954,0.016724869,TRUE
10605,1000_radii_1,1000,L,0,29,205.5313725,0,-725.569519,1063.810303,283.328125,-0.015,-1.34999997,-0.524999988,-0.00872414,0.132939272,0.016617409,TRUE
10606,1000_radii_1,1000,L,0,29,205.5480877,0,-725.6992188,1063.841064,283.3193741,-0.015,-1.34999997,-0.524999988,-0.008747752,0.133299083,0.016662385,TRUE
10607,1000_radii_1,1000,L,0,29,205.5647755,0,-725.8295288,1063.871948,283.310585,-0.015,-1.34999997,-0.524999988,-0.008787688,0.133907622,0.016738453,TRUE
10608,1000_radii_1,1000,L,0,29,205.5814843,0,-725.9595947,1063.90271,283.3018188,-0.015,-1.34999997,-0.524999988,-0.008771523,0.133661309,0.016707664,TRUE
10609,1000_radii_1,1000,L,0,29,205.5981292,0,-726.0887451,1063.933228,283.2931061,-0.015,-1.34999997,-0.524999988,-0.008708292,0.132697788,0.016587224,TRUE
10610,1000_radii_1,1000,L,0,29,205.6147355,0,-726.2183228,1063.963867,283.2843704,-0.015,-1.34999997,-0.524999988,-0.008736817,0.133132459,0.016641557,TRUE
10611,1000_radii_1,1000,L,0,29,205.6313985,0,-726.3483276,1063.994507,283.2756042,-0.015,-1.34999997,-0.524999988,-0.008764709,0.133557471,0.016694684,TRUE
10612,1000_radii_1,1000,L,0,29,205.6480723,0,-726.4781494,1064.025146,283.2668533,-0.015,-1.34999997,-0.524999988,-0.0087552,0.13341258,0.016676573,TRUE
10613,1000_radii_1,1000,L,0,29,205.6647667,0,-726.6078491,1064.055786,283.25811,-0.015,-1.34999997,-0.524999988,-0.008746326,0.133277349,0.016659669,TRUE
10614,1000_radii_1,1000,L,0,29,205.6814188,0,-726.7376099,1064.086304,283.2493591,-0.015,-1.34999997,-0.524999988,-0.008749337,0.133323231,0.016665404,TRUE
10615,1000_radii_1,1000,L,0,29,205.6981126,0,-726.8671265,1064.116821,283.2406235,-0.015,-1.34999997,-0.524999988,-0.008732222,0.133062429,0.016632804,TRUE
10616,1000_radii_1,1000,L,0,29,205.7147545,0,-726.9967651,1064.147339,283.2318802,-0.015,-1.34999997,-0.524999988,-0.008738244,0.133154193,0.016644274,TRUE
10617,1000_radii_1,1000,L,0,29,205.7313764,0,-727.1268311,1064.177979,283.2231216,-0.015,-1.34999997,-0.524999988,-0.008768037,0.133608182,0.016701023,TRUE
10618,1000_radii_1,1000,L,0,29,205.7480675,0,-727.2561646,1064.208374,283.2144012,-0.015,-1.34999997,-0.524999988,-0.008720653,0.132886145,0.016610768,TRUE
10619,1000_radii_1,1000,L,0,29,205.7647691,0,-727.3864746,1064.239014,283.2056046,-0.015,-1.34999997,-0.524999988,-0.008784677,0.13386174,0.016732718,TRUE
10620,1000_radii_1,1000,L,0,29,205.7814429,0,-727.5162354,1064.269409,283.1968613,-0.015,-1.34999997,-0.524999988,-0.008745692,0.13326769,0.016658461,TRUE
10621,1000_radii_1,1000,L,0,29,205.7981141,0,-727.6459351,1064.299805,283.1881256,-0.015,-1.34999997,-0.524999988,-0.008743473,0.133233882,0.016654235,TRUE
10622,1000_radii_1,1000,L,0,29,205.8148263,0,-727.776001,1064.330322,283.1793594,-0.015,-1.34999997,-0.524999988,-0.008767561,0.133600938,0.016700117,TRUE
10623,1000_radii_1,1000,L,0,29,205.8314778,0,-727.9060059,1064.360718,283.1705856,-0.015,-1.34999997,-0.524999988,-0.00876043,0.13349227,0.016686534,TRUE
10624,1000_radii_1,1000,L,0,29,205.8481142,0,-728.0360718,1064.391113,283.1618347,-0.015,-1.34999997,-0.524999988,-0.008764867,0.133559885,0.016694986,TRUE
10625,1000_radii_1,1000,L,0,29,205.8647594,0,-728.1657104,1064.421387,283.1530914,-0.015,-1.34999997,-0.524999988,-0.008737927,0.133149363,0.01664367,TRUE
10626,1000_radii_1,1000,L,0,29,205.8814671,0,-728.2952881,1064.45166,283.1449432,-0.014,-1.260000039,-0.490000015,-0.008150961,0.133076918,0.016634615,TRUE
10627,1000_radii_1,1000,L,0,29,205.8980802,0,-728.425293,1064.482056,283.1367569,-0.014,-1.260000039,-0.490000015,-0.008175662,0.133480196,0.016685024,TRUE
10628,1000_radii_1,1000,L,0,29,205.9148314,0,-728.5552368,1064.512329,283.1285934,-0.014,-1.260000039,-0.490000015,-0.008174035,0.133453633,0.016681704,TRUE
10629,1000_radii_1,1000,L,0,29,205.9313721,0,-728.6843872,1064.54248,283.1204605,-0.014,-1.260000039,-0.490000015,-0.00812345,0.132627758,0.01657847,TRUE
10630,1000_radii_1,1000,L,0,29,205.948052,0,-728.8145142,1064.572754,283.1122818,-0.014,-1.260000039,-0.490000015,-0.008184093,0.133617842,0.01670223,TRUE
10631,1000_radii_1,1000,L,0,29,205.9647569,0,-728.9447632,1064.603149,283.1046753,-0.013,-1.170000024,-0.455000009,-0.007606382,0.133738583,0.016717323,TRUE
10632,1000_radii_1,1000,L,0,29,205.9815476,0,-729.0755615,1064.633545,283.0970383,-0.013,-1.170000024,-0.455000009,-0.007637422,0.134284337,0.016785542,TRUE
10633,1000_radii_1,1000,L,0,29,205.9981345,0,-729.204834,1064.663574,283.0894852,-0.013,-1.170000024,-0.455000009,-0.007548972,0.132729181,0.016591148,TRUE
10634,1000_radii_1,1000,L,0,29,206.0148488,0,-729.3344727,1064.693726,283.0824966,-0.012,-1.080000009,-0.420000004,-0.006987426,0.133093822,0.016636728,TRUE
10635,1000_radii_1,1000,L,0,29,206.0313923,0,-729.4639282,1064.723755,283.075531,-0.012,-1.080000009,-0.420000004,-0.00697703,0.132895805,0.016611976,TRUE
10636,1000_radii_1,1000,L,0,29,206.0481609,0,-729.5940552,1064.754028,283.0690994,-0.011,-0.989999995,-0.384999998,-0.006427918,0.13356713,0.016695891,TRUE
10637,1000_radii_1,1000,L,0,29,206.064791,0,-729.7240601,1064.78418,283.0632553,-0.01,-0.89999998,-0.349999992,-0.005838808,0.133458462,0.016682308,TRUE
10638,1000_radii_1,1000,L,0,29,206.0814742,0,-729.854126,1064.814331,283.0574112,-0.01,-0.89999998,-0.349999992,-0.005842188,0.133535737,0.016691967,TRUE
10639,1000_radii_1,1000,L,0,29,206.098044,0,-729.9833984,1064.84436,283.0516052,-0.01,-0.89999998,-0.349999992,-0.005806902,0.132729181,0.016591148,TRUE
10640,1000_radii_1,1000,L,0,29,206.1148509,0,-730.1137695,1064.874634,283.0463409,-0.009,-0.809999965,-0.314999986,-0.005268999,0.133815858,0.016726982,TRUE
10641,1000_radii_1,1000,L,0,29,206.1314807,0,-730.2437744,1064.904785,283.0416718,-0.008,-0.720000034,-0.280000013,-0.004669694,0.133419825,0.016677478,TRUE
10642,1000_radii_1,1000,L,0,29,206.1480589,0,-730.3731689,1064.934814,283.0370255,-0.008,-0.720000034,-0.280000013,-0.004648226,0.132806456,0.016600807,TRUE
10643,1000_radii_1,1000,L,0,29,206.1648115,0,-730.5037842,1064.965088,283.0329208,-0.007,-0.630000019,-0.245000008,-0.004106837,0.134100809,0.016762601,TRUE
10644,1000_radii_1,1000,L,0,29,206.1814655,0,-730.6334229,1064.995117,283.0294189,-0.006,-0.540000005,-0.210000002,-0.003492952,0.133064844,0.016633105,TRUE
10645,1000_radii_1,1000,L,0,29,206.1981357,0,-730.7631226,1065.025146,283.0259323,-0.006,-0.540000005,-0.210000002,-0.003494664,0.133130044,0.016641256,TRUE
10646,1000_radii_1,1000,L,0,29,206.2147105,0,-730.8924561,1065.055054,283.022438,-0.006,-0.540000005,-0.210000002,-0.003484204,0.132731596,0.016591449,TRUE
10647,1000_radii_1,1000,L,0,29,206.2313681,0,-731.0224609,1065.085083,283.0189438,-0.006,-0.540000005,-0.210000002,-0.003503094,0.133451218,0.016681402,TRUE
10648,1000_radii_1,1000,L,0,29,206.2480788,0,-731.152771,1065.115234,283.0154343,-0.006,-0.540000005,-0.210000002,-0.003511082,0.133755487,0.016719436,TRUE
10649,1000_radii_1,1000,L,0,29,206.2647725,0,-731.2822266,1065.145142,283.0119324,-0.006,-0.540000005,-0.210000002,-0.003488515,0.132895805,0.016611976,TRUE
10650,1000_radii_1,1000,L,0,29,206.2813649,0,-731.4122314,1065.175171,283.0084381,-0.006,-0.540000005,-0.210000002,-0.003501763,0.133400506,0.016675063,TRUE
10651,1000_radii_1,1000,L,0,29,206.2980937,0,-731.5425415,1065.205322,283.0049286,-0.006,-0.540000005,-0.210000002,-0.003511145,0.133757902,0.016719738,TRUE
10652,1000_radii_1,1000,L,0,29,206.3147615,0,-731.671936,1065.235229,283.0014343,-0.006,-0.540000005,-0.210000002,-0.003486233,0.132808871,0.016601109,TRUE
10653,1000_radii_1,1000,L,0,29,206.331471,0,-731.8024902,1065.265381,282.9979248,-0.006,-0.540000005,-0.210000002,-0.003516977,0.133980067,0.016747508,TRUE
10654,1000_radii_1,1000,L,0,29,206.3480778,0,-731.9316406,1065.295166,282.9944458,-0.006,-0.540000005,-0.210000002,-0.003478563,0.132516675,0.016564584,TRUE
10655,1000_radii_1,1000,L,0,29,206.3647589,0,-732.0618896,1065.325195,282.9909363,-0.006,-0.540000005,-0.210000002,-0.003509497,0.133695116,0.01671189,TRUE
10656,1000_radii_1,1000,L,0,29,206.3813483,0,-732.1913452,1065.355103,282.9874496,-0.006,-0.540000005,-0.210000002,-0.003487247,0.132847508,0.016605939,TRUE
10657,1000_radii_1,1000,L,0,29,206.3980949,0,-732.3221436,1065.385254,282.9839249,-0.006,-0.540000005,-0.210000002,-0.003523062,0.134211892,0.016776486,TRUE
10658,1000_radii_1,1000,L,0,29,206.4147289,0,-732.4518433,1065.415161,282.9804382,-0.006,-0.540000005,-0.210000002,-0.003493142,0.133072088,0.016634011,TRUE
10659,1000_radii_1,1000,L,0,29,206.4313934,0,-732.5811157,1065.444946,282.976944,-0.006,-0.540000005,-0.210000002,-0.003481859,0.132642247,0.016580281,TRUE
10660,1000_radii_1,1000,L,0,29,206.4480721,0,-732.711792,1065.475098,282.9734268,-0.006,-0.540000005,-0.210000002,-0.00352059,0.134117713,0.016764714,TRUE
10661,1000_radii_1,1000,L,0,29,206.4647559,0,-732.8411255,1065.504883,282.9699402,-0.006,-0.540000005,-0.210000002,-0.003483887,0.132719522,0.01658994,TRUE
10662,1000_radii_1,1000,L,0,29,206.4813778,0,-732.9708862,1065.53479,282.9664536,-0.006,-0.540000005,-0.210000002,-0.003494664,0.133130044,0.016641256,TRUE
10663,1000_radii_1,1000,L,0,29,206.4981706,0,-733.102356,1065.565063,282.9623184,-0.007,-0.630000019,-0.245000008,-0.004131686,0.134912195,0.016864024,TRUE
10664,1000_radii_1,1000,L,0,29,206.5148188,0,-733.2316284,1065.594849,282.9582596,-0.007,-0.630000019,-0.245000008,-0.004062687,0.132659151,0.016582394,TRUE
10665,1000_radii_1,1000,L,0,29,206.5314576,0,-733.3618774,1065.624756,282.9535828,-0.008,-0.720000034,-0.280000013,-0.004677301,0.13363716,0.016704645,TRUE
10666,1000_radii_1,1000,L,0,29,206.5481303,0,-733.4914551,1065.654541,282.9489288,-0.008,-0.720000034,-0.280000013,-0.004653382,0.132953761,0.01661922,TRUE
10667,1000_radii_1,1000,L,0,29,206.5648123,0,-733.6219482,1065.68457,282.9436569,-0.009,-0.809999965,-0.314999986,-0.005272232,0.133897963,0.016737245,TRUE
10668,1000_radii_1,1000,L,0,29,206.5813881,0,-733.7511597,1065.714233,282.9384384,-0.009,-0.809999965,-0.314999986,-0.005219746,0.132564972,0.016570621,TRUE
10669,1000_radii_1,1000,L,0,29,206.5981455,0,-733.8818359,1065.744263,282.9325714,-0.01,-0.89999998,-0.349999992,-0.005866593,0.134093565,0.016761696,TRUE
10670,1000_radii_1,1000,L,0,29,206.6147705,0,-734.0114746,1065.774048,282.9267426,-0.01,-0.89999998,-0.349999992,-0.005819262,0.133011717,0.016626465,TRUE
10671,1000_radii_1,1000,L,0,29,206.6313794,0,-734.1407471,1065.803711,282.9209442,-0.01,-0.89999998,-0.349999992,-0.00580183,0.132613269,0.016576659,TRUE
10672,1000_radii_1,1000,L,0,29,206.6480762,0,-734.2711792,1065.833618,282.9145126,-0.011,-0.989999995,-0.384999998,-0.00644105,0.133840007,0.016730001,TRUE
10673,1000_radii_1,1000,L,0,29,206.6647969,0,-734.4015503,1065.863525,282.907486,-0.012,-1.080000009,-0.420000004,-0.007022163,0.133755487,0.016719436,TRUE
10674,1000_radii_1,1000,L,0,29,206.6813838,0,-734.5307007,1065.893066,282.8999481,-0.013,-1.170000024,-0.455000009,-0.007534139,0.132468378,0.016558547,TRUE
10675,1000_radii_1,1000,L,0,29,206.6981117,0,-734.661377,1065.922974,282.8917465,-0.014,-1.260000039,-0.490000015,-0.008209829,0.134038023,0.016754753,TRUE
10676,1000_radii_1,1000,L,0,29,206.7149084,0,-734.791626,1065.952759,282.8829727,-0.015,-1.34999997,-0.524999988,-0.008770097,0.133639575,0.016704947,TRUE
10677,1000_radii_1,1000,L,0,29,206.7315053,0,-734.9215088,1065.982422,282.8736343,-0.016000001,-1.440000068,-0.560000027,-0.009328401,0.13326286,0.016657858,TRUE
10678,1000_radii_1,1000,L,0,29,206.7480418,0,-735.0506592,1066.011963,282.8643723,-0.016000001,-1.440000068,-0.560000027,-0.00927397,0.132485282,0.01656066,TRUE
10679,1000_radii_1,1000,L,0,29,206.764741,0,-735.1809692,1066.041748,282.8544312,-0.017000001,-1.530000083,-0.595000032,-0.00994106,0.133661309,0.016707664,TRUE
10680,1000_radii_1,1000,L,0,29,206.7814167,0,-735.3110352,1066.071411,282.8439255,-0.017999999,-1.61999993,-0.629999973,-0.010505099,0.133398091,0.016674761,TRUE
10681,1000_radii_1,1000,L,0,29,206.7980594,0,-735.4408569,1066.100952,282.8328476,-0.018999999,-1.709999945,-0.664999979,-0.011067639,0.133144533,0.016643067,TRUE
10682,1000_radii_1,1000,L,0,29,206.8147191,0,-735.5708008,1066.130615,282.8217697,-0.018999999,-1.709999945,-0.664999979,-0.011079482,0.133287009,0.016660876,TRUE
10683,1000_radii_1,1000,L,0,29,206.8314992,0,-735.7008667,1066.160156,282.8106842,-0.018999999,-1.709999945,-0.664999979,-0.011086508,0.133371528,0.016671441,TRUE
10684,1000_radii_1,1000,L,0,29,206.8481716,0,-735.8317261,1066.189941,282.7989426,-0.02,-1.79999996,-0.699999984,-0.011744808,0.134226381,0.016778298,TRUE
10685,1000_radii_1,1000,L,0,29,206.8647621,0,-735.9607544,1066.219238,282.7873688,-0.02,-1.79999996,-0.699999984,-0.011578094,0.132321073,0.016540134,TRUE
10686,1000_radii_1,1000,L,0,29,206.8814009,0,-736.0906372,1066.248779,282.7757111,-0.02,-1.79999996,-0.699999984,-0.011656485,0.133216978,0.016652122,TRUE
10687,1000_radii_1,1000,L,0,29,206.8981252,0,-736.2213745,1066.278442,282.7639771,-0.02,-1.79999996,-0.699999984,-0.011731496,0.134074246,0.016759281,TRUE
10688,1000_radii_1,1000,L,0,29,206.9147103,0,-736.350769,1066.307739,282.7523651,-0.02,-1.79999996,-0.699999984,-0.011608521,0.13266881,0.016583601,TRUE
10689,1000_radii_1,1000,L,0,29,206.9314298,0,-736.480957,1066.337158,282.7406921,-0.02,-1.79999996,-0.699999984,-0.011681419,0.133501929,0.016687741,TRUE
10690,1000_radii_1,1000,L,0,29,206.948007,0,-736.6105957,1066.366455,282.7290649,-0.02,-1.79999996,-0.699999984,-0.011628171,0.13289339,0.016611674,TRUE
10691,1000_radii_1,1000,L,0,29,206.9646398,0,-736.7404175,1066.395752,282.7174149,-0.02,-1.79999996,-0.699999984,-0.011645075,0.133086577,0.016635822,TRUE
10692,1000_radii_1,1000,L,0,29,206.9814927,0,-736.8711548,1066.425293,282.7056885,-0.02,-1.79999996,-0.699999984,-0.011728115,0.134035609,0.016754451,TRUE
10693,1000_radii_1,1000,L,0,29,206.9981071,0,-737.0010376,1066.45459,282.6940308,-0.02,-1.79999996,-0.699999984,-0.011647822,0.13311797,0.016639746,TRUE
10694,1000_radii_1,1000,L,0,29,207.0147254,0,-737.1312256,1066.483887,282.6823578,-0.02,-1.79999996,-0.699999984,-0.011677404,0.133456047,0.016682006,TRUE
10695,1000_radii_1,1000,L,0,29,207.0314403,0,-737.2614136,1066.513184,282.6706924,-0.02,-1.79999996,-0.699999984,-0.011674234,0.133419825,0.016677478,TRUE
10696,1000_radii_1,1000,L,0,29,207.0480293,0,-737.3909912,1066.542358,282.6590576,-0.02,-1.79999996,-0.699999984,-0.011622466,0.132828189,0.016603524,TRUE
10697,1000_radii_1,1000,L,0,29,207.064692,0,-737.5213013,1066.571655,282.647377,-0.02,-1.79999996,-0.699999984,-0.011686701,0.1335623,0.016695288,TRUE
10698,1000_radii_1,1000,L,0,29,207.081384,0,-737.6516113,1066.600952,282.6356964,-0.02,-1.79999996,-0.699999984,-0.011685645,0.133550226,0.016693778,TRUE
10699,1000_radii_1,1000,L,0,29,207.098005,0,-737.7811279,1066.630005,282.6240768,-0.02,-1.79999996,-0.699999984,-0.011613169,0.132721936,0.016590242,TRUE
10700,1000_radii_1,1000,L,0,29,207.1147284,0,-737.9118652,1066.659302,282.6123581,-0.02,-1.79999996,-0.699999984,-0.011724523,0.133994556,0.01674932,TRUE
10701,1000_radii_1,1000,L,0,29,207.1313195,0,-738.0414429,1066.688232,282.6007385,-0.02,-1.79999996,-0.699999984,-0.011616127,0.132755744,0.016594468,TRUE
10702,1000_radii_1,1000,L,0,29,207.1480036,0,-738.1715088,1066.717285,282.5890808,-0.02,-1.79999996,-0.699999984,-0.011659232,0.133248371,0.016656046,TRUE
10703,1000_radii_1,1000,L,0,29,207.1647705,0,-738.3025513,1066.746582,282.5773239,-0.02,-1.79999996,-0.699999984,-0.011750091,0.134286752,0.016785844,TRUE
10704,1000_radii_1,1000,L,0,29,207.1813885,0,-738.432373,1066.775513,282.5651093,-0.021,-1.889999975,-0.73499999,-0.012220895,0.133016547,0.016627068,TRUE
10705,1000_radii_1,1000,L,0,29,207.1980684,0,-738.5623779,1066.804443,282.5528641,-0.021,-1.889999975,-0.73499999,-0.012237535,0.13319766,0.016649707,TRUE
10706,1000_radii_1,1000,L,0,29,207.2147552,0,-738.6928711,1066.833496,282.5405884,-0.021,-1.889999975,-0.73499999,-0.012280798,0.133668553,0.016708569,TRUE
10707,1000_radii_1,1000,L,0,29,207.2313451,0,-738.8225098,1066.862305,282.5278091,-0.022,-1.979999989,-0.769999996,-0.012781692,0.132796796,0.0165996,TRUE
10708,1000_radii_1,1000,L,0,29,207.2481325,0,-738.9536133,1066.891479,282.5142975,-0.023,-2.070000004,-0.805000002,-0.013513333,0.134293996,0.01678675,TRUE
10709,1000_radii_1,1000,L,0,29,207.264707,0,-739.0827637,1066.920166,282.5009842,-0.023,-2.070000004,-0.805000002,-0.013315051,0.132323488,0.016540436,TRUE
10710,1000_radii_1,1000,L,0,29,207.2814512,0,-739.2138062,1066.949219,282.4868927,-0.024,-2.160000019,-0.840000007,-0.014092502,0.134214307,0.016776788,TRUE
10711,1000_radii_1,1000,L,0,29,207.2980904,0,-739.3435669,1066.977905,282.4729385,-0.024,-2.160000019,-0.840000007,-0.013953045,0.132886145,0.016610768,TRUE
10712,1000_radii_1,1000,L,0,29,207.3148056,0,-739.4743042,1067.006836,282.4588776,-0.024,-2.160000019,-0.840000007,-0.014062075,0.133924526,0.016740566,TRUE
10713,1000_radii_1,1000,L,0,29,207.3313496,0,-739.6029663,1067.035278,282.4450378,-0.024,-2.160000019,-0.840000007,-0.01383438,0.131756001,0.0164695,TRUE
10714,1000_radii_1,1000,L,0,29,207.3480739,0,-739.7337036,1067.064087,282.4309845,-0.024,-2.160000019,-0.840000007,-0.014056751,0.133873814,0.016734227,TRUE
10715,1000_radii_1,1000,L,0,29,207.3647206,0,-739.8642578,1067.092896,282.4169464,-0.024,-2.160000019,-0.840000007,-0.014039762,0.13371202,0.016714003,TRUE
10716,1000_radii_1,1000,L,0,29,207.3813338,0,-739.9940796,1067.12146,282.4029846,-0.024,-2.160000019,-0.840000007,-0.013956342,0.132917538,0.016614692,TRUE
10717,1000_radii_1,1000,L,0,29,207.3980789,0,-740.1243896,1067.150146,282.3889771,-0.024,-2.160000019,-0.840000007,-0.014012124,0.133448803,0.0166811,TRUE
10718,1000_radii_1,1000,L,0,29,207.4147799,0,-740.255127,1067.178833,282.3749161,-0.024,-2.160000019,-0.840000007,-0.014053454,0.133842422,0.016730303,TRUE
10719,1000_radii_1,1000,L,0,29,207.4313629,0,-740.3849487,1067.207275,282.3609619,-0.024,-2.160000019,-0.840000007,-0.013958117,0.132934442,0.016616805,TRUE
10720,1000_radii_1,1000,L,0,29,207.4479667,0,-740.5140991,1067.235596,282.3470764,-0.024,-2.160000019,-0.840000007,-0.013884838,0.132236554,0.016529569,TRUE
10721,1000_radii_1,1000,L,0,29,207.4646644,0,-740.6445923,1067.26416,282.333046,-0.024,-2.160000019,-0.840000007,-0.014027591,0.133596108,0.016699514,TRUE
10722,1000_radii_1,1000,L,0,29,207.4813962,0,-740.7753296,1067.292725,282.3195801,-0.023,-2.070000004,-0.805000002,-0.013466436,0.133827932,0.016728492,TRUE
10723,1000_radii_1,1000,L,0,29,207.4979937,0,-740.9053955,1067.321167,282.3061905,-0.023,-2.070000004,-0.805000002,-0.013395968,0.133127629,0.016640954,TRUE
10724,1000_radii_1,1000,L,0,29,207.5146887,0,-741.0361328,1067.349731,282.2933044,-0.022,-1.979999989,-0.769999996,-0.012879776,0.133815858,0.016726982,TRUE
10725,1000_radii_1,1000,L,0,29,207.5314284,0,-741.1665039,1067.378174,282.281044,-0.021,-1.889999975,-0.73499999,-0.012258834,0.133429484,0.016678686,TRUE
10726,1000_radii_1,1000,L,0,29,207.5480666,0,-741.2970581,1067.406616,282.2693634,-0.02,-1.79999996,-0.699999984,-0.011689659,0.133596108,0.016699514,TRUE
10727,1000_radii_1,1000,L,0,29,207.564742,0,-741.4273682,1067.434937,282.2588577,-0.017999999,-1.61999993,-0.629999973,-0.010503578,0.133378773,0.016672347,TRUE
10728,1000_radii_1,1000,L,0,29,207.5814517,0,-741.5580444,1067.463379,282.2494888,-0.016000001,-1.440000068,-0.560000027,-0.009358828,0.133697531,0.016712191,TRUE
10729,1000_radii_1,1000,L,0,29,207.5980408,0,-741.6877441,1067.491577,282.2413712,-0.014,-1.260000039,-0.490000015,-0.008129515,0.132726766,0.016590846,TRUE
10730,1000_radii_1,1000,L,0,29,207.6147451,0,-741.8182983,1067.519897,282.2349319,-0.011,-0.989999995,-0.384999998,-0.006429894,0.133608182,0.016701023,TRUE
10731,1000_radii_1,1000,L,0,29,207.6314072,0,-741.9485474,1067.548096,282.2291031,-0.01,-0.89999998,-0.349999992,-0.00583194,0.133301498,0.016662687,TRUE
10732,1000_radii_1,1000,L,0,29,207.6480892,0,-742.0787354,1067.576294,282.2244415,-0.008,-0.720000034,-0.280000013,-0.004662933,0.133226638,0.01665333,TRUE
10733,1000_radii_1,1000,L,0,29,207.6647178,0,-742.2089844,1067.604492,282.2215271,-0.005,-0.44999999,-0.174999996,-0.002914861,0.133250786,0.016656348,TRUE
10734,1000_radii_1,1000,L,0,29,207.6814306,0,-742.3390503,1067.63269,282.2192001,-0.004,-0.360000017,-0.140000007,-0.002328931,0.133081747,0.016635218,TRUE
10735,1000_radii_1,1000,L,0,29,207.6981168,0,-742.4701538,1067.661133,282.2180252,-0.002,-0.180000009,-0.070000003,-0.001173699,0.134137032,0.016767129,TRUE
10736,1000_radii_1,1000,L,0,29,207.7146914,0,-742.5997314,1067.689209,282.2168655,-0.002,-0.180000009,-0.070000003,-0.001160028,0.132574631,0.016571829,TRUE
10737,1000_radii_1,1000,L,0,29,207.7313821,0,-742.7302856,1067.717529,282.2162857,-0.001,-0.090000004,-0.035000002,-0.000584282,0.133550226,0.016693778,TRUE
10738,1000_radii_1,1000,L,0,29,207.7479974,0,-742.8599243,1067.745605,282.2156982,-0.001,-0.090000004,-0.035000002,-0.000580331,0.132647076,0.016580885,TRUE
10739,1000_radii_1,1000,L,0,29,207.7647495,0,-742.9910889,1067.774048,282.2151108,-0.001,-0.090000004,-0.035000002,-0.000587135,0.134202232,0.016775279,TRUE
10740,1000_radii_1,1000,L,0,29,207.7813596,0,-743.1204834,1067.802002,282.2145309,-0.001,-0.090000004,-0.035000002,-0.000579095,0.13236454,0.016545568,TRUE
10741,1000_radii_1,1000,L,0,29,207.7980096,0,-743.2509766,1067.8302,282.2139435,-0.001,-0.090000004,-0.035000002,-0.000584071,0.133501929,0.016687741,TRUE
10742,1000_radii_1,1000,L,0,29,207.8147499,0,-743.3820801,1067.858643,282.213356,-0.001,-0.090000004,-0.035000002,-0.000586923,0.134153936,0.016769242,TRUE
10743,1000_radii_1,1000,L,0,29,207.8313422,0,-743.5114746,1067.886597,282.2127762,-0.001,-0.090000004,-0.035000002,-0.000579338,0.132420082,0.01655251,TRUE
10744,1000_radii_1,1000,L,0,29,207.8480055,0,-743.6418457,1067.914795,282.212204,-0.001,-0.090000004,-0.035000002,-0.000583511,0.133373943,0.016671743,TRUE
10745,1000_radii_1,1000,L,0,29,207.8646305,0,-743.7721558,1067.942993,282.2116165,-0.001,-0.090000004,-0.035000002,-0.000583184,0.133299083,0.016662385,TRUE
10746,1000_radii_1,1000,L,0,29,207.8812847,0,-743.9024048,1067.971191,282.2110367,-0.001,-0.090000004,-0.035000002,-0.000582983,0.133253201,0.01665665,TRUE
10747,1000_radii_1,1000,L,0,29,207.8981222,0,-744.0335083,1067.999512,282.2104492,-0.001,-0.090000004,-0.035000002,-0.000586881,0.134144276,0.016768035,TRUE
10748,1000_radii_1,1000,L,0,29,207.9146687,0,-744.163147,1068.027588,282.2098694,-0.001,-0.090000004,-0.035000002,-0.000580384,0.132659151,0.016582394,TRUE
10749,1000_radii_1,1000,L,0,29,207.9313323,0,-744.2936401,1068.055786,282.2092819,-0.001,-0.090000004,-0.035000002,-0.000584029,0.13349227,0.016686534,TRUE
10750,1000_radii_1,1000,L,0,29,207.9481063,0,-744.4241333,1068.083984,282.2087021,-0.001,-0.090000004,-0.035000002,-0.000584103,0.133509174,0.016688647,TRUE
10751,1000_radii_1,1000,L,0,29,207.9646785,0,-744.5541382,1068.112061,282.2081146,-0.001,-0.090000004,-0.035000002,-0.000582043,0.13303828,0.016629785,TRUE
10752,1000_radii_1,1000,L,0,29,207.9814513,0,-744.6855469,1068.140503,282.2075272,-0.001,-0.090000004,-0.035000002,-0.000588276,0.134463035,0.016807879,TRUE
10753,1000_radii_1,1000,L,0,29,207.998117,0,-744.8158569,1068.168701,282.2063599,-0.002,-0.180000009,-0.070000003,-0.00116679,0.13334738,0.016668422,TRUE
10754,1000_radii_1,1000,L,0,29,208.0146732,0,-744.9453125,1068.196655,282.2051926,-0.002,-0.180000009,-0.070000003,-0.00115895,0.132451475,0.016556434,TRUE
10755,1000_radii_1,1000,L,0,29,208.0312993,0,-745.0753174,1068.224731,282.2040329,-0.002,-0.180000009,-0.070000003,-0.001163874,0.133014132,0.016626766,TRUE
10756,1000_radii_1,1000,L,0,29,208.0481039,0,-745.2061768,1068.253052,282.2022781,-0.003,-0.270000002,-0.105000001,-0.001757379,0.133895548,0.016736943,TRUE
10757,1000_radii_1,1000,L,0,29,208.0647092,0,-745.3365479,1068.28125,282.1999512,-0.004,-0.360000017,-0.140000007,-0.002334086,0.133376358,0.016672045,TRUE
10758,1000_radii_1,1000,L,0,29,208.0813915,0,-745.4669189,1068.309448,282.1976089,-0.004,-0.360000017,-0.140000007,-0.002334002,0.133371528,0.016671441,TRUE
10759,1000_radii_1,1000,L,0,29,208.0981523,0,-745.5977173,1068.337769,282.1946869,-0.005,-0.44999999,-0.174999996,-0.002926905,0.133801369,0.016725171,TRUE
10760,1000_radii_1,1000,L,0,29,208.1147293,0,-745.727417,1068.365845,282.1917801,-0.005,-0.44999999,-0.174999996,-0.002902025,0.13266398,0.016582998,TRUE
10761,1000_radii_1,1000,L,0,29,208.1314357,0,-745.8583374,1068.394165,282.1882629,-0.006,-0.540000005,-0.210000002,-0.003516533,0.133963163,0.016745395,TRUE
10762,1000_radii_1,1000,L,0,29,208.1479925,0,-745.9875488,1068.422119,282.1847916,-0.006,-0.540000005,-0.210000002,-0.003470449,0.132207576,0.016525947,TRUE
10763,1000_radii_1,1000,L,0,29,208.1647216,0,-746.1185913,1068.450439,282.180687,-0.007,-0.630000019,-0.245000008,-0.004106172,0.134079076,0.016759884,TRUE
10764,1000_radii_1,1000,L,0,29,208.1813166,0,-746.2481079,1068.478394,282.1766357,-0.007,-0.630000019,-0.245000008,-0.00405788,0.132502186,0.016562773,TRUE
10765,1000_radii_1,1000,L,0,29,208.1980512,0,-746.3790283,1068.506592,282.171936,-0.008,-0.720000034,-0.280000013,-0.004687359,0.133924526,0.016740566,TRUE
10766,1000_radii_1,1000,L,0,29,208.2147594,0,-746.5096436,1068.53479,282.1672668,-0.008,-0.720000034,-0.280000013,-0.00467654,0.133615427,0.016701928,TRUE
10767,1000_radii_1,1000,L,0,29,208.2312875,0,-746.6390381,1068.562744,282.1626282,-0.008,-0.720000034,-0.280000013,-0.004632506,0.132357296,0.016544662,TRUE
10768,1000_radii_1,1000,L,0,29,208.2479924,0,-746.7692261,1068.59082,282.1579742,-0.008,-0.720000034,-0.280000013,-0.004660228,0.133149363,0.01664367,TRUE
10769,1000_radii_1,1000,L,0,29,208.26473,0,-746.9002075,1068.619019,282.1532898,-0.008,-0.720000034,-0.280000013,-0.004689725,0.133992142,0.016749018,TRUE
10770,1000_radii_1,1000,L,0,29,208.281354,0,-747.0307617,1068.647095,282.148613,-0.008,-0.720000034,-0.280000013,-0.004673666,0.133533322,0.016691665,TRUE
10771,1000_radii_1,1000,L,0,29,208.2980517,0,-747.161377,1068.675171,282.1439362,-0.008,-0.720000034,-0.280000013,-0.004676033,0.133600938,0.016700117,TRUE
10772,1000_radii_1,1000,L,0,29,208.3147337,0,-747.2913208,1068.703125,282.1387024,-0.009,-0.809999965,-0.314999986,-0.005232582,0.132890975,0.016611372,TRUE
10773,1000_radii_1,1000,L,0,29,208.3313469,0,-747.4216919,1068.731201,282.1334534,-0.009,-0.809999965,-0.314999986,-0.005251694,0.133376358,0.016672045,TRUE
10774,1000_radii_1,1000,L,0,29,208.3480721,0,-747.552063,1068.759277,282.1276093,-0.01,-0.89999998,-0.349999992,-0.005834053,0.133349794,0.016668724,TRUE
10775,1000_radii_1,1000,L,0,29,208.3646418,0,-747.6816406,1068.787109,282.1218262,-0.01,-0.89999998,-0.349999992,-0.005797816,0.132521505,0.016565188,TRUE
10776,1000_radii_1,1000,L,0,29,208.3812731,0,-747.8122559,1068.815186,282.1159744,-0.01,-0.89999998,-0.349999992,-0.005845675,0.133615427,0.016701928,TRUE
10777,1000_radii_1,1000,L,0,29,208.3980288,0,-747.9432983,1068.843262,282.1095276,-0.011,-0.989999995,-0.384999998,-0.006450812,0.134042853,0.016755357,TRUE
10778,1000_radii_1,1000,L,0,29,208.4147123,0,-748.0737915,1068.871216,282.1031036,-0.011,-0.989999995,-0.384999998,-0.00642234,0.133451218,0.016681402,TRUE
10779,1000_radii_1,1000,L,0,29,208.4313852,0,-748.2035522,1068.899048,282.0967178,-0.011,-0.989999995,-0.384999998,-0.006385384,0.132683299,0.016585412,TRUE
10780,1000_radii_1,1000,L,0,29,208.4479586,0,-748.3338623,1068.927002,282.0903015,-0.011,-0.989999995,-0.384999998,-0.00641467,0.133291838,0.01666148,TRUE
10781,1000_radii_1,1000,L,0,29,208.4646047,0,-748.4639282,1068.954834,282.0839005,-0.011,-0.989999995,-0.384999998,-0.006401886,0.133026206,0.016628276,TRUE
10782,1000_radii_1,1000,L,0,29,208.4812894,0,-748.5943604,1068.982788,282.0774765,-0.011,-0.989999995,-0.384999998,-0.006420016,0.133402921,0.016675365,TRUE
10783,1000_radii_1,1000,L,0,29,208.4979874,0,-748.7252197,1069.010742,282.0710449,-0.011,-0.989999995,-0.384999998,-0.006439307,0.133803784,0.016725473,TRUE
10784,1000_radii_1,1000,L,0,29,208.5146371,0,-748.8547974,1069.038452,282.0646667,-0.011,-0.989999995,-0.384999998,-0.006377133,0.132511846,0.016563981,TRUE
10785,1000_radii_1,1000,L,0,29,208.531406,0,-748.986145,1069.066528,282.058197,-0.011,-0.989999995,-0.384999998,-0.006464874,0.134335049,0.016791881,TRUE
10786,1000_radii_1,1000,L,0,29,208.5479576,0,-749.1159668,1069.094238,282.0518112,-0.011,-0.989999995,-0.384999998,-0.006388057,0.13273884,0.016592355,TRUE
10787,1000_radii_1,1000,L,0,29,208.5646789,0,-749.246582,1069.12207,282.0453873,-0.011,-0.989999995,-0.384999998,-0.006428499,0.133579204,0.016697401,TRUE
10788,1000_radii_1,1000,L,0,29,208.5813491,0,-749.376709,1069.14978,282.0389709,-0.011,-0.989999995,-0.384999998,-0.006403629,0.133062429,0.016632804,TRUE
10789,1000_radii_1,1000,L,0,29,208.598003,0,-749.5074463,1069.177612,282.032547,-0.011,-0.989999995,-0.384999998,-0.006431986,0.133651649,0.016706456,TRUE
10790,1000_radii_1,1000,L,0,29,208.6146727,0,-749.6381226,1069.205444,282.026123,-0.011,-0.989999995,-0.384999998,-0.006429196,0.133593693,0.016699212,TRUE
10791,1000_radii_1,1000,L,0,29,208.6312837,0,-749.7680664,1069.233154,282.0197296,-0.011,-0.989999995,-0.384999998,-0.006392821,0.132837849,0.016604731,TRUE
10792,1000_radii_1,1000,L,0,29,208.6480107,0,-749.8984375,1069.260864,282.0133057,-0.011,-0.989999995,-0.384999998,-0.006414902,0.133296668,0.016662084,TRUE
10793,1000_radii_1,1000,L,0,29,208.6646807,0,-750.0292358,1069.288696,282.0068665,-0.011,-0.989999995,-0.384999998,-0.00643524,0.133719265,0.016714908,TRUE
10794,1000_radii_1,1000,L,0,29,208.6813219,0,-750.1596069,1069.316406,282.0004578,-0.011,-0.989999995,-0.384999998,-0.006414902,0.133296668,0.016662084,TRUE
10795,1000_radii_1,1000,L,0,29,208.6980558,0,-750.2901611,1069.344116,281.9940414,-0.011,-0.989999995,-0.384999998,-0.006421875,0.133441558,0.016680195,TRUE
10796,1000_radii_1,1000,L,0,29,208.7146183,0,-750.4199219,1069.371704,281.9876556,-0.011,-0.989999995,-0.384999998,-0.006383292,0.132639832,0.016579979,TRUE
10797,1000_radii_1,1000,L,0,29,208.7313842,0,-750.5513916,1069.399658,281.9811859,-0.011,-0.989999995,-0.384999998,-0.006469407,0.134429227,0.016803653,TRUE
10798,1000_radii_1,1000,L,0,29,208.7480179,0,-750.6815796,1069.427246,281.9747772,-0.011,-0.989999995,-0.384999998,-0.006405721,0.133105896,0.016638237,TRUE
10799,1000_radii_1,1000,L,0,29,208.7647078,0,-750.8119507,1069.454956,281.9683685,-0.011,-0.989999995,-0.384999998,-0.006413159,0.133260445,0.016657556,TRUE
10800,1000_radii_1,1000,L,0,29,208.7812929,0,-750.9420166,1069.482544,281.9619675,-0.011,-0.989999995,-0.384999998,-0.006397935,0.132944102,0.016618013,TRUE
10801,1000_radii_1,1000,L,0,29,208.7979695,0,-751.0725708,1069.510254,281.9555511,-0.011,-0.989999995,-0.384999998,-0.006421294,0.133429484,0.016678686,TRUE
10802,1000_radii_1,1000,L,0,29,208.8147227,0,-751.203125,1069.537842,281.9491272,-0.011,-0.989999995,-0.384999998,-0.006422224,0.133448803,0.0166811,TRUE
10803,1000_radii_1,1000,L,0,29,208.8313284,0,-751.333313,1069.56543,281.9427261,-0.011,-0.989999995,-0.384999998,-0.006403629,0.133062429,0.016632804,TRUE
10804,1000_radii_1,1000,L,0,29,208.8480089,0,-751.463501,1069.593018,281.9363174,-0.011,-0.989999995,-0.384999998,-0.006402467,0.13303828,0.016629785,TRUE
10805,1000_radii_1,1000,L,0,29,208.864722,0,-751.5950317,1069.62085,281.9298477,-0.011,-0.989999995,-0.384999998,-0.006468593,0.134412323,0.01680154,TRUE
10806,1000_radii_1,1000,L,0,29,208.8812757,0,-751.7243652,1069.648193,281.9234772,-0.011,-0.989999995,-0.384999998,-0.006362954,0.132217235,0.016527154,TRUE
10807,1000_radii_1,1000,L,0,29,208.8980087,0,-751.8555908,1069.675903,281.9170303,-0.011,-0.989999995,-0.384999998,-0.006454531,0.134120128,0.016765016,TRUE
10808,1000_radii_1,1000,L,0,29,208.9146819,0,-751.986084,1069.703491,281.9100266,-0.012,-1.080000009,-0.420000004,-0.007003273,0.133395676,0.01667446,TRUE
10809,1000_radii_1,1000,L,0,29,208.9313208,0,-752.116333,1069.730957,281.9030457,-0.012,-1.080000009,-0.420000004,-0.006987933,0.133103481,0.016637935,TRUE
10810,1000_radii_1,1000,L,0,29,208.9480523,0,-752.2466431,1069.758423,281.8960495,-0.012,-1.080000009,-0.420000004,-0.00699275,0.133195245,0.016649406,TRUE
10811,1000_radii_1,1000,L,0,29,208.9647062,0,-752.3768921,1069.785889,281.889061,-0.012,-1.080000009,-0.420000004,-0.00698806,0.133105896,0.016638237,TRUE
10812,1000_radii_1,1000,L,0,29,208.9814432,0,-752.508667,1069.813599,281.8814011,-0.013,-1.170000024,-0.455000009,-0.00765871,0.134658637,0.01683233,TRUE
10813,1000_radii_1,1000,L,0,29,208.9979851,0,-752.6376343,1069.840698,281.873909,-0.013,-1.170000024,-0.455000009,-0.007496644,0.131809128,0.016476141,TRUE
10814,1000_radii_1,1000,L,0,29,209.0147115,0,-752.769104,1069.868286,281.8656769,-0.014,-1.260000039,-0.490000015,-0.008229649,0.134361612,0.016795201,TRUE
10815,1000_radii_1,1000,L,0,29,209.0313419,0,-752.8988037,1069.895508,281.8569794,-0.015,-1.34999997,-0.524999988,-0.008696407,0.132516675,0.016564584,TRUE
10816,1000_radii_1,1000,L,0,29,209.047956,0,-753.0294189,1069.922974,281.8482132,-0.015,-1.34999997,-0.524999988,-0.008756627,0.133434314,0.016679289,TRUE
10817,1000_radii_1,1000,L,0,29,209.0647246,0,-753.1604614,1069.950439,281.8388443,-0.016000001,-1.440000068,-0.560000027,-0.00937066,0.13386657,0.016733321,TRUE
10818,1000_radii_1,1000,L,0,29,209.081259,0,-753.2901001,1069.977661,281.8295822,-0.016000001,-1.440000068,-0.560000027,-0.009273632,0.132480453,0.016560057,TRUE
10819,1000_radii_1,1000,L,0,29,209.0980008,0,-753.4212646,1070.005127,281.8196106,-0.017000001,-1.530000083,-0.595000032,-0.009967642,0.134018705,0.016752338,TRUE
10820,1000_radii_1,1000,L,0,29,209.1146614,0,-753.5510864,1070.032349,281.8097458,-0.017000001,-1.530000083,-0.595000032,-0.009865088,0.132639832,0.016579979,TRUE
10821,1000_radii_1,1000,L,0,29,209.1313485,0,-753.682373,1070.059814,281.7997742,-0.017000001,-1.530000083,-0.595000032,-0.009975903,0.134129787,0.016766223,TRUE
10822,1000_radii_1,1000,L,0,29,209.1479888,0,-753.8126221,1070.087036,281.7892914,-0.017999999,-1.61999993,-0.629999973,-0.010477715,0.133050355,0.016631294,TRUE
10823,1000_radii_1,1000,L,0,29,209.1646002,0,-753.942688,1070.114136,281.7788315,-0.017999999,-1.61999993,-0.629999973,-0.010464784,0.132886145,0.016610768,TRUE
10824,1000_radii_1,1000,L,0,29,209.181355,0,-754.0736694,1070.141479,281.7682877,-0.017999999,-1.61999993,-0.629999973,-0.010534575,0.133772391,0.016721549,TRUE
10825,1000_radii_1,1000,L,0,29,209.1980113,0,-754.2044067,1070.168701,281.7577744,-0.017999999,-1.61999993,-0.629999973,-0.010518791,0.13357196,0.016696495,TRUE
10826,1000_radii_1,1000,L,0,29,209.2146088,0,-754.3342896,1070.195679,281.7473221,-0.017999999,-1.61999993,-0.629999973,-0.010446908,0.132659151,0.016582394,TRUE
10827,1000_radii_1,1000,L,0,29,209.2312624,0,-754.4643555,1070.222778,281.7368698,-0.017999999,-1.61999993,-0.629999973,-0.010461551,0.132845093,0.016605637,TRUE
10828,1000_radii_1,1000,L,0,29,209.2479629,0,-754.595459,1070.25,281.726326,-0.017999999,-1.61999993,-0.629999973,-0.010543323,0.133883474,0.016735434,TRUE
10829,1000_radii_1,1000,L,0,29,209.2646008,0,-754.7252808,1070.276978,281.7158813,-0.017999999,-1.61999993,-0.629999973,-0.010441203,0.132586706,0.016573338,TRUE
10830,1000_radii_1,1000,L,0,29,209.2812484,0,-754.8564453,1070.304199,281.7053375,-0.017999999,-1.61999993,-0.629999973,-0.010547887,0.13394143,0.016742679,TRUE
10831,1000_radii_1,1000,L,0,29,209.2979189,0,-754.9867554,1070.331177,281.6948547,-0.017999999,-1.61999993,-0.629999973,-0.010479807,0.133076918,0.016634615,TRUE
10832,1000_radii_1,1000,L,0,29,209.3145237,0,-755.1171265,1070.358154,281.6843719,-0.017999999,-1.61999993,-0.629999973,-0.010484371,0.133134874,0.016641859,TRUE
10833,1000_radii_1,1000,L,0,29,209.3312313,0,-755.2479858,1070.385254,281.6738434,-0.017999999,-1.61999993,-0.629999973,-0.010524496,0.133644405,0.016705551,TRUE
10834,1000_radii_1,1000,L,0,29,209.348031,0,-755.3793945,1070.412354,281.6632767,-0.017999999,-1.61999993,-0.629999973,-0.010565763,0.134168425,0.016771053,TRUE
10835,1000_radii_1,1000,L,0,29,209.3646273,0,-755.5095825,1070.439209,281.6528168,-0.017999999,-1.61999993,-0.629999973,-0.010466685,0.132910294,0.016613787,TRUE
10836,1000_radii_1,1000,L,0,29,209.3813145,0,-755.6404419,1070.466187,281.6422958,-0.017999999,-1.61999993,-0.629999973,-0.010520883,0.133598523,0.016699815,TRUE
10837,1000_radii_1,1000,L,0,29,209.3980082,0,-755.7709961,1070.493042,281.6317902,-0.017999999,-1.61999993,-0.629999973,-0.010499394,0.133325646,0.016665706,TRUE
10838,1000_radii_1,1000,L,0,29,209.414606,0,-755.9009399,1070.519775,281.6213455,-0.017999999,-1.61999993,-0.629999973,-0.010447098,0.132661566,0.016582696,TRUE
10839,1000_radii_1,1000,L,0,29,209.4312539,0,-756.0317383,1070.546631,281.6108246,-0.017999999,-1.61999993,-0.629999973,-0.010515559,0.133530907,0.016691363,TRUE
10840,1000_radii_1,1000,L,0,29,209.4479761,0,-756.1627808,1070.573608,281.6002884,-0.017999999,-1.61999993,-0.629999973,-0.010534005,0.133765147,0.016720643,TRUE
10841,1000_radii_1,1000,L,0,29,209.4646822,0,-756.2930908,1070.600342,281.5898209,-0.017999999,-1.61999993,-0.629999973,-0.010475433,0.133021376,0.016627672,TRUE
10842,1000_radii_1,1000,L,0,29,209.481261,0,-756.423645,1070.627075,281.5793228,-0.017999999,-1.61999993,-0.629999973,-0.01049521,0.13327252,0.016659065,TRUE
10843,1000_radii_1,1000,L,0,29,209.498007,0,-756.5548096,1070.653931,281.5687714,-0.017999999,-1.61999993,-0.629999973,-0.010545035,0.133905207,0.016738151,TRUE
10844,1000_radii_1,1000,L,0,29,209.5146015,0,-756.6845703,1070.680542,281.558342,-0.017999999,-1.61999993,-0.629999973,-0.010429792,0.132441815,0.016555227,TRUE
10845,1000_radii_1,1000,L,0,29,209.5312439,0,-756.8153076,1070.707275,281.5478363,-0.017999999,-1.61999993,-0.629999973,-0.010508142,0.133436729,0.016679591,TRUE
10846,1000_radii_1,1000,L,0,29,209.5479299,0,-756.946167,1070.734009,281.537323,-0.017999999,-1.61999993,-0.629999973,-0.010518411,0.13356713,0.016695891,TRUE
10847,1000_radii_1,1000,L,0,29,209.5646792,0,-757.0771484,1070.760742,281.5267944,-0.017999999,-1.61999993,-0.629999973,-0.010527919,0.133687872,0.016710984,TRUE
